400.59	0.03289
400.707	0.03302
400.825	0.03294
400.943	0.03283
401.061	0.0329
401.178	0.03293
401.296	0.03295
401.414	0.03298
401.532	0.03295
401.649	0.0328
401.767	0.03304
401.885	0.03293
402.002	0.03298
402.12	0.03299
402.238	0.03301
402.355	0.03294
402.473	0.03296
402.591	0.03294
402.708	0.03302
402.826	0.03299
402.944	0.03294
403.061	0.03303
403.179	0.03314
403.296	0.03311
403.414	0.03315
403.532	0.03323
403.649	0.03321
403.767	0.03324
403.884	0.0332
404.002	0.03347
404.119	0.03344
404.237	0.03354
404.355	0.03374
404.472	0.03392
404.59	0.03403
404.707	0.03421
404.825	0.03437
404.942	0.03451
405.06	0.03468
405.177	0.03487
405.295	0.03483
405.412	0.03493
405.53	0.03507
405.647	0.03503
405.765	0.03506
405.882	0.03509
406	0.03505
406.117	0.03499
406.234	0.03483
406.352	0.03496
406.469	0.03509
406.587	0.03496
406.704	0.03501
406.822	0.03498
406.939	0.03495
407.056	0.03502
407.174	0.03502
407.291	0.03497
407.408	0.03504
407.526	0.03493
407.643	0.035
407.761	0.03487
407.878	0.03497
407.995	0.03501
408.113	0.03493
408.23	0.03485
408.347	0.03493
408.465	0.03492
408.582	0.03503
408.699	0.03495
408.816	0.03507
408.934	0.03505
409.051	0.03503
409.168	0.03505
409.286	0.03507
409.403	0.03502
409.52	0.03495
409.637	0.03504
409.755	0.03511
409.872	0.03503
409.989	0.03517
410.106	0.03508
410.224	0.03519
410.341	0.03508
410.458	0.03517
410.575	0.0351
410.692	0.03512
410.81	0.03513
410.927	0.03513
411.044	0.03518
411.161	0.03517
411.278	0.03519
411.395	0.03521
411.512	0.03516
411.63	0.03531
411.747	0.03521
411.864	0.03525
411.981	0.03533
412.098	0.03514
412.215	0.03522
412.332	0.0353
412.449	0.03525
412.566	0.03521
412.684	0.03527
412.801	0.0353
412.918	0.03524
413.035	0.03532
413.152	0.03529
413.269	0.03533
413.386	0.03533
413.503	0.03538
413.62	0.03539
413.737	0.03536
413.854	0.03535
413.971	0.03539
414.088	0.03536
414.205	0.03534
414.322	0.03537
414.439	0.03541
414.556	0.03546
414.673	0.03545
414.79	0.03533
414.907	0.03537
415.024	0.03549
415.141	0.03544
415.258	0.03536
415.374	0.0355
415.491	0.03548
415.608	0.03549
415.725	0.03554
415.842	0.0354
415.959	0.0355
416.076	0.03549
416.193	0.03552
416.31	0.03557
416.426	0.03556
416.543	0.03557
416.66	0.03557
416.777	0.03561
416.894	0.03552
417.011	0.03558
417.127	0.03559
417.244	0.03562
417.361	0.03561
417.478	0.03552
417.595	0.03563
417.711	0.03569
417.828	0.03566
417.945	0.03568
418.062	0.03569
418.179	0.0357
418.295	0.03562
418.412	0.03571
418.529	0.03575
418.646	0.0358
418.762	0.03573
418.879	0.03578
418.996	0.03579
419.112	0.03585
419.229	0.03589
419.346	0.03585
419.462	0.0359
419.579	0.03583
419.696	0.03596
419.813	0.03592
419.929	0.03599
420.046	0.03596
420.162	0.03594
420.279	0.03602
420.396	0.03614
420.512	0.0361
420.629	0.03615
420.746	0.03606
420.862	0.03614
420.979	0.03618
421.095	0.0362
421.156	0.03347
421.272	0.03344
421.389	0.03346
421.506	0.03352
421.623	0.03359
421.739	0.03348
421.856	0.03361
421.973	0.03359
422.089	0.03365
422.206	0.03367
422.323	0.0337
422.439	0.03366
422.556	0.03377
422.672	0.03371
422.789	0.03377
422.906	0.03377
423.022	0.03378
423.139	0.03381
423.256	0.03395
423.372	0.0339
423.489	0.03391
423.605	0.03391
423.722	0.03399
423.838	0.03406
423.955	0.03402
424.071	0.03405
424.188	0.03412
424.305	0.03422
424.421	0.03427
424.538	0.03431
424.654	0.03435
424.771	0.03441
424.887	0.03443
425.004	0.03458
425.12	0.0346
425.237	0.03472
425.353	0.03486
425.47	0.03493
425.586	0.03499
425.702	0.03503
425.819	0.03524
425.935	0.03519
426.052	0.03528
426.168	0.03527
426.285	0.0353
426.401	0.03534
426.517	0.03538
426.634	0.03537
426.75	0.03535
426.867	0.03542
426.983	0.03539
427.099	0.03543
427.216	0.03542
427.332	0.03542
427.448	0.03548
427.565	0.03549
427.681	0.03548
427.797	0.03556
427.914	0.03554
428.03	0.03553
428.146	0.03562
428.263	0.0357
428.379	0.03564
428.495	0.03567
428.612	0.03571
428.728	0.03566
428.844	0.03571
428.96	0.03579
429.077	0.03581
429.193	0.0358
429.309	0.03574
429.425	0.03584
429.542	0.03582
429.658	0.03589
429.774	0.03587
429.89	0.03593
430.006	0.03588
430.123	0.03594
430.239	0.03599
430.355	0.03599
430.471	0.03605
430.587	0.036
430.703	0.03598
430.82	0.03612
430.936	0.03614
431.052	0.03609
431.168	0.03614
431.284	0.03615
431.4	0.03616
431.516	0.03617
431.633	0.03614
431.749	0.03626
431.865	0.03622
431.981	0.03634
432.097	0.03632
432.213	0.03629
432.329	0.03626
432.445	0.03639
432.561	0.0363
432.677	0.03638
432.793	0.03643
432.909	0.03642
433.025	0.03652
433.141	0.03645
433.257	0.03644
433.373	0.03646
433.489	0.03647
433.605	0.03657
433.721	0.03656
433.837	0.03657
433.953	0.03655
434.069	0.03659
434.185	0.03666
434.301	0.0367
434.417	0.03666
434.533	0.03667
434.649	0.03675
434.765	0.03672
434.881	0.03674
434.997	0.03682
435.113	0.03676
435.228	0.03676
435.344	0.03679
435.46	0.03677
435.576	0.03684
435.692	0.03686
435.808	0.03684
435.924	0.03684
436.04	0.03693
436.155	0.03694
436.271	0.03691
436.387	0.03697
436.503	0.03703
436.619	0.03702
436.734	0.03699
436.85	0.03707
436.966	0.03709
437.082	0.0371
437.198	0.0371
437.313	0.03704
437.429	0.03721
437.545	0.03708
437.661	0.03718
437.776	0.03713
437.892	0.03715
438.008	0.03722
438.124	0.03725
438.239	0.03728
438.355	0.03727
438.471	0.03729
438.586	0.03733
438.702	0.03734
438.818	0.03732
438.933	0.03734
439.049	0.03733
439.165	0.0374
439.28	0.03741
439.396	0.03745
439.512	0.0374
439.627	0.03746
439.743	0.03747
439.859	0.0375
439.974	0.03751
440.09	0.03758
440.205	0.03758
440.321	0.03757
440.437	0.03756
440.552	0.03758
440.668	0.03759
440.783	0.03759
440.899	0.03758
441.014	0.03764
441.13	0.03774
441.246	0.03767
441.361	0.03773
441.477	0.03779
441.592	0.03776
441.708	0.03778
441.823	0.03786
441.939	0.03781
442.054	0.03789
442.17	0.03781
442.285	0.03784
442.401	0.03796
442.516	0.03784
442.631	0.03797
442.747	0.03787
442.862	0.03798
442.978	0.03788
443.093	0.03793
443.209	0.03802
443.324	0.03802
443.439	0.03803
443.555	0.03806
443.67	0.03807
443.786	0.03815
443.901	0.0381
444.016	0.03811
444.132	0.03812
444.247	0.03818
444.362	0.03822
444.478	0.03824
444.593	0.03824
444.708	0.03827
444.824	0.0382
444.939	0.03821
445.054	0.03832
445.17	0.03833
445.285	0.0383
445.4	0.03844
445.516	0.03839
445.631	0.03837
445.746	0.03837
445.861	0.03841
445.977	0.0385
446.092	0.03851
446.207	0.03851
446.322	0.03847
446.438	0.0385
446.553	0.03852
446.668	0.03846
446.783	0.03858
446.898	0.03858
447.014	0.03857
447.129	0.03866
447.244	0.03862
447.359	0.03864
447.474	0.03865
447.59	0.03868
447.705	0.03868
447.82	0.03876
447.935	0.03877
448.05	0.03879
448.165	0.03876
448.28	0.03878
448.395	0.0388
448.511	0.03877
448.626	0.03889
448.741	0.03881
448.856	0.03895
448.971	0.03892
449.086	0.03889
449.201	0.03892
449.316	0.03892
449.431	0.03896
449.546	0.03894
449.661	0.03897
449.776	0.03904
449.891	0.03899
450.006	0.03901
450.121	0.03902
450.236	0.0391
450.351	0.03911
450.466	0.03913
450.581	0.03909
450.696	0.0391
450.811	0.03908
450.926	0.03916
451.041	0.03909
451.156	0.03917
451.271	0.03916
451.386	0.03924
451.501	0.03919
451.616	0.0392
451.731	0.03918
451.846	0.0392
451.96	0.03934
452.075	0.03921
452.19	0.03935
452.305	0.03923
452.42	0.03929
452.535	0.03924
452.65	0.03925
452.764	0.03937
452.879	0.03933
452.994	0.03933
453.109	0.03931
453.224	0.03934
453.339	0.03938
453.453	0.03937
453.568	0.03941
453.683	0.03944
453.798	0.03947
453.913	0.03944
454.027	0.03944
454.142	0.03944
454.257	0.03945
454.372	0.03942
454.486	0.03943
454.601	0.03948
454.716	0.03946
454.831	0.03949
454.945	0.03952
455.06	0.03954
455.175	0.03948
455.289	0.03947
455.404	0.03953
455.519	0.03947
455.633	0.03957
455.748	0.03954
455.863	0.03957
455.977	0.0396
456.092	0.0396
456.207	0.03959
456.321	0.03953
456.436	0.03953
456.55	0.03955
456.665	0.03956
456.78	0.03964
456.894	0.03965
457.009	0.0396
457.14	0.03868
457.255	0.03865
457.37	0.03863
457.484	0.03859
457.599	0.03861
457.714	0.03853
457.829	0.03862
457.944	0.03861
458.058	0.03858
458.173	0.03859
458.288	0.03857
458.403	0.03858
458.517	0.03854
458.632	0.03853
458.747	0.03865
458.862	0.03852
458.976	0.0386
459.091	0.03856
459.206	0.03858
459.32	0.03865
459.435	0.03857
459.55	0.03861
459.664	0.03867
459.779	0.03866
459.894	0.03864
460.008	0.03861
460.123	0.03864
460.238	0.03868
460.352	0.0387
460.467	0.03875
460.582	0.03865
460.696	0.03874
460.811	0.03875
460.925	0.03876
461.04	0.0388
461.155	0.03887
461.269	0.03899
461.384	0.03896
461.498	0.03902
461.613	0.0391
461.727	0.03904
461.842	0.03906
461.956	0.03912
462.071	0.0391
462.185	0.03917
462.3	0.03905
462.415	0.03909
462.529	0.03901
462.644	0.03903
462.758	0.03908
462.872	0.03905
462.987	0.03904
463.101	0.03905
463.216	0.03899
463.33	0.03903
463.445	0.03908
463.559	0.03907
463.674	0.03911
463.788	0.03903
463.902	0.03901
464.017	0.0391
464.131	0.03908
464.246	0.03905
464.36	0.03901
464.474	0.03897
464.589	0.03904
464.703	0.03902
464.818	0.03907
464.932	0.03911
465.046	0.03898
465.161	0.03907
465.275	0.03894
465.389	0.03902
465.504	0.03905
465.618	0.03903
465.732	0.03906
465.846	0.03909
465.961	0.03906
466.075	0.03907
466.189	0.03898
466.304	0.03897
466.418	0.03903
466.532	0.03905
466.646	0.03903
466.761	0.03905
466.875	0.03905
466.989	0.03907
467.103	0.039
467.217	0.03909
467.332	0.03906
467.446	0.03905
467.56	0.03897
467.674	0.03909
467.788	0.03899
467.903	0.03905
468.017	0.03903
468.131	0.03894
468.245	0.03904
468.359	0.0391
468.473	0.03903
468.588	0.03899
468.702	0.03901
468.816	0.03899
468.93	0.03908
469.044	0.03906
469.158	0.03909
469.272	0.03896
469.386	0.039
469.5	0.03901
469.614	0.03906
469.728	0.03901
469.842	0.03909
469.956	0.03903
470.071	0.03903
470.185	0.03905
470.299	0.03908
470.413	0.03908
470.527	0.03899
470.641	0.03911
470.755	0.03905
470.869	0.03903
470.983	0.03907
471.097	0.03904
471.211	0.03906
471.324	0.039
471.438	0.03905
471.552	0.03909
471.666	0.03905
471.78	0.03913
471.894	0.03912
472.008	0.0391
472.122	0.03902
472.236	0.03908
472.35	0.03917
472.464	0.03901
472.578	0.03912
472.691	0.03907
472.805	0.03911
472.919	0.03907
473.033	0.03906
473.147	0.03913
473.261	0.03909
473.375	0.03907
473.488	0.03908
473.602	0.03908
473.716	0.0391
473.83	0.0391
473.944	0.03907
474.057	0.03915
474.171	0.03911
474.285	0.0391
474.399	0.03908
474.512	0.03915
474.626	0.03914
474.74	0.03916
474.854	0.03914
474.967	0.03921
475.081	0.03914
475.195	0.03915
475.309	0.03913
475.422	0.03919
475.536	0.03911
475.65	0.0391
475.763	0.03912
475.877	0.03918
475.991	0.03921
476.104	0.03923
476.218	0.03914
476.332	0.03914
476.445	0.03916
476.559	0.03915
476.673	0.03918
476.786	0.03923
476.9	0.03916
477.013	0.03926
477.127	0.03921
477.241	0.03933
477.354	0.03929
477.468	0.03921
477.581	0.03923
477.695	0.03922
477.808	0.03927
477.922	0.0392
478.036	0.0393
478.149	0.03928
478.263	0.03928
478.376	0.03923
478.49	0.03927
478.603	0.03928
478.717	0.03931
478.83	0.03933
478.944	0.03927
479.057	0.03933
479.171	0.03933
479.284	0.03936
479.397	0.03932
479.511	0.03939
479.624	0.03932
479.738	0.03937
479.851	0.03938
479.965	0.03936
480.078	0.03939
480.191	0.03938
480.305	0.03937
480.418	0.03946
480.532	0.03944
480.645	0.03939
480.758	0.03932
480.872	0.03936
480.985	0.0394
481.098	0.03944
481.212	0.0394
481.325	0.03936
481.438	0.03945
481.552	0.0394
481.665	0.0394
481.778	0.03942
481.892	0.03939
482.005	0.03945
482.118	0.03933
482.232	0.03939
482.345	0.03946
482.458	0.03949
482.571	0.03946
482.685	0.0394
482.798	0.03944
482.911	0.0394
483.024	0.03948
483.137	0.03948
483.251	0.03951
483.364	0.03952
483.477	0.03944
483.59	0.0395
483.703	0.03949
483.817	0.03949
483.93	0.03949
484.043	0.03953
484.156	0.03953
484.269	0.03949
484.382	0.03959
484.496	0.03952
484.609	0.0395
484.722	0.03951
484.835	0.03952
484.948	0.03949
485.061	0.03958
485.174	0.03952
485.287	0.03958
485.4	0.03956
485.513	0.03956
485.627	0.03959
485.74	0.03965
485.853	0.03958
485.966	0.03961
486.079	0.03959
486.192	0.03966
486.305	0.03965
486.418	0.03966
486.531	0.03965
486.644	0.03972
486.757	0.03966
486.87	0.0397
486.983	0.03972
487.096	0.03972
487.209	0.03973
487.322	0.03971
487.435	0.03972
487.547	0.03968
487.66	0.03976
487.773	0.03973
487.886	0.03982
487.999	0.0398
488.112	0.03985
488.225	0.03981
488.338	0.03982
488.451	0.0398
488.564	0.03985
488.676	0.03984
488.789	0.03985
488.902	0.03989
489.015	0.03991
489.128	0.03993
489.241	0.03993
489.354	0.03994
489.466	0.04
489.579	0.04001
489.692	0.03999
489.805	0.04004
489.918	0.04008
490.03	0.04007
490.143	0.04002
490.256	0.04007
490.369	0.0401
490.481	0.0401
490.594	0.04012
490.707	0.04015
490.82	0.04017
490.932	0.04022
491.045	0.04013
491.158	0.04019
491.27	0.04026
491.383	0.04029
491.496	0.04021
491.609	0.04033
491.721	0.0403
491.834	0.04035
491.947	0.04033
492.059	0.04031
492.172	0.04049
492.284	0.0404
492.397	0.04046
492.51	0.04044
492.622	0.04047
492.735	0.0405
492.848	0.04056
492.96	0.04059
493.073	0.04056
493.185	0.04058
493.298	0.04066
493.41	0.04066
493.523	0.04071
493.636	0.04068
493.748	0.0408
493.861	0.04071
493.973	0.04077
494.086	0.04084
494.198	0.04082
494.311	0.04088
494.423	0.04091
494.536	0.04092
494.648	0.04098
494.761	0.04103
494.873	0.04103
494.986	0.04099
495.098	0.04106
495.211	0.04109
495.323	0.04116
495.435	0.04113
495.548	0.04117
495.66	0.04121
495.773	0.04124
495.885	0.04129
495.997	0.04125
496.11	0.04134
496.222	0.04138
496.335	0.04146
496.447	0.04142
496.559	0.04146
496.672	0.04157
496.784	0.04154
496.896	0.04154
497.009	0.04166
497.121	0.04166
497.233	0.04175
497.346	0.04173
497.458	0.04188
497.57	0.04184
497.683	0.04185
497.795	0.04191
497.907	0.04199
498.019	0.04202
498.132	0.04206
498.244	0.04212
498.356	0.04207
498.468	0.04221
498.581	0.04222
498.693	0.04227
498.805	0.04233
498.917	0.04236
499.03	0.04236
499.142	0.04248
499.254	0.04252
499.366	0.04255
499.478	0.04262
499.59	0.04269
499.703	0.04274
499.815	0.04282
499.927	0.04281
500.039	0.04289
500.151	0.04291
500.263	0.04302
500.375	0.043
500.488	0.04307
500.6	0.04305
500.712	0.0432
500.824	0.04328
500.936	0.04328
501.048	0.04339
501.16	0.04342
501.272	0.0435
501.384	0.04359
501.496	0.04357
501.608	0.04358
501.72	0.04374
501.832	0.0439
501.944	0.04386
502.056	0.04392
502.168	0.04401
502.28	0.04404
502.392	0.04415
502.504	0.04421
502.616	0.04436
502.728	0.0444
502.84	0.04451
502.952	0.04448
503.064	0.04455
503.176	0.04461
503.288	0.04471
503.4	0.04483
503.496	0.04475
503.608	0.04489
503.721	0.04491
503.833	0.04495
503.945	0.04507
504.057	0.04515
504.17	0.04525
504.282	0.04524
504.394	0.04532
504.506	0.0454
504.618	0.0455
504.731	0.04562
504.843	0.04567
504.955	0.04581
505.067	0.04585
505.179	0.04597
505.292	0.04604
505.404	0.04604
505.516	0.04627
505.628	0.04637
505.74	0.04646
505.852	0.04657
505.964	0.04665
506.076	0.04676
506.189	0.04672
506.301	0.04694
506.413	0.04704
506.525	0.04719
506.637	0.0472
506.749	0.04739
506.861	0.0475
506.973	0.04763
507.085	0.0477
507.197	0.04783
507.309	0.04798
507.421	0.04818
507.533	0.04829
507.645	0.04845
507.757	0.04848
507.869	0.04865
507.981	0.04883
508.093	0.049
508.205	0.04915
508.317	0.0493
508.429	0.0494
508.541	0.04949
508.653	0.0497
508.765	0.04969
508.877	0.0498
508.989	0.04998
509.101	0.05009
509.213	0.05021
509.325	0.05031
509.437	0.05043
509.548	0.05061
509.66	0.05069
509.772	0.05084
509.884	0.05095
509.996	0.05108
510.108	0.05128
510.22	0.05142
510.332	0.05154
510.443	0.05173
510.555	0.05183
510.667	0.05193
510.779	0.0522
510.891	0.05218
511.002	0.05238
511.114	0.05258
511.226	0.05272
511.338	0.05283
511.45	0.05299
511.561	0.05307
511.673	0.05335
511.785	0.05339
511.897	0.05362
512.008	0.05374
512.12	0.05394
512.232	0.05408
512.343	0.05426
512.455	0.05443
512.567	0.05455
512.678	0.05469
512.79	0.05493
512.902	0.05514
513.013	0.05524
513.125	0.05539
513.237	0.05567
513.348	0.05583
513.46	0.05606
513.572	0.05614
513.683	0.05632
513.795	0.05651
513.907	0.05672
514.018	0.05691
514.13	0.05701
514.241	0.05717
514.353	0.05743
514.464	0.05769
514.576	0.05777
514.688	0.05797
514.799	0.05811
514.911	0.05841
515.022	0.05858
515.134	0.05882
515.245	0.05892
515.357	0.05916
515.468	0.0593
515.58	0.05948
515.691	0.05978
515.803	0.05995
515.914	0.06014
516.026	0.06032
516.137	0.06057
516.249	0.06073
516.36	0.06094
516.471	0.06121
516.583	0.06129
516.694	0.06153
516.806	0.06177
516.917	0.06195
517.029	0.0622
517.14	0.0623
517.251	0.06251
517.363	0.06278
517.474	0.06304
517.585	0.06322
517.697	0.06343
517.808	0.06367
517.919	0.06382
518.031	0.06405
518.142	0.06425
518.253	0.0645
518.365	0.0647
518.476	0.06493
518.587	0.06516
518.699	0.06538
518.81	0.06562
518.921	0.06581
519.032	0.06591
519.144	0.06622
519.255	0.06647
519.366	0.06661
519.477	0.06692
519.589	0.06693
519.7	0.06728
519.811	0.06749
519.922	0.06775
520.034	0.06779
520.145	0.06814
520.256	0.06829
520.367	0.06858
520.478	0.06869
520.589	0.06903
520.701	0.06929
520.812	0.06947
520.923	0.06954
521.034	0.06985
521.145	0.07019
521.256	0.07034
521.367	0.07056
521.479	0.0707
521.59	0.07097
521.701	0.07122
521.812	0.07126
521.923	0.07152
522.034	0.07174
522.145	0.07197
522.256	0.07214
522.367	0.0723
522.478	0.07246
522.589	0.07287
522.7	0.07292
522.811	0.07316
522.922	0.07325
523.033	0.07364
523.144	0.07382
523.255	0.07407
523.366	0.07404
523.477	0.07435
523.588	0.0746
523.699	0.07478
523.81	0.07502
523.921	0.07517
524.032	0.07532
524.143	0.07547
524.254	0.07568
524.365	0.07578
524.476	0.07601
524.587	0.07629
524.697	0.07622
524.808	0.07648
524.919	0.07679
525.03	0.07693
525.141	0.07714
525.252	0.07729
525.363	0.07744
525.473	0.07754
525.584	0.07769
525.695	0.07785
525.806	0.07806
525.917	0.07822
526.028	0.07838
526.138	0.07866
526.249	0.07872
526.36	0.07875
526.471	0.07917
526.581	0.07932
526.692	0.07928
526.803	0.07949
526.914	0.07962
527.024	0.07986
527.135	0.07996
527.246	0.08024
527.357	0.08027
527.467	0.08047
527.578	0.08054
527.689	0.08071
527.799	0.08067
527.91	0.08101
528.021	0.08104
528.131	0.08115
528.242	0.08141
528.353	0.08149
528.463	0.08154
528.574	0.08165
528.685	0.0818
528.795	0.08188
528.906	0.08212
529.016	0.08223
529.127	0.08223
529.238	0.08233
529.348	0.08244
529.459	0.08265
529.569	0.08286
529.68	0.08299
529.79	0.08305
529.901	0.0831
530.011	0.08316
530.122	0.08327
530.233	0.08338
530.343	0.08356
530.454	0.0836
530.564	0.08369
530.675	0.08379
530.785	0.08393
530.895	0.08404
531.006	0.08415
531.116	0.08426
531.227	0.08425
531.337	0.08453
531.448	0.08437
531.558	0.08461
531.669	0.08469
531.779	0.0848
531.889	0.08491
532	0.08487
532.11	0.08512
532.221	0.08515
532.331	0.08517
532.441	0.08546
532.552	0.08551
532.662	0.08531
532.772	0.08555
532.883	0.08557
532.993	0.08578
533.103	0.08582
533.214	0.08581
533.324	0.08595
533.434	0.086
533.545	0.08617
533.655	0.08614
533.765	0.08612
533.876	0.08617
533.986	0.08627
534.096	0.08651
534.206	0.08638
534.317	0.08661
534.427	0.08652
534.537	0.08658
534.647	0.0867
534.757	0.08664
534.868	0.08676
534.978	0.08703
535.088	0.08688
535.198	0.08707
535.308	0.08699
535.419	0.08725
535.529	0.08721
535.639	0.08723
535.749	0.08734
535.859	0.08736
535.969	0.08745
536.079	0.08743
536.19	0.08757
536.3	0.08756
536.41	0.08755
536.52	0.08774
536.63	0.0878
536.74	0.0878
536.85	0.08783
536.96	0.08786
537.07	0.08801
537.18	0.08799
537.29	0.08803
537.4	0.08804
537.51	0.0881
537.62	0.08817
537.73	0.08821
537.84	0.08826
537.95	0.08824
538.06	0.08836
538.17	0.08847
538.28	0.08851
538.39	0.08838
538.5	0.08852
538.61	0.08852
538.72	0.08862
538.83	0.08865
538.94	0.08856
539.05	0.08868
539.16	0.0887
539.27	0.08876
539.38	0.08867
539.49	0.08883
539.599	0.08886
539.709	0.08897
539.819	0.08881
539.929	0.08899
540.039	0.08892
540.149	0.08881
540.259	0.08908
540.368	0.08915
540.478	0.08912
540.588	0.08914
540.698	0.08922
540.808	0.08927
540.917	0.08924
541.027	0.08927
541.137	0.08937
541.247	0.08937
541.357	0.08943
541.466	0.08931
541.576	0.08957
541.686	0.08954
541.796	0.08948
541.905	0.08953
542.015	0.08973
542.125	0.08954
542.234	0.08971
542.344	0.08969
542.454	0.08973
542.564	0.08973
542.673	0.08982
542.783	0.08971
542.893	0.08977
543.002	0.08992
543.112	0.09013
543.221	0.08991
543.331	0.09005
543.441	0.09009
543.55	0.08995
543.66	0.09022
543.77	0.09009
543.879	0.0901
543.989	0.09025
544.098	0.09026
544.208	0.09044
544.317	0.09032
544.427	0.09049
544.536	0.0904
544.646	0.09047
544.756	0.0906
544.865	0.0906
544.975	0.09058
545.084	0.09049
545.194	0.09056
545.303	0.09073
545.413	0.09082
545.522	0.09083
545.632	0.09076
545.741	0.09094
545.85	0.09081
545.96	0.0909
546.069	0.09089
546.179	0.09106
546.288	0.09105
546.398	0.09113
546.507	0.09119
546.616	0.09123
546.726	0.09119
546.835	0.09115
546.945	0.09125
547.054	0.09128
547.163	0.09127
547.273	0.09138
547.382	0.0914
547.491	0.09158
547.601	0.09158
547.71	0.09151
547.819	0.0916
547.929	0.09181
548.038	0.09167
548.147	0.09169
548.257	0.09181
548.366	0.09169
548.475	0.09187
548.584	0.09183
548.694	0.092
548.803	0.09203
548.912	0.09201
549.021	0.09202
549.131	0.09218
549.24	0.09223
549.349	0.09218
549.458	0.09233
549.567	0.09224
549.677	0.09233
549.786	0.09237
549.895	0.09232
550.004	0.09244
550.113	0.09252
550.222	0.09261
550.332	0.0925
550.441	0.09246
550.55	0.09252
550.659	0.09272
550.768	0.09268
550.877	0.09269
550.986	0.0928
551.095	0.09292
551.204	0.09277
551.314	0.09276
551.423	0.09285
551.532	0.09277
551.641	0.09293
551.75	0.09305
551.859	0.09286
551.968	0.09309
552.077	0.09292
552.186	0.0931
552.295	0.09299
552.404	0.09309
552.513	0.09312
552.622	0.09319
552.731	0.09309
552.84	0.09312
552.949	0.09319
553.058	0.09316
553.167	0.09311
553.276	0.09307
553.385	0.09321
553.493	0.09311
553.602	0.09313
553.711	0.09329
553.82	0.09316
553.929	0.0932
554.038	0.09319
554.147	0.09327
554.256	0.09313
554.365	0.09312
554.473	0.09318
554.582	0.0933
554.691	0.09317
554.8	0.09323
554.909	0.09315
555.018	0.0931
555.126	0.09316
555.235	0.09308
555.344	0.09307
555.453	0.09312
555.562	0.09309
555.67	0.09312
555.779	0.09297
555.888	0.09307
555.997	0.09309
556.105	0.093
556.214	0.09297
556.323	0.09307
556.432	0.09295
556.54	0.09284
556.649	0.09283
556.758	0.09279
556.866	0.09275
556.975	0.09272
557.084	0.09279
557.192	0.09266
557.301	0.0927
557.41	0.09258
557.518	0.0926
557.627	0.09257
557.736	0.09239
557.844	0.09245
557.953	0.09248
558.061	0.09247
558.17	0.09226
558.279	0.09217
558.387	0.09205
558.496	0.09216
558.604	0.09208
558.713	0.09207
558.821	0.09201
558.93	0.09188
559.039	0.09172
559.147	0.09179
559.256	0.09176
559.364	0.09165
559.473	0.09171
559.581	0.09157
559.69	0.09148
559.798	0.09144
559.907	0.09145
560.015	0.09138
560.123	0.09128
560.232	0.09123
560.34	0.0911
560.449	0.09105
560.557	0.091
560.666	0.09085
560.774	0.09089
560.882	0.09086
560.991	0.09064
561.099	0.09067
561.208	0.09059
561.316	0.09042
561.424	0.0905
561.533	0.09036
561.641	0.09032
561.749	0.0902
561.858	0.09007
561.966	0.09008
562.074	0.0901
562.183	0.08988
562.291	0.0898
562.399	0.08976
562.508	0.08962
562.616	0.08966
562.724	0.08955
562.832	0.08948
562.941	0.08936
563.049	0.08938
563.157	0.08929
563.265	0.08926
563.374	0.08912
563.482	0.08905
563.59	0.08894
563.698	0.08874
563.807	0.0887
563.915	0.0887
564.023	0.08863
564.131	0.08847
564.239	0.08833
564.347	0.08836
564.456	0.08821
564.564	0.08805
564.672	0.088
564.78	0.08794
564.888	0.08783
564.996	0.08788
565.104	0.08769
565.212	0.08756
565.321	0.08742
565.429	0.08735
565.537	0.08722
565.645	0.08719
565.753	0.087
565.861	0.08695
565.969	0.08678
566.077	0.08674
566.185	0.0866
566.293	0.08658
566.401	0.08648
566.509	0.08631
566.617	0.08622
566.725	0.08617
566.833	0.08594
566.941	0.08583
567.049	0.0857
567.157	0.08567
567.265	0.08553
567.373	0.08542
567.481	0.0853
567.589	0.08513
567.697	0.08503
567.805	0.08495
567.912	0.08472
568.02	0.08465
568.128	0.08458
568.236	0.08451
568.344	0.08435
568.452	0.08417
568.56	0.08411
568.668	0.08405
568.775	0.08383
568.883	0.0837
568.991	0.08372
569.099	0.08361
569.207	0.08343
569.315	0.08327
569.422	0.08311
569.53	0.08298
569.638	0.08288
569.746	0.08274
569.853	0.08275
569.961	0.08264
570.069	0.08226
570.177	0.08219
570.284	0.08206
570.392	0.08208
570.5	0.08195
570.608	0.08179
570.715	0.08169
570.823	0.08149
570.931	0.08147
571.038	0.08122
571.146	0.08126
571.254	0.08109
571.361	0.08096
571.469	0.08084
571.577	0.08066
571.684	0.08042
571.792	0.08036
571.9	0.08034
572.007	0.08014
572.115	0.07998
572.222	0.07992
572.33	0.07996
572.438	0.07986
572.545	0.07964
572.653	0.07942
572.76	0.07953
572.868	0.07928
572.975	0.07911
573.083	0.07903
573.191	0.07892
573.298	0.07884
573.406	0.07873
573.513	0.07857
573.621	0.07851
573.728	0.07845
573.836	0.0784
573.943	0.07821
574.051	0.07817
574.158	0.07807
574.265	0.07788
574.373	0.07775
574.48	0.07759
574.588	0.07751
574.695	0.07761
574.803	0.07749
574.91	0.07735
575.017	0.07723
575.125	0.07711
575.232	0.077
575.34	0.07686
575.447	0.0769
575.554	0.07663
575.662	0.07672
575.769	0.07653
575.876	0.07652
575.984	0.07637
576.091	0.07632
576.198	0.07622
576.306	0.0761
576.413	0.076
576.52	0.07597
576.627	0.07586
576.735	0.07576
576.842	0.07572
576.949	0.07547
577.057	0.07544
577.164	0.07549
577.271	0.07536
577.378	0.0753
577.485	0.07512
577.593	0.07514
577.7	0.0751
577.807	0.075
577.914	0.07492
578.021	0.0748
578.129	0.07467
578.236	0.07464
578.343	0.07454
578.45	0.07451
578.557	0.07441
578.664	0.07428
578.772	0.07429
578.879	0.0742
578.986	0.07426
579.093	0.07408
579.2	0.074
579.307	0.07399
579.414	0.07396
579.521	0.0738
579.628	0.07379
579.735	0.07368
579.842	0.07358
579.949	0.07356
580.057	0.07352
580.164	0.07343
580.271	0.07336
580.378	0.0734
580.485	0.07319
580.592	0.07313
580.699	0.07317
580.806	0.07311
580.913	0.07295
581.019	0.07294
581.126	0.07294
581.233	0.07278
581.34	0.07264
581.447	0.07281
581.554	0.07265
581.661	0.0726
581.768	0.07254
581.875	0.07245
581.982	0.07248
582.089	0.07235
582.196	0.07231
582.302	0.0723
582.409	0.07217
582.516	0.07218
582.623	0.07199
582.73	0.07199
582.837	0.07191
582.944	0.07177
583.05	0.0718
583.157	0.07171
583.264	0.07175
583.371	0.0717
583.478	0.07167
583.584	0.07142
583.691	0.07149
583.798	0.07142
583.905	0.07141
584.011	0.07135
584.118	0.07136
584.225	0.07121
584.332	0.07118
584.438	0.07118
584.545	0.07118
584.652	0.07112
584.758	0.07106
584.865	0.07107
584.972	0.071
585.079	0.0709
585.185	0.0708
585.292	0.07075
585.399	0.07075
585.505	0.07067
585.612	0.07065
585.718	0.07065
585.825	0.07066
585.932	0.07046
586.038	0.07045
586.145	0.07046
586.251	0.07023
586.358	0.07029
586.465	0.07029
586.571	0.07032
586.678	0.07016
586.784	0.07016
586.891	0.0702
586.997	0.07016
587.104	0.07017
587.21	0.06991
587.317	0.07012
587.423	0.06998
587.53	0.07001
587.636	0.06999
587.743	0.0699
587.849	0.06986
587.956	0.06982
588.062	0.06992
588.169	0.06977
588.275	0.06979
588.382	0.06971
588.488	0.06959
588.594	0.06968
588.701	0.06965
588.807	0.06953
588.914	0.06953
589.02	0.06944
589.126	0.06946
589.233	0.0694
589.339	0.0694
589.445	0.06939
589.552	0.06934
589.658	0.06923
589.764	0.06925
589.871	0.06922
589.977	0.06921
590.083	0.06915
590.19	0.06909
590.296	0.06909
590.402	0.06906
590.509	0.06898
590.615	0.06897
590.721	0.06898
590.827	0.06891
590.934	0.06889
591.04	0.06898
591.146	0.06886
591.252	0.06889
591.359	0.06882
591.465	0.06885
591.571	0.0688
591.677	0.06876
591.783	0.06869
591.889	0.06868
591.996	0.06867
592.102	0.06872
592.208	0.06865
592.314	0.06861
592.42	0.06872
592.526	0.06864
592.633	0.06864
592.739	0.06863
592.845	0.06849
592.951	0.06848
593.057	0.06857
593.163	0.06853
593.269	0.06844
593.375	0.06838
593.481	0.0684
593.587	0.06849
593.693	0.06843
593.799	0.06841
593.905	0.06832
594.011	0.06838
594.117	0.0684
594.223	0.06826
594.329	0.06828
594.435	0.06831
594.541	0.06826
594.647	0.06823
594.753	0.06816
594.859	0.06826
594.965	0.06814
595.071	0.06815
595.177	0.06811
595.283	0.06816
595.389	0.06811
595.495	0.06817
595.601	0.06813
595.707	0.06806
595.813	0.06814
595.918	0.06821
596.024	0.06798
596.13	0.0681
596.236	0.06801
596.342	0.06807
596.448	0.06803
596.554	0.06807
596.659	0.06793
596.765	0.06792
596.871	0.06802
596.977	0.06802
597.083	0.06807
597.188	0.06794
597.294	0.06797
597.4	0.068
597.506	0.06799
597.611	0.06796
597.717	0.06802
597.823	0.06796
597.929	0.06792
598.034	0.06783
598.14	0.06785
598.246	0.0679
598.352	0.06789
598.457	0.06784
598.563	0.06786
598.669	0.06786
598.774	0.0678
598.88	0.06789
598.986	0.0677
599.091	0.06789
599.197	0.06778
599.303	0.06782
599.408	0.06778
599.514	0.06771
599.619	0.06773
599.725	0.06772
599.831	0.06782
599.936	0.06762
600.042	0.06767
600.147	0.0677
600.253	0.06759
600.358	0.0676
600.464	0.06764
600.57	0.06766
600.675	0.06771
600.781	0.06758
600.886	0.06757
600.992	0.06772
601.097	0.06758
601.203	0.06758
601.308	0.06748
601.414	0.06766
601.519	0.06753
601.624	0.06744
601.73	0.06746
601.835	0.06752
601.941	0.06744
602.046	0.06736
602.152	0.06753
602.257	0.06739
602.362	0.06745
602.468	0.06743
602.573	0.06723
602.679	0.06737
602.784	0.06743
602.889	0.06729
602.995	0.06731
603.1	0.06727
603.205	0.06714
603.311	0.06723
603.416	0.06717
603.521	0.06721
603.627	0.06714
603.732	0.06699
603.837	0.06703
603.943	0.06708
604.048	0.06703
604.153	0.06701
604.258	0.06696
604.364	0.06698
604.469	0.06692
604.574	0.0669
604.679	0.06682
604.785	0.06677
604.89	0.0668
604.995	0.06676
605.1	0.06681
605.205	0.06669
605.311	0.06663
605.416	0.06667
605.521	0.06667
605.626	0.06666
605.731	0.0666
605.837	0.06667
605.942	0.06657
606.047	0.06639
606.152	0.06644
606.257	0.06632
606.362	0.06634
606.467	0.06647
606.572	0.06629
606.677	0.06629
606.782	0.06622
606.888	0.06619
606.993	0.06615
607.098	0.06605
607.203	0.06605
607.308	0.06609
607.413	0.06586
607.518	0.06595
607.623	0.06596
607.728	0.06584
607.833	0.0658
607.938	0.06581
608.043	0.06573
608.148	0.06571
608.253	0.06565
608.358	0.0656
608.463	0.06556
608.568	0.06553
608.673	0.06554
608.777	0.06545
608.882	0.06553
608.987	0.06543
609.092	0.06551
609.197	0.06531
609.302	0.06528
609.407	0.06524
609.512	0.06517
609.617	0.06512
609.722	0.06512
609.826	0.06506
609.931	0.06498
610.036	0.06497
610.141	0.06484
610.246	0.0649
610.351	0.06485
610.455	0.06474
610.56	0.0648
610.665	0.06475
610.77	0.06473
610.874	0.06466
610.979	0.06463
611.084	0.06461
611.189	0.06455
611.293	0.06455
611.398	0.06447
611.503	0.06455
611.608	0.06433
611.712	0.06432
611.817	0.06427
611.922	0.0642
612.026	0.06421
612.131	0.06413
612.236	0.06412
612.34	0.06398
612.445	0.06408
612.55	0.06404
612.654	0.06383
612.759	0.06379
612.864	0.06371
612.968	0.06371
613.073	0.06371
613.178	0.06368
613.282	0.06372
613.387	0.06357
613.491	0.0636
613.596	0.06354
613.7	0.06348
613.805	0.06339
613.909	0.06338
614.014	0.0633
614.119	0.06323
614.223	0.06327
614.328	0.06324
614.432	0.06313
614.535	0.06305
614.64	0.06312
614.746	0.063
614.852	0.063
614.957	0.06294
615.063	0.06301
615.168	0.06293
615.274	0.06289
615.379	0.06277
615.485	0.06276
615.59	0.06278
615.696	0.06273
615.801	0.06269
615.906	0.06266
616.012	0.06258
616.117	0.06263
616.223	0.0626
616.328	0.06251
616.434	0.06253
616.539	0.06245
616.644	0.06245
616.75	0.06244
616.855	0.06244
616.961	0.06241
617.066	0.06239
617.171	0.06229
617.277	0.06238
617.382	0.06232
617.487	0.06228
617.593	0.06226
617.698	0.06226
617.803	0.06218
617.909	0.06227
618.014	0.06215
618.119	0.06199
618.224	0.06208
618.33	0.06212
618.435	0.06202
618.54	0.06205
618.645	0.06198
618.751	0.06188
618.856	0.06199
618.961	0.06196
619.066	0.0619
619.172	0.0619
619.277	0.06193
619.382	0.06181
619.487	0.06179
619.592	0.06179
619.697	0.06177
619.803	0.06168
619.908	0.06177
620.013	0.06168
620.118	0.06175
620.223	0.06169
620.328	0.06163
620.433	0.06152
620.538	0.06165
620.644	0.06157
620.749	0.06155
620.854	0.06159
620.959	0.06158
621.064	0.0615
621.169	0.06161
621.274	0.06154
621.379	0.06144
621.484	0.06147
621.589	0.06146
621.694	0.0615
621.799	0.06138
621.904	0.06144
622.009	0.06143
622.114	0.06133
622.219	0.06141
622.324	0.06136
622.429	0.06137
622.534	0.06136
622.639	0.06137
622.744	0.06122
622.849	0.06134
622.954	0.06131
623.059	0.06132
623.163	0.06126
623.268	0.06122
623.373	0.06128
623.478	0.0613
623.583	0.06123
623.688	0.06125
623.793	0.06121
623.898	0.06113
624.002	0.06128
624.107	0.06123
624.212	0.06117
624.317	0.06114
624.422	0.06119
624.526	0.06126
624.631	0.0612
624.736	0.06118
624.841	0.06118
624.946	0.06119
625.05	0.06113
625.155	0.06126
625.26	0.06117
625.365	0.06113
625.469	0.06114
625.574	0.06122
625.679	0.06115
625.783	0.06116
625.888	0.06121
625.993	0.06119
626.097	0.06115
626.202	0.06122
626.307	0.06122
626.411	0.06121
626.516	0.06111
626.621	0.06116
626.725	0.06116
626.83	0.06124
626.935	0.06123
627.039	0.06117
627.144	0.06125
627.248	0.06127
627.353	0.06118
627.458	0.06118
627.562	0.06124
627.667	0.06124
627.771	0.06117
627.876	0.06119
627.98	0.06121
628.085	0.06133
628.189	0.06126
628.294	0.06116
628.398	0.06123
628.503	0.06119
628.607	0.06121
628.712	0.0612
628.816	0.06119
628.921	0.06128
629.025	0.06119
629.13	0.06123
629.234	0.06127
629.339	0.06133
629.443	0.06123
629.547	0.06127
629.652	0.06125
629.756	0.0613
629.861	0.06136
629.965	0.06127
630.069	0.06134
630.174	0.06125
630.278	0.06131
630.382	0.06127
630.487	0.06133
630.591	0.0613
630.695	0.06129
630.8	0.06131
630.904	0.06137
631.008	0.06118
631.113	0.06127
631.217	0.06127
631.321	0.06133
631.425	0.06126
631.53	0.06128
631.634	0.06134
631.738	0.0614
631.842	0.0613
631.947	0.06132
632.051	0.06132
632.155	0.06125
632.259	0.0613
632.363	0.06129
632.468	0.06134
632.572	0.06132
632.676	0.06125
632.78	0.06135
632.884	0.06134
632.988	0.0613
633.093	0.06123
633.197	0.06124
633.301	0.06127
633.405	0.06117
633.509	0.06116
633.613	0.06122
633.717	0.06122
633.821	0.06116
633.925	0.06118
634.03	0.06104
634.134	0.06105
634.238	0.06105
634.342	0.06101
634.446	0.06107
634.55	0.06102
634.654	0.06095
634.758	0.06105
634.862	0.06096
634.966	0.061
635.07	0.06101
635.174	0.06086
635.278	0.06096
635.382	0.06085
635.486	0.06088
635.59	0.06081
635.693	0.06083
635.797	0.0608
635.901	0.06072
636.005	0.06077
636.109	0.0606
636.213	0.06058
636.317	0.06054
636.421	0.06068
636.525	0.06053
636.629	0.06055
636.732	0.06046
636.836	0.06033
636.94	0.06043
637.044	0.06031
637.148	0.06029
637.252	0.06031
637.355	0.06025
637.459	0.0602
637.563	0.06014
637.667	0.0601
637.771	0.0601
637.874	0.06005
637.978	0.06008
638.082	0.05991
638.186	0.05993
638.289	0.05985
638.393	0.05984
638.497	0.05973
638.6	0.0597
638.704	0.05967
638.808	0.05963
638.911	0.05975
639.015	0.05958
639.119	0.05961
639.223	0.05948
639.326	0.05933
639.43	0.05936
639.533	0.05935
639.637	0.05923
639.741	0.0592
639.844	0.05923
639.948	0.05907
640.052	0.05904
640.155	0.05899
640.259	0.05891
640.362	0.05892
640.466	0.05891
640.569	0.05881
640.673	0.05881
640.776	0.0588
640.88	0.05868
640.984	0.05862
641.087	0.05859
641.191	0.05844
641.294	0.05852
641.398	0.05843
641.501	0.05836
641.604	0.0584
641.708	0.05837
641.811	0.05821
641.915	0.05817
642.018	0.05807
642.122	0.05806
642.225	0.05794
642.329	0.05788
642.432	0.05784
642.535	0.05784
642.639	0.05784
642.742	0.05771
642.846	0.05772
642.949	0.05764
643.052	0.05758
643.156	0.05756
643.259	0.05748
643.362	0.05744
643.466	0.0574
643.569	0.05728
643.672	0.05726
643.776	0.05722
643.879	0.05719
643.982	0.05705
644.085	0.05716
644.189	0.05707
644.292	0.05704
644.395	0.05698
644.498	0.0569
644.602	0.05679
644.705	0.05683
644.808	0.05679
644.911	0.0567
645.015	0.05665
645.118	0.05668
645.221	0.05654
645.324	0.05643
645.427	0.05635
645.53	0.05639
645.634	0.05634
645.737	0.05616
645.84	0.05627
645.943	0.05629
646.046	0.05616
646.149	0.05605
646.252	0.05598
646.355	0.05604
646.459	0.05599
646.562	0.05588
646.665	0.05587
646.768	0.05588
646.871	0.05583
646.974	0.05572
647.077	0.05579
647.18	0.05566
647.283	0.05573
647.386	0.05566
647.489	0.05567
647.592	0.05554
647.695	0.0555
647.798	0.05546
647.901	0.05545
648.004	0.05544
648.107	0.05546
648.21	0.05533
648.313	0.0553
648.416	0.05531
648.519	0.05523
648.622	0.05523
648.725	0.05521
648.827	0.05518
648.93	0.0551
649.033	0.05513
649.136	0.05505
649.239	0.05498
649.342	0.0551
649.445	0.05502
649.548	0.05496
649.65	0.05502
649.753	0.05502
649.856	0.05487
649.959	0.05491
650.062	0.0549
650.164	0.05488
650.267	0.05489
650.37	0.05476
650.473	0.05488
650.576	0.05482
650.678	0.05474
650.781	0.05471
650.884	0.05472
650.986	0.05463
651.089	0.05473
651.192	0.05478
651.295	0.05469
651.397	0.05464
651.5	0.05463
651.603	0.05459
651.705	0.05456
651.808	0.0546
651.911	0.0545
652.013	0.05454
652.116	0.05455
652.219	0.05447
652.321	0.05452
652.424	0.05451
652.526	0.05449
652.629	0.05446
652.732	0.05438
652.834	0.05445
652.937	0.05442
653.039	0.05441
653.142	0.05441
653.244	0.0544
653.347	0.05432
653.45	0.05433
653.552	0.0543
653.655	0.05429
653.757	0.05429
653.86	0.05427
653.962	0.05431
654.065	0.05427
654.167	0.05418
654.27	0.05424
654.372	0.05424
654.474	0.05426
654.577	0.05415
654.679	0.05422
654.782	0.05413
654.884	0.05414
654.987	0.05409
655.089	0.0541
655.191	0.05403
655.294	0.05412
655.396	0.05405
655.499	0.05404
655.601	0.05398
655.703	0.05387
655.806	0.05388
655.908	0.05392
656.01	0.05387
656.113	0.05392
656.215	0.05384
656.317	0.05384
656.419	0.05378
656.522	0.0538
656.624	0.05374
656.726	0.05381
656.829	0.05373
656.931	0.05369
657.033	0.05358
657.135	0.05365
657.238	0.05363
657.34	0.05356
657.442	0.05351
657.544	0.05355
657.646	0.05344
657.749	0.05346
657.851	0.05346
657.953	0.05338
658.055	0.05342
658.157	0.05328
658.259	0.05337
658.362	0.0532
658.464	0.0532
658.566	0.05326
658.668	0.05314
658.77	0.05313
658.872	0.05317
658.974	0.05309
659.076	0.05303
659.178	0.05304
659.28	0.05303
659.382	0.05287
659.485	0.05297
659.587	0.0528
659.689	0.05282
659.791	0.05286
659.893	0.0527
659.995	0.05279
660.097	0.0527
660.199	0.0526
660.301	0.05258
660.403	0.05256
660.505	0.0525
660.606	0.05251
660.708	0.05247
660.81	0.05244
660.912	0.05233
661.014	0.05234
661.116	0.05218
661.218	0.05228
661.32	0.05211
661.422	0.05217
661.524	0.05211
661.626	0.05215
661.727	0.05206
661.829	0.05195
661.931	0.05196
662.033	0.05194
662.135	0.05185
662.237	0.05184
662.339	0.05195
662.44	0.05192
662.542	0.0517
662.644	0.05176
662.746	0.05169
662.847	0.05173
662.949	0.05172
663.051	0.05158
663.153	0.05167
663.254	0.05151
663.356	0.05147
663.458	0.05156
663.56	0.05151
663.661	0.05155
663.763	0.05133
663.865	0.05135
663.966	0.05139
664.068	0.0513
664.17	0.05131
664.271	0.0513
664.373	0.05126
664.475	0.0512
664.576	0.05118
664.678	0.0512
664.78	0.05109
664.881	0.05116
664.983	0.05105
665.084	0.05104
665.186	0.05103
665.288	0.05106
665.389	0.05088
665.491	0.05091
665.592	0.05104
665.694	0.05082
665.795	0.05082
665.897	0.05086
665.998	0.05084
666.1	0.0508
666.201	0.05073
666.303	0.05084
666.404	0.0507
666.506	0.05066
666.607	0.05076
666.709	0.05061
666.81	0.05066
666.912	0.05067
667.013	0.05061
667.115	0.05062
667.216	0.05067
667.317	0.05055
667.419	0.05058
667.52	0.05053
667.622	0.05051
667.723	0.05049
667.824	0.05045
667.926	0.05043
668.027	0.05054
668.128	0.05043
668.23	0.0504
668.331	0.05043
668.432	0.05046
668.534	0.05042
668.635	0.05042
668.736	0.05034
668.838	0.05037
668.939	0.05029
669.04	0.05033
669.141	0.05031
669.243	0.05036
669.344	0.05027
669.445	0.05029
669.546	0.05023
669.648	0.05018
669.749	0.05025
669.85	0.0502
669.951	0.05021
670.052	0.05024
670.154	0.05021
670.255	0.05019
670.356	0.05019
670.457	0.05026
670.558	0.05029
670.659	0.0502
670.76	0.05017
670.862	0.05022
670.963	0.05022
671.064	0.05015
671.165	0.05016
671.266	0.0502
671.367	0.05008
671.468	0.05015
671.569	0.05015
671.67	0.05012
671.771	0.05017
671.872	0.0501
671.973	0.05022
672.074	0.05023
672.175	0.0502
672.276	0.05021
672.377	0.05021
672.478	0.0502
672.579	0.05017
672.68	0.0503
672.781	0.05017
672.882	0.05022
672.983	0.05028
673.084	0.05018
673.185	0.05026
673.286	0.05022
673.387	0.05022
673.488	0.05025
673.589	0.05013
673.69	0.0503
673.79	0.05028
673.891	0.05026
673.992	0.05021
674.093	0.05027
674.194	0.05024
674.295	0.05031
674.396	0.05032
674.496	0.05029
674.597	0.05028
674.698	0.05031
674.799	0.05034
674.9	0.05034
675	0.05027
675.101	0.0503
675.202	0.05039
675.303	0.0504
675.403	0.05037
675.504	0.05036
675.605	0.05043
675.706	0.05044
675.806	0.05044
675.907	0.05051
676.008	0.05045
676.108	0.05042
676.209	0.05051
676.31	0.05064
676.41	0.05057
676.511	0.05057
676.612	0.05064
676.712	0.05057
676.813	0.0506
676.914	0.05059
677.014	0.05063
677.115	0.05067
677.215	0.05071
677.316	0.05079
677.417	0.05075
677.517	0.05078
677.618	0.05082
677.718	0.05077
677.819	0.05072
677.919	0.05074
678.02	0.05072
678.12	0.05085
678.221	0.05072
678.321	0.05089
678.422	0.05086
678.522	0.05091
678.623	0.05092
678.723	0.05096
678.824	0.05095
678.924	0.05096
679.025	0.051
679.125	0.05113
679.226	0.05105
679.326	0.05105
679.426	0.05115
679.527	0.0511
679.627	0.0511
679.728	0.05121
679.828	0.05121
679.928	0.05124
680.029	0.05127
680.129	0.05134
680.229	0.05136
680.33	0.05138
680.43	0.05142
680.53	0.05142
680.631	0.05146
680.731	0.05147
680.831	0.05152
680.932	0.05155
681.032	0.05151
681.132	0.05164
681.232	0.05159
681.333	0.05167
681.433	0.05174
681.533	0.05175
681.633	0.05179
681.734	0.05189
681.834	0.05198
681.934	0.05206
682.034	0.05201
682.134	0.05202
682.235	0.05209
682.335	0.05219
682.435	0.05221
682.535	0.05225
682.635	0.05228
682.735	0.05233
682.836	0.0524
682.936	0.05236
683.036	0.05256
683.136	0.05265
683.236	0.05259
683.336	0.05265
683.436	0.05276
683.536	0.05277
683.636	0.05277
683.736	0.05298
683.836	0.05289
683.936	0.05301
684.036	0.05304
684.136	0.05306
684.237	0.05322
684.337	0.0533
684.437	0.0534
684.536	0.05341
684.636	0.05339
684.736	0.05348
684.836	0.05369
684.936	0.05361
685.036	0.05373
685.136	0.05381
685.236	0.05397
685.336	0.05404
685.436	0.05407
685.536	0.05412
685.636	0.05427
685.736	0.05442
685.836	0.05437
685.935	0.05453
686.035	0.05469
686.135	0.05472
686.235	0.05484
686.335	0.05502
686.435	0.05519
686.534	0.0553
686.634	0.05528
686.734	0.05549
686.834	0.05547
686.934	0.05567
687.033	0.05588
687.133	0.05593
687.233	0.05602
687.333	0.05621
687.433	0.05625
687.532	0.05639
687.632	0.05655
687.732	0.05666
687.831	0.05686
687.931	0.057
688.031	0.05719
688.13	0.05727
688.23	0.0574
688.33	0.05759
688.429	0.05779
688.529	0.05798
688.629	0.05813
688.728	0.05829
688.828	0.05852
688.928	0.05862
689.027	0.05886
689.127	0.05906
689.226	0.05923
689.326	0.05956
689.426	0.05963
689.525	0.05988
689.625	0.0601
689.724	0.06025
689.824	0.06061
689.923	0.06071
690.023	0.06101
690.122	0.06113
690.222	0.06152
690.321	0.06175
690.421	0.06199
690.52	0.06216
690.62	0.06236
690.719	0.06259
690.819	0.06308
690.918	0.06324
691.018	0.06353
691.117	0.06382
691.217	0.06408
691.316	0.06439
691.415	0.06464
691.515	0.06503
691.614	0.06532
691.714	0.06567
691.813	0.06593
691.912	0.06618
692.012	0.06648
692.111	0.06685
692.21	0.06725
692.31	0.06749
692.409	0.06786
692.508	0.06816
692.608	0.06854
692.707	0.06877
692.806	0.06913
692.906	0.06951
693.005	0.06995
693.104	0.0703
693.203	0.07073
693.303	0.07118
693.402	0.07152
693.501	0.07186
693.6	0.07232
693.7	0.07282
693.799	0.07319
693.898	0.07364
693.997	0.07403
694.096	0.07468
694.196	0.07487
694.295	0.0753
694.394	0.07581
694.493	0.0764
694.592	0.07675
694.691	0.07725
694.79	0.0777
694.89	0.07819
694.989	0.07844
695.088	0.07907
695.187	0.07958
695.286	0.08009
695.385	0.08041
695.484	0.081
695.583	0.08157
695.682	0.08197
695.781	0.08242
695.88	0.08292
695.979	0.0836
696.078	0.084
696.177	0.08455
696.276	0.08518
696.375	0.0857
696.474	0.08618
696.573	0.08668
696.672	0.08721
696.771	0.08789
696.87	0.08848
696.969	0.08881
697.068	0.08948
697.167	0.09008
697.266	0.09067
697.365	0.09135
697.464	0.09186
697.563	0.09245
697.661	0.09311
697.76	0.09374
697.859	0.09432
697.958	0.09496
698.057	0.09558
698.156	0.09597
698.255	0.09652
698.353	0.09738
698.452	0.09781
698.551	0.09838
698.65	0.09916
698.749	0.0997
698.847	0.10024
698.946	0.10091
699.045	0.10174
699.144	0.10226
699.242	0.10282
699.341	0.10356
699.44	0.10416
699.539	0.1049
699.637	0.10553
699.736	0.1062
699.835	0.10695
699.933	0.10754
700.032	0.1081
700.131	0.10887
700.229	0.10961
700.328	0.11021
700.427	0.11094
700.525	0.11168
700.624	0.11228
700.723	0.11291
700.821	0.11369
700.92	0.11461
701.018	0.11511
701.117	0.11571
701.216	0.11629
701.314	0.11705
701.413	0.1179
701.511	0.11819
701.61	0.11923
701.708	0.11989
701.807	0.12061
701.905	0.12118
702.004	0.12196
702.102	0.12268
702.201	0.12356
702.299	0.12403
702.398	0.12491
702.496	0.12559
702.595	0.12616
702.693	0.12696
702.792	0.12788
702.89	0.12851
702.989	0.12936
703.087	0.13012
703.185	0.13083
703.284	0.13153
703.382	0.13225
703.481	0.13293
703.579	0.13364
703.677	0.13428
703.776	0.13511
703.874	0.13596
703.972	0.13665
704.071	0.13723
704.169	0.13784
704.267	0.1388
704.366	0.13932
704.464	0.14024
704.562	0.14086
704.661	0.14148
704.759	0.14242
704.857	0.14316
704.955	0.14411
705.054	0.14463
705.152	0.14535
705.25	0.14626
705.348	0.14668
705.447	0.14761
705.545	0.14862
705.643	0.14937
705.741	0.15006
705.839	0.15098
705.938	0.1516
706.036	0.1522
706.134	0.15277
706.232	0.15403
706.33	0.15445
706.428	0.15513
706.526	0.1561
706.625	0.15695
706.723	0.15752
706.821	0.15839
706.919	0.15912
707.017	0.15988
707.115	0.16047
707.213	0.16097
707.311	0.16208
707.409	0.16299
707.507	0.16369
707.605	0.16442
707.703	0.16482
707.801	0.16592
707.899	0.16687
707.997	0.16756
708.095	0.16815
708.193	0.16921
708.291	0.16974
708.389	0.17074
708.487	0.17135
708.585	0.17215
708.683	0.17271
708.781	0.1735
708.879	0.17434
708.977	0.17527
709.075	0.17585
709.173	0.17659
709.271	0.17757
709.369	0.1781
709.466	0.17899
709.564	0.17981
709.662	0.18016
709.76	0.1812
709.858	0.18225
709.956	0.18299
710.053	0.18368
710.151	0.1843
710.249	0.18512
710.347	0.18581
710.445	0.18656
710.542	0.18736
710.64	0.18803
710.738	0.1887
710.836	0.18978
710.934	0.19063
711.031	0.19122
711.147	0.19863
711.386	0.20071
711.625	0.20275
711.864	0.20466
712.103	0.20618
712.342	0.20858
712.581	0.21079
712.819	0.21255
713.058	0.21463
713.297	0.21672
713.536	0.21864
713.775	0.22125
714.013	0.22298
714.252	0.22456
714.491	0.22674
714.73	0.22898
714.968	0.23109
715.207	0.23353
715.446	0.23534
715.684	0.23774
715.923	0.23945
716.162	0.24189
716.4	0.24384
716.639	0.24609
716.878	0.24841
717.116	0.25059
717.355	0.25242
717.593	0.25409
717.832	0.25664
718.07	0.25921
718.309	0.26102
718.547	0.26401
718.786	0.26556
719.024	0.268
719.263	0.26985
719.501	0.2722
719.74	0.27436
719.978	0.27695
720.217	0.27877
720.455	0.28137
720.694	0.28362
720.932	0.28553
721.17	0.28787
721.409	0.29032
721.647	0.29258
721.885	0.29471
722.124	0.29707
722.362	0.29968
722.6	0.30107
722.839	0.30348
723.077	0.30567
723.315	0.30772
723.553	0.31052
723.792	0.31236
724.03	0.31428
724.268	0.31683
724.506	0.31922
724.744	0.3217
724.983	0.32375
725.221	0.32594
725.459	0.32829
725.697	0.33025
725.935	0.33269
726.173	0.3346
726.411	0.3366
726.649	0.33839
726.888	0.34099
727.126	0.34218
727.364	0.34452
727.602	0.34719
727.84	0.34891
728.078	0.35058
728.316	0.35349
728.554	0.35569
728.792	0.35799
729.03	0.35967
729.268	0.36203
729.505	0.36358
729.743	0.36564
729.981	0.36738
730.219	0.36963
730.457	0.37148
730.695	0.37373
730.933	0.37474
731.171	0.37742
731.408	0.37893
731.646	0.38066
731.884	0.3824
732.122	0.38516
732.36	0.3867
732.597	0.38899
732.835	0.39025
733.073	0.39225
733.311	0.39382
733.548	0.39567
733.786	0.39748
734.024	0.39882
734.261	0.40037
734.499	0.40182
734.737	0.40254
734.974	0.40502
735.212	0.40657
735.449	0.40839
735.687	0.41009
735.925	0.41149
736.162	0.41308
736.4	0.41498
736.637	0.41631
736.875	0.41781
737.112	0.42026
737.35	0.42092
737.587	0.42229
737.825	0.42347
738.062	0.42458
738.3	0.4262
738.537	0.42756
738.775	0.42876
739.012	0.4307
739.249	0.43108
739.487	0.43237
739.724	0.43389
739.962	0.43518
740.199	0.43608
740.436	0.43816
740.674	0.4388
740.911	0.44047
741.148	0.4415
741.385	0.44314
741.623	0.44376
741.86	0.44476
742.097	0.44603
742.334	0.44721
742.572	0.44841
742.809	0.44982
743.046	0.4507
743.283	0.45114
743.52	0.45235
743.758	0.4529
743.995	0.45467
744.232	0.45516
744.469	0.45624
744.706	0.45782
744.943	0.45917
745.18	0.4597
745.417	0.45984
745.654	0.46053
745.891	0.46237
746.128	0.46272
746.365	0.46295
746.602	0.46437
746.839	0.46444
747.076	0.4665
747.313	0.46657
747.55	0.46751
747.787	0.46764
748.024	0.46847
748.261	0.46909
748.498	0.46976
748.735	0.47178
748.972	0.47199
749.208	0.47225
749.445	0.47395
749.682	0.47416
749.919	0.47418
750.156	0.47418
750.393	0.47543
750.629	0.47591
750.866	0.47605
751.103	0.47688
751.34	0.47708
751.576	0.4783
751.813	0.47876
752.05	0.47946
752.286	0.48054
752.523	0.48127
752.76	0.48151
752.996	0.48171
753.233	0.48201
753.47	0.48338
753.706	0.48353
753.943	0.4838
754.179	0.4848
754.416	0.48442
754.652	0.48524
754.889	0.48515
755.126	0.48614
755.362	0.48611
755.599	0.48551
755.835	0.48673
756.071	0.48735
756.308	0.48837
756.544	0.48893
756.781	0.48884
757.017	0.48916
757.254	0.49022
757.49	0.48983
757.726	0.49034
757.963	0.49035
758.199	0.49065
758.436	0.49097
758.672	0.49029
758.908	0.49129
759.144	0.49028
759.381	0.49155
759.617	0.49166
759.853	0.49131
760.09	0.49105
760.326	0.49254
760.562	0.49269
760.798	0.49208
761.034	0.49212
761.271	0.49298
761.507	0.49266
761.743	0.49312
761.979	0.49304
762.215	0.49375
762.451	0.49363
762.687	0.49427
762.924	0.49481
763.16	0.49487
763.396	0.49547
763.632	0.49536
763.868	0.49528
764.104	0.4953
764.34	0.49512
764.576	0.49586
764.812	0.4965
765.048	0.49606
765.284	0.49683
765.52	0.49683
765.756	0.49606
765.992	0.49659
766.228	0.49787
766.463	0.49834
766.699	0.4983
766.935	0.49884
767.171	0.49925
767.407	0.4989
767.643	0.4986
767.879	0.49936
768.114	0.49911
768.35	0.49961
768.586	0.49963
768.822	0.4994
769.057	0.49916
769.293	0.49996
769.529	0.49947
769.765	0.50003
770	0.50016
770.236	0.49938
770.472	0.50106
770.707	0.50057
770.943	0.50093
771.179	0.5021
771.414	0.50164
771.65	0.5018
771.885	0.50241
772.121	0.50204
772.357	0.50202
772.592	0.50194
772.828	0.50251
773.063	0.50215
773.299	0.50195
773.534	0.50165
773.77	0.50124
774.005	0.50208
774.241	0.50117
774.476	0.50179
774.712	0.50238
774.947	0.50214
775.182	0.50282
775.418	0.50269
775.653	0.50323
775.889	0.50373
776.124	0.50399
776.359	0.50346
776.595	0.50367
776.83	0.50399
777.065	0.50492
777.301	0.50429
777.536	0.504
777.771	0.50481
778.006	0.5049
778.242	0.50412
778.477	0.50394
778.712	0.50333
778.947	0.50332
779.182	0.5036
779.418	0.50396
779.653	0.50387
779.888	0.5034
780.123	0.50416
780.358	0.50509
780.593	0.50527
780.828	0.5062
781.064	0.50603
781.299	0.50596
781.534	0.50577
781.769	0.5062
782.004	0.50622
782.239	0.50623
782.474	0.50618
782.709	0.50618
782.944	0.50532
783.179	0.50609
783.414	0.50466
783.649	0.50588
783.883	0.50551
784.118	0.50577
784.353	0.5057
784.588	0.50681
784.823	0.50746
785.058	0.50745
785.293	0.50797
785.528	0.50732
785.762	0.50741
785.997	0.50845
786.232	0.5076
786.467	0.50792
786.702	0.50761
786.936	0.5069
787.171	0.5064
787.406	0.5073
787.64	0.50618
787.875	0.50638
788.11	0.50711
788.345	0.5061
788.579	0.50641
788.814	0.50723
789.048	0.50783
789.283	0.50821
789.518	0.50854
789.615	0.50929
789.85	0.50878
790.085	0.50857
790.32	0.50893
790.556	0.50869
790.791	0.50955
791.026	0.51067
791.261	0.51009
791.496	0.50932
791.732	0.5101
791.967	0.50953
792.202	0.50953
792.437	0.50959
792.672	0.50994
792.907	0.51032
793.142	0.50991
793.377	0.51012
793.612	0.51079
793.847	0.51001
794.082	0.51028
794.317	0.51104
794.552	0.50979
794.787	0.51073
795.022	0.51134
795.257	0.51087
795.492	0.51127
795.727	0.51099
795.962	0.51143
796.197	0.51148
796.432	0.51142
796.666	0.51202
796.901	0.51169
797.136	0.51098
797.371	0.51142
797.606	0.51162
797.841	0.5121
798.075	0.51186
798.31	0.51222
798.545	0.51279
798.78	0.51166
799.014	0.51182
799.249	0.51208
799.484	0.51178
799.718	0.51244
799.953	0.51322
800.188	0.5131
800.422	0.51214
800.657	0.51177
800.892	0.51151
801.126	0.51225
801.361	0.51189
801.596	0.51271
801.83	0.5119
802.065	0.51214
802.299	0.51175
802.534	0.51241
802.768	0.51238
803.003	0.51291
803.237	0.51228
803.472	0.51302
803.706	0.51276
803.941	0.51284
804.175	0.5127
804.41	0.51265
804.644	0.51334
804.878	0.51412
805.113	0.51503
805.347	0.51349
805.581	0.51387
805.816	0.51386
806.05	0.51378
806.284	0.51416
806.519	0.51355
806.753	0.51514
806.987	0.51423
807.222	0.51398
807.456	0.51506
807.69	0.51431
807.924	0.51416
808.158	0.51413
808.393	0.51435
808.627	0.5142
808.861	0.51417
809.095	0.51385
809.329	0.51419
809.563	0.51498
809.798	0.51437
810.032	0.51451
810.266	0.51485
810.5	0.51552
810.734	0.51476
810.968	0.51528
811.202	0.51549
811.436	0.51528
811.67	0.5149
811.904	0.51452
812.138	0.51448
812.372	0.51531
812.606	0.51485
812.84	0.515
813.074	0.51481
813.308	0.51524
813.542	0.5152
813.776	0.515
814.009	0.51501
814.243	0.51615
814.477	0.51545
814.711	0.51614
814.945	0.51667
815.179	0.51682
815.412	0.51673
815.646	0.51689
815.88	0.51615
816.114	0.51559
816.347	0.51612
816.581	0.51585
816.815	0.51644
817.049	0.51594
817.282	0.51604
817.516	0.51626
817.75	0.51661
817.983	0.51662
818.217	0.51693
818.451	0.51672
818.684	0.51655
818.918	0.51639
819.151	0.51652
819.385	0.51675
819.618	0.51727
819.852	0.51764
820.085	0.51694
820.319	0.51742
820.552	0.51722
820.786	0.51672
821.019	0.51791
821.253	0.51744
821.486	0.5185
821.72	0.51894
821.953	0.51849
822.187	0.51785
822.42	0.51798
822.653	0.51819
822.887	0.51825
823.12	0.51733
823.353	0.51772
823.587	0.5183
823.82	0.51809
824.053	0.51818
824.287	0.51762
824.52	0.51865
824.753	0.51798
824.986	0.51824
825.22	0.51887
825.453	0.51754
825.686	0.51901
825.919	0.51871
826.152	0.51829
826.386	0.5184
826.619	0.51897
826.852	0.51898
827.085	0.51813
827.318	0.51801
827.551	0.5186
827.784	0.51887
828.017	0.51908
828.25	0.51793
828.483	0.519
828.716	0.51828
828.949	0.51813
829.182	0.51839
829.415	0.51922
829.648	0.51874
829.881	0.51936
830.114	0.51985
830.347	0.51973
830.58	0.51924
830.813	0.52019
831.046	0.52041
831.279	0.52034
831.512	0.51956
831.745	0.51945
831.977	0.52002
832.21	0.52032
832.443	0.52022
832.676	0.51986
832.909	0.52005
833.141	0.51966
833.374	0.5198
833.607	0.52016
833.84	0.52067
834.072	0.5199
834.305	0.52085
834.538	0.52004
834.77	0.52029
835.003	0.52072
835.236	0.52084
835.468	0.52088
835.701	0.52101
835.934	0.52216
836.166	0.52153
836.399	0.52113
836.631	0.52127
836.864	0.52184
837.096	0.52155
837.329	0.5222
837.561	0.52225
837.794	0.5212
838.026	0.52166
838.259	0.52245
838.491	0.52143
838.724	0.52182
838.956	0.52194
839.189	0.52132
839.421	0.52178
839.653	0.52076
839.886	0.52141
840.118	0.52041
840.351	0.52113
840.583	0.52203
840.815	0.52136
841.047	0.52088
841.28	0.52128
841.512	0.52134
841.744	0.52285
841.977	0.52136
842.209	0.52228
842.441	0.5222
842.673	0.52264
842.905	0.52257
843.138	0.52344
843.37	0.52253
843.602	0.52299
843.834	0.52348
844.066	0.52297
844.298	0.52374
844.53	0.52312
844.763	0.52228
844.995	0.52243
845.227	0.52362
845.459	0.52325
845.691	0.5228
845.923	0.5234
846.155	0.52339
846.387	0.52362
846.619	0.52246
846.851	0.52335
847.083	0.52366
847.315	0.52329
847.547	0.52367
847.778	0.52452
848.01	0.52392
848.242	0.52422
848.474	0.52453
848.706	0.52463
848.938	0.52553
849.17	0.52503
849.401	0.52594
849.633	0.5252
849.865	0.5251
850.097	0.52517
850.329	0.52471
850.56	0.52387
850.792	0.52468
851.024	0.52398
851.256	0.52486
851.487	0.52354
851.719	0.52418
851.951	0.52483
852.182	0.52358
852.414	0.52426
852.645	0.52321
852.877	0.52361
853.109	0.52438
853.34	0.52369
853.572	0.52493
853.803	0.52522
854.035	0.52475
854.266	0.52643
854.498	0.52548
854.729	0.52616
854.961	0.52627
855.192	0.52587
855.424	0.52536
855.655	0.52629
855.887	0.52718
856.118	0.52688
856.35	0.52559
856.581	0.52667
856.812	0.52645
857.044	0.52561
857.275	0.52724
857.506	0.52636
857.738	0.52602
857.969	0.52644
858.2	0.52572
858.432	0.52567
858.663	0.52582
858.894	0.52563
859.125	0.52559
859.357	0.52546
859.588	0.52627
859.819	0.52618
860.05	0.52614
860.281	0.52614
860.513	0.5272
860.744	0.52732
860.975	0.52753
861.206	0.52706
861.437	0.52714
861.668	0.52748
861.899	0.52766
862.13	0.5277
862.361	0.52717
862.592	0.52696
862.823	0.52736
863.054	0.52723
863.285	0.52666
863.516	0.52669
863.747	0.52675
863.978	0.52796
864.209	0.52748
864.44	0.52747
864.671	0.52728
864.902	0.52709
865.133	0.52656
865.364	0.52783
865.595	0.52695
865.825	0.52758
866.056	0.52693
866.287	0.5285
866.518	0.52917
866.749	0.52849
866.979	0.52874
867.21	0.52877
867.441	0.52856
867.672	0.52919
867.902	0.52872
868.133	0.52997
868.364	0.52836
868.594	0.52852
868.825	0.52887
869.056	0.5289
869.286	0.52925
869.517	0.52806
869.748	0.52922
869.978	0.52757
870.209	0.52771
870.439	0.52773
870.67	0.52769
870.9	0.52811
871.131	0.52861
871.361	0.52843
871.592	0.52844
871.822	0.5293
872.053	0.52831
872.283	0.52796
872.514	0.52982
872.744	0.5301
872.975	0.52868
873.205	0.52967
873.435	0.52926
873.666	0.52962
873.896	0.52978
874.127	0.52929
874.357	0.52953
874.587	0.52967
874.817	0.5284
875.048	0.52884
875.278	0.52913
875.508	0.52865
875.739	0.52835
875.969	0.52877
876.199	0.52825
876.429	0.52896
876.659	0.52836
876.89	0.52903
877.12	0.52875
877.35	0.52855
877.58	0.52905
877.81	0.5288
878.04	0.53025
878.27	0.5296
878.5	0.52991
878.731	0.53046
878.961	0.53007
879.191	0.53061
879.421	0.53049
879.651	0.53129
879.881	0.53078
880.111	0.53104
880.341	0.53131
880.571	0.53072
880.801	0.53045
881.03	0.53152
881.26	0.53059
881.49	0.53022
881.72	0.53069
881.95	0.53132
882.18	0.5295
882.41	0.53173
882.64	0.53028
882.869	0.53017
883.099	0.53109
883.329	0.53074
883.559	0.53023
883.789	0.53021
884.018	0.52979
884.248	0.52984
884.478	0.53003
884.707	0.53082
884.937	0.53074
885.167	0.53032
885.396	0.53144
885.626	0.53071
885.856	0.53119
886.085	0.53129
886.315	0.53136
886.545	0.53167
886.774	0.53153
887.004	0.533
887.233	0.53221
887.463	0.53301
887.692	0.53205
887.922	0.53209
888.151	0.53258
888.381	0.53257
888.61	0.53271
888.84	0.53259
889.069	0.5324
889.299	0.53277
889.528	0.53175
889.757	0.53153
889.987	0.53253
890.216	0.53123
890.446	0.53094
890.675	0.53107
890.904	0.53059
891.134	0.53144
891.363	0.53121
891.592	0.53109
891.821	0.53109
892.051	0.53086
892.28	0.53187
892.509	0.53234
892.738	0.53137
892.968	0.53287
893.197	0.53185
893.426	0.53229
893.655	0.53231
893.884	0.53259
894.113	0.53264
894.343	0.53203
894.572	0.53196
894.801	0.53268
895.03	0.53235
895.259	0.53199
895.488	0.53257
895.717	0.53154
895.946	0.53137
896.175	0.53189
896.404	0.53219
896.633	0.53265
896.862	0.53274
897.091	0.53134
897.32	0.53095
897.549	0.53094
897.778	0.53175
898.007	0.53159
898.236	0.53068
898.464	0.53116
898.693	0.5315
898.922	0.53181
899.151	0.5306
899.38	0.53201
899.609	0.53226
899.837	0.53063
900.066	0.53224
900.295	0.53219
900.524	0.53249
900.752	0.5331
900.981	0.5336
901.21	0.53246
901.439	0.53325
901.667	0.53372
901.896	0.53338
902.125	0.53322
902.353	0.53324
902.582	0.53293
902.81	0.53313
903.039	0.53206
903.268	0.53171
903.496	0.53233
903.725	0.53198
903.953	0.53194
904.182	0.53155
904.41	0.53161
904.639	0.53212
904.867	0.53305
905.096	0.53302
905.324	0.53265
905.553	0.53281
905.781	0.53247
906.009	0.53303
906.238	0.53313
906.466	0.53285
906.695	0.53335
906.923	0.53329
907.151	0.53304
907.38	0.53285
907.608	0.5333
907.836	0.53285
908.064	0.53293
908.293	0.53366
908.521	0.53284
908.749	0.53266
908.977	0.53283
909.206	0.53321
909.434	0.53244
909.662	0.53236
909.89	0.53287
910.118	0.53323
910.347	0.53254
910.575	0.5323
910.803	0.53227
911.031	0.532
911.259	0.53228
911.487	0.53165
911.715	0.53235
911.943	0.53284
912.171	0.53308
912.399	0.5331
912.627	0.5323
912.855	0.53358
913.083	0.53304
913.311	0.53329
913.539	0.53314
913.767	0.5338
913.995	0.5335
914.223	0.53311
914.451	0.53331
914.679	0.53267
914.907	0.53347
915.134	0.53349
915.362	0.5329
915.59	0.53315
915.818	0.53284
916.046	0.53257
916.273	0.53223
916.501	0.53225
916.729	0.53206
916.957	0.53334
917.184	0.53306
917.412	0.53225
917.64	0.53202
917.867	0.53245
918.095	0.53193
918.323	0.53113
918.55	0.53245
918.778	0.53175
919.006	0.53252
919.233	0.53271
919.461	0.53193
919.688	0.53243
919.916	0.53171
920.144	0.53307
920.371	0.5331
920.599	0.53368
920.826	0.53264
921.054	0.53308
921.281	0.5334
921.508	0.53291
921.736	0.53284
921.963	0.53215
922.191	0.53185
922.418	0.5318
922.646	0.5323
922.873	0.53165
923.1	0.53174
923.328	0.5319
923.555	0.5316
923.782	0.53192
924.01	0.53124
924.237	0.53166
924.464	0.53168
924.691	0.53174
924.919	0.5317
925.146	0.53226
925.373	0.53128
925.6	0.53212
925.828	0.53172
926.055	0.53226
926.282	0.5325
926.509	0.53169
926.736	0.53198
926.963	0.53196
927.19	0.53192
927.417	0.53153
927.645	0.53119
927.872	0.53135
928.099	0.53071
928.326	0.53107
928.553	0.53068
928.78	0.53028
929.007	0.53082
929.234	0.53015
929.461	0.53021
929.688	0.53051
929.915	0.53008
930.141	0.53028
930.368	0.53001
930.595	0.53031
930.822	0.53059
931.049	0.5291
931.276	0.52973
931.503	0.52965
931.729	0.52956
931.956	0.52972
932.183	0.53048
932.41	0.52975
932.637	0.52953
932.863	0.52967
933.09	0.52982
933.317	0.53063
933.544	0.5298
933.77	0.52975
933.997	0.53008
934.224	0.52868
934.45	0.52941
934.677	0.52871
934.904	0.52909
935.13	0.52919
935.357	0.52799
935.583	0.52859
935.81	0.52878
936.036	0.52807
936.263	0.52891
936.49	0.52898
936.716	0.52801
936.943	0.52837
937.169	0.5278
937.395	0.52736
937.622	0.52755
937.848	0.52702
938.075	0.52722
938.301	0.52788
938.528	0.52736
938.754	0.52754
938.98	0.52791
939.207	0.52637
939.433	0.52735
939.659	0.52689
939.886	0.52794
940.112	0.52786
940.338	0.52656
940.565	0.5269
940.791	0.52706
941.017	0.5265
941.243	0.52734
941.47	0.52609
941.696	0.5265
941.922	0.52621
942.148	0.52582
942.374	0.52693
942.6	0.52538
942.827	0.52518
943.053	0.52576
943.279	0.52524
943.505	0.52589
943.731	0.52432
943.957	0.52465
944.183	0.52478
944.409	0.52341
944.635	0.52446
944.861	0.52496
945.087	0.5241
945.313	0.52403
945.539	0.52541
945.765	0.52415
945.991	0.52509
946.217	0.52453
946.443	0.52401
946.669	0.52345
946.894	0.52371
947.12	0.5236
947.346	0.52333
947.572	0.52369
947.798	0.52267
948.024	0.52275
948.249	0.52349
948.475	0.5229
948.701	0.52157
948.927	0.52214
949.152	0.52281
949.378	0.52107
949.604	0.52154
949.83	0.52075
950.055	0.522
950.281	0.52104
950.507	0.51966
950.732	0.52012
950.958	0.51973
951.183	0.51998
951.409	0.519
951.635	0.51955
951.86	0.51967
952.086	0.51912
952.311	0.51747
952.537	0.51729
952.762	0.51683
952.988	0.51738
953.213	0.51679
953.439	0.51704
953.664	0.51669
953.89	0.51579
954.115	0.51551
954.34	0.5152
954.566	0.51506
954.791	0.5144
955.017	0.51468
955.242	0.51516
955.467	0.51412
955.693	0.51367
955.918	0.51396
956.143	0.513
956.368	0.51236
956.594	0.51291
956.819	0.51134
957.044	0.51183
957.269	0.51142
957.495	0.51063
957.72	0.51115
957.945	0.51075
958.17	0.5105
958.395	0.51073
958.62	0.51084
958.846	0.51012
959.071	0.50961
959.296	0.50957
959.521	0.51012
959.746	0.50895
959.971	0.50935
960.196	0.50798
960.421	0.50882
960.646	0.50836
960.871	0.50884
961.096	0.50728
961.321	0.50752
961.546	0.50707
961.771	0.50763
961.996	0.50716
962.221	0.50759
962.446	0.50723
962.67	0.50671
962.895	0.50649
963.12	0.50634
963.345	0.50558
963.57	0.50644
963.795	0.50654
964.019	0.5071
964.244	0.5058
964.469	0.50606
964.694	0.50625
964.919	0.50625
965.143	0.50618
965.368	0.50613
965.593	0.50609
965.817	0.50486
966.042	0.50461
966.267	0.50518
966.491	0.50451
966.716	0.50507
966.941	0.50553
967.165	0.50476
967.39	0.50521
967.614	0.50571
967.839	0.50443
968.063	0.50424
968.288	0.50369
968.512	0.5044
968.737	0.50374
968.961	0.50445
969.186	0.50505
969.41	0.50456
969.635	0.50519
969.859	0.50468
970.084	0.50395
970.308	0.50362
970.532	0.50448
970.757	0.5039
970.981	0.50381
971.205	0.504
971.43	0.50401
971.654	0.50338
971.878	0.5038
972.103	0.50332
972.327	0.50422
972.551	0.50399
972.775	0.50356
973	0.50387
973.224	0.50315
973.448	0.50371
973.672	0.50415
973.896	0.50395
974.121	0.50291
974.345	0.5034
974.569	0.50377
974.793	0.50289
975.017	0.50373
975.241	0.50378
975.465	0.50402
975.689	0.50338
975.913	0.50449
976.137	0.50266
976.361	0.50305
976.585	0.50227
976.809	0.50238
977.033	0.50247
977.257	0.50285
977.481	0.50238
977.705	0.50318
977.929	0.50237
978.153	0.50217
978.377	0.50298
978.601	0.50224
978.825	0.50219
979.048	0.50232
979.272	0.50294
979.496	0.50284
979.72	0.50269
979.944	0.50216
980.167	0.50314
980.391	0.50388
980.615	0.50217
980.839	0.50306
981.062	0.50322
981.286	0.50333
981.51	0.50325
981.733	0.50365
981.957	0.50299
982.181	0.50304
982.404	0.5031
982.628	0.50354
982.852	0.50299
983.075	0.50256
983.299	0.50233
983.522	0.50235
983.746	0.50364
983.969	0.50325
984.193	0.50314
984.416	0.50413
984.64	0.50293
984.863	0.50325
985.087	0.50467
985.31	0.50412
985.534	0.5032
985.757	0.50434
985.98	0.50454
986.204	0.50376
986.427	0.50416
986.651	0.50409
986.874	0.50479
987.097	0.50341
987.321	0.50472
987.544	0.50524
987.767	0.5047
987.99	0.50474
988.214	0.50486
988.437	0.50552
988.66	0.50442
988.883	0.50446
989.107	0.50559
989.33	0.50391
989.553	0.50482
989.776	0.50563
989.999	0.50531
990.222	0.50569
990.445	0.50642
990.669	0.50605
990.892	0.50669
991.115	0.50616
991.338	0.50554
991.561	0.50487
991.784	0.50501
992.007	0.50582
992.23	0.50583
992.453	0.50603
992.676	0.50577
992.899	0.50571
993.122	0.50682
993.345	0.5065
993.568	0.50692
993.79	0.50709
994.013	0.50527
994.236	0.50585
994.459	0.50679
994.682	0.50695
994.905	0.50641
995.128	0.50667
995.35	0.50641
995.573	0.50673
995.796	0.50678
996.019	0.50748
996.241	0.5081
996.464	0.50774
996.687	0.50749
996.909	0.5084
997.132	0.50747
997.355	0.50877
997.578	0.50778
997.8	0.50826
998.023	0.5088
998.245	0.50864
998.468	0.50829
998.691	0.50864
998.913	0.50905
999.136	0.50794
999.358	0.50807
999.581	0.50914
999.803	0.50909
1000.03	0.50799
1000.25	0.50899
1000.47	0.50941
1000.69	0.50784
1000.92	0.50938
1001.14	0.5094
1001.36	0.50957
1001.58	0.50891
1001.81	0.50883
1002.03	0.51035
1002.25	0.50953
1002.47	0.51102
1002.69	0.50999
1002.92	0.5104
1003.14	0.50974
1003.36	0.51103
1003.58	0.51087
1003.81	0.51096
1004.03	0.51029
1004.25	0.51031
1004.47	0.51045
1004.69	0.51081
1004.92	0.51051
1005.14	0.51148
1005.36	0.511