400.59	0.03469
400.707	0.03474
400.825	0.03477
400.943	0.03486
401.061	0.03478
401.178	0.03489
401.296	0.03502
401.414	0.0348
401.532	0.03497
401.649	0.03505
401.767	0.03517
401.885	0.03518
402.002	0.03519
402.12	0.03521
402.238	0.03519
402.355	0.03525
402.473	0.03528
402.591	0.03526
402.708	0.03535
402.826	0.03535
402.944	0.03543
403.061	0.03542
403.179	0.0355
403.296	0.03551
403.414	0.03569
403.532	0.03551
403.649	0.03578
403.767	0.03568
403.884	0.03572
404.002	0.0358
404.119	0.03597
404.237	0.0362
404.355	0.03618
404.472	0.03659
404.59	0.03666
404.707	0.03692
404.825	0.03715
404.942	0.03734
405.06	0.03739
405.177	0.03762
405.295	0.0377
405.412	0.03794
405.53	0.03805
405.647	0.03807
405.765	0.0381
405.882	0.038
406	0.03802
406.117	0.03804
406.234	0.0381
406.352	0.03814
406.469	0.0381
406.587	0.03808
406.704	0.03821
406.822	0.03831
406.939	0.03827
407.056	0.03836
407.174	0.03835
407.291	0.03839
407.408	0.0384
407.526	0.03855
407.643	0.03848
407.761	0.03854
407.878	0.03853
407.995	0.03854
408.113	0.0387
408.23	0.03861
408.347	0.03876
408.465	0.03879
408.582	0.03889
408.699	0.03894
408.816	0.03895
408.934	0.03895
409.051	0.03912
409.168	0.03907
409.286	0.03914
409.403	0.03933
409.52	0.03924
409.637	0.03941
409.755	0.03944
409.872	0.03949
409.989	0.03959
410.106	0.03967
410.224	0.03971
410.341	0.03966
410.458	0.03989
410.575	0.03982
410.692	0.03989
410.81	0.0399
410.927	0.03994
411.044	0.04015
411.161	0.04033
411.278	0.04023
411.395	0.04027
411.512	0.04039
411.63	0.04045
411.747	0.04065
411.864	0.04065
411.981	0.04061
412.098	0.04082
412.215	0.04073
412.332	0.04068
412.449	0.0408
412.566	0.04092
412.684	0.04083
412.801	0.04093
412.918	0.04099
413.035	0.04115
413.152	0.04121
413.269	0.04119
413.386	0.04118
413.503	0.04125
413.62	0.04139
413.737	0.04131
413.854	0.04135
413.971	0.04133
414.088	0.04149
414.205	0.04142
414.322	0.04155
414.439	0.04158
414.556	0.04152
414.673	0.0415
414.79	0.0416
414.907	0.04149
415.024	0.04144
415.141	0.04153
415.258	0.04142
415.374	0.04157
415.491	0.04156
415.608	0.04154
415.725	0.04153
415.842	0.04154
415.959	0.04147
416.076	0.04146
416.193	0.04159
416.31	0.04147
416.426	0.04137
416.543	0.04141
416.66	0.04146
416.777	0.0413
416.894	0.04133
417.011	0.04133
417.127	0.04129
417.244	0.04128
417.361	0.04121
417.478	0.04121
417.595	0.04118
417.711	0.04115
417.828	0.04122
417.945	0.04113
418.062	0.04109
418.179	0.04105
418.295	0.04101
418.412	0.04102
418.529	0.04107
418.646	0.04109
418.762	0.04102
418.879	0.0411
418.996	0.04112
419.112	0.04103
419.229	0.04104
419.346	0.04106
419.462	0.041
419.579	0.04105
419.696	0.04105
419.813	0.04107
419.929	0.04121
420.046	0.0411
420.162	0.04113
420.279	0.04123
420.396	0.04127
420.512	0.04121
420.629	0.04128
420.746	0.04134
420.862	0.04142
420.979	0.04141
421.095	0.04141
421.156	0.03759
421.272	0.03756
421.389	0.03773
421.506	0.03771
421.623	0.03777
421.739	0.03785
421.856	0.0378
421.973	0.03796
422.089	0.03803
422.206	0.03794
422.323	0.03799
422.439	0.03808
422.556	0.03812
422.672	0.03818
422.789	0.03831
422.906	0.03841
423.022	0.03831
423.139	0.03832
423.256	0.03845
423.372	0.0385
423.489	0.03861
423.605	0.03855
423.722	0.03865
423.838	0.0387
423.955	0.03879
424.071	0.03888
424.188	0.03882
424.305	0.03893
424.421	0.03892
424.538	0.03905
424.654	0.03916
424.771	0.03924
424.887	0.03938
425.004	0.03944
425.12	0.03955
425.237	0.03966
425.353	0.03992
425.47	0.03995
425.586	0.04005
425.702	0.04014
425.819	0.04028
425.935	0.04024
426.052	0.04045
426.168	0.04047
426.285	0.04047
426.401	0.04047
426.517	0.04051
426.634	0.04051
426.75	0.04059
426.867	0.04067
426.983	0.04066
427.099	0.04059
427.216	0.0407
427.332	0.04074
427.448	0.04075
427.565	0.04079
427.681	0.04097
427.797	0.041
427.914	0.04103
428.03	0.04108
428.146	0.04101
428.263	0.04106
428.379	0.04121
428.495	0.04125
428.612	0.04133
428.728	0.04132
428.844	0.04131
428.96	0.0414
429.077	0.04142
429.193	0.04139
429.309	0.0414
429.425	0.04144
429.542	0.0415
429.658	0.04161
429.774	0.04173
429.89	0.04163
430.006	0.04178
430.123	0.04172
430.239	0.04174
430.355	0.04179
430.471	0.04184
430.587	0.04189
430.703	0.04194
430.82	0.04201
430.936	0.04201
431.052	0.04205
431.168	0.04209
431.284	0.04208
431.4	0.04206
431.516	0.04213
431.633	0.04219
431.749	0.04227
431.865	0.04226
431.981	0.04227
432.097	0.04238
432.213	0.04238
432.329	0.04252
432.445	0.04253
432.561	0.04247
432.677	0.0425
432.793	0.0426
432.909	0.04262
433.025	0.04264
433.141	0.04269
433.257	0.0427
433.373	0.04273
433.489	0.0428
433.605	0.04276
433.721	0.04285
433.837	0.04289
433.953	0.04288
434.069	0.04303
434.185	0.04306
434.301	0.04301
434.417	0.04311
434.533	0.04308
434.649	0.04316
434.765	0.04322
434.881	0.04322
434.997	0.04329
435.113	0.04328
435.228	0.04331
435.344	0.04336
435.46	0.0434
435.576	0.04342
435.692	0.04354
435.808	0.04346
435.924	0.0435
436.04	0.04358
436.155	0.04361
436.271	0.04362
436.387	0.04373
436.503	0.04382
436.619	0.04373
436.734	0.04376
436.85	0.04376
436.966	0.0439
437.082	0.04393
437.198	0.04396
437.313	0.04394
437.429	0.04398
437.545	0.04405
437.661	0.04414
437.776	0.04414
437.892	0.04416
438.008	0.04413
438.124	0.04424
438.239	0.0442
438.355	0.04431
438.471	0.04429
438.586	0.04433
438.702	0.04434
438.818	0.04441
438.933	0.04443
439.049	0.04444
439.165	0.04462
439.28	0.04457
439.396	0.04455
439.512	0.04454
439.627	0.04462
439.743	0.0447
439.859	0.04468
439.974	0.04476
440.09	0.04488
440.205	0.04485
440.321	0.04488
440.437	0.04484
440.552	0.04491
440.668	0.04495
440.783	0.04493
440.899	0.04497
441.014	0.04509
441.13	0.04516
441.246	0.04511
441.361	0.04518
441.477	0.04522
441.592	0.04526
441.708	0.0453
441.823	0.04522
441.939	0.04534
442.054	0.04535
442.17	0.04533
442.285	0.04535
442.401	0.04539
442.516	0.04545
442.631	0.0454
442.747	0.04548
442.862	0.04556
442.978	0.04559
443.093	0.0456
443.209	0.04567
443.324	0.0456
443.439	0.0458
443.555	0.04574
443.67	0.04572
443.786	0.04576
443.901	0.04572
444.016	0.04581
444.132	0.0458
444.247	0.04592
444.362	0.04594
444.478	0.04591
444.593	0.04592
444.708	0.0459
444.824	0.04595
444.939	0.04603
445.054	0.04611
445.17	0.04605
445.285	0.04616
445.4	0.04619
445.516	0.04613
445.631	0.0461
445.746	0.04617
445.861	0.04627
445.977	0.04625
446.092	0.04625
446.207	0.04635
446.322	0.04627
446.438	0.04645
446.553	0.04638
446.668	0.04644
446.783	0.04658
446.898	0.04649
447.014	0.04651
447.129	0.04662
447.244	0.04658
447.359	0.04663
447.474	0.04662
447.59	0.04665
447.705	0.04659
447.82	0.04677
447.935	0.04674
448.05	0.04677
448.165	0.04679
448.28	0.04679
448.395	0.04691
448.511	0.04695
448.626	0.0468
448.741	0.0469
448.856	0.04691
448.971	0.047
449.086	0.04697
449.201	0.04701
449.316	0.04707
449.431	0.04709
449.546	0.04704
449.661	0.04705
449.776	0.04706
449.891	0.04706
450.006	0.04722
450.121	0.04724
450.236	0.04718
450.351	0.04725
450.466	0.04729
450.581	0.04732
450.696	0.04735
450.811	0.04734
450.926	0.04736
451.041	0.04751
451.156	0.04742
451.271	0.04745
451.386	0.04748
451.501	0.04746
451.616	0.04745
451.731	0.04755
451.846	0.04755
451.96	0.04764
452.075	0.04756
452.19	0.04758
452.305	0.0476
452.42	0.04762
452.535	0.0476
452.65	0.04773
452.764	0.04758
452.879	0.04774
452.994	0.04763
453.109	0.0478
453.224	0.0478
453.339	0.04773
453.453	0.04781
453.568	0.04774
453.683	0.04778
453.798	0.0478
453.913	0.04785
454.027	0.04786
454.142	0.04791
454.257	0.04792
454.372	0.04795
454.486	0.04793
454.601	0.04792
454.716	0.04808
454.831	0.04799
454.945	0.04803
455.06	0.04799
455.175	0.04792
455.289	0.04805
455.404	0.04808
455.519	0.04803
455.633	0.04801
455.748	0.04805
455.863	0.04809
455.977	0.04809
456.092	0.04809
456.207	0.04819
456.321	0.04808
456.436	0.04819
456.55	0.04826
456.665	0.04821
456.78	0.04824
456.894	0.04824
457.009	0.04818
457.14	0.04726
457.255	0.0473
457.37	0.04728
457.484	0.04736
457.599	0.04726
457.714	0.04738
457.829	0.04731
457.944	0.04737
458.058	0.04736
458.173	0.04732
458.288	0.04736
458.403	0.04725
458.517	0.04734
458.632	0.04734
458.747	0.04731
458.862	0.04742
458.976	0.04742
459.091	0.0474
459.206	0.04745
459.32	0.04738
459.435	0.0474
459.55	0.0475
459.664	0.04743
459.779	0.04731
459.894	0.04751
460.008	0.04744
460.123	0.04749
460.238	0.04751
460.352	0.0475
460.467	0.04755
460.582	0.04772
460.696	0.04768
460.811	0.04767
460.925	0.04772
461.04	0.04774
461.155	0.04786
461.269	0.04797
461.384	0.04796
461.498	0.04804
461.613	0.04814
461.727	0.04809
461.842	0.04804
461.956	0.04808
462.071	0.04809
462.185	0.04815
462.3	0.04806
462.415	0.04815
462.529	0.048
462.644	0.04817
462.758	0.04816
462.872	0.04813
462.987	0.04817
463.101	0.04812
463.216	0.04822
463.33	0.04823
463.445	0.04809
463.559	0.04819
463.674	0.04815
463.788	0.04819
463.902	0.04822
464.017	0.04813
464.131	0.04822
464.246	0.04834
464.36	0.04816
464.474	0.04821
464.589	0.04821
464.703	0.04826
464.818	0.04816
464.932	0.04832
465.046	0.04823
465.161	0.04849
465.275	0.04822
465.389	0.04827
465.504	0.04837
465.618	0.04819
465.732	0.04832
465.846	0.04829
465.961	0.04826
466.075	0.04836
466.189	0.04836
466.304	0.04834
466.418	0.04839
466.532	0.04837
466.646	0.0483
466.761	0.04837
466.875	0.04839
466.989	0.04829
467.103	0.04841
467.217	0.04838
467.332	0.04833
467.446	0.04843
467.56	0.04836
467.674	0.04845
467.788	0.04842
467.903	0.04842
468.017	0.04844
468.131	0.04855
468.245	0.04852
468.359	0.04851
468.473	0.04848
468.588	0.04857
468.702	0.0485
468.816	0.04852
468.93	0.04853
469.044	0.04861
469.158	0.04857
469.272	0.04857
469.386	0.04853
469.5	0.04859
469.614	0.04858
469.728	0.04854
469.842	0.04866
469.956	0.04859
470.071	0.04863
470.185	0.04855
470.299	0.04855
470.413	0.04852
470.527	0.04864
470.641	0.04867
470.755	0.04863
470.869	0.04863
470.983	0.04863
471.097	0.04863
471.211	0.04869
471.324	0.04865
471.438	0.04867
471.552	0.04862
471.666	0.04868
471.78	0.04872
471.894	0.04866
472.008	0.04884
472.122	0.04881
472.236	0.04874
472.35	0.04879
472.464	0.04874
472.578	0.04881
472.691	0.04878
472.805	0.04883
472.919	0.04879
473.033	0.0488
473.147	0.04889
473.261	0.04889
473.375	0.04889
473.488	0.04881
473.602	0.04885
473.716	0.04877
473.83	0.04888
473.944	0.04883
474.057	0.04894
474.171	0.04888
474.285	0.0489
474.399	0.04894
474.512	0.04891
474.626	0.04894
474.74	0.04889
474.854	0.04892
474.967	0.04898
475.081	0.04897
475.195	0.049
475.309	0.04892
475.422	0.04897
475.536	0.04889
475.65	0.04905
475.763	0.04899
475.877	0.04905
475.991	0.04907
476.104	0.04906
476.218	0.04907
476.332	0.04905
476.445	0.04904
476.559	0.049
476.673	0.04902
476.786	0.04913
476.9	0.04912
477.013	0.04924
477.127	0.04918
477.241	0.0492
477.354	0.04915
477.468	0.04917
477.581	0.04921
477.695	0.0492
477.808	0.04916
477.922	0.04923
478.036	0.04918
478.149	0.04927
478.263	0.04938
478.376	0.04937
478.49	0.04935
478.603	0.04935
478.717	0.04937
478.83	0.04935
478.944	0.04932
479.057	0.04942
479.171	0.04939
479.284	0.04937
479.397	0.04938
479.511	0.04941
479.624	0.0494
479.738	0.04947
479.851	0.04942
479.965	0.04946
480.078	0.04948
480.191	0.04946
480.305	0.04947
480.418	0.04947
480.532	0.04952
480.645	0.04956
480.758	0.04953
480.872	0.04954
480.985	0.04954
481.098	0.04957
481.212	0.04961
481.325	0.04951
481.438	0.04964
481.552	0.04966
481.665	0.04958
481.778	0.04955
481.892	0.04958
482.005	0.04963
482.118	0.04956
482.232	0.04968
482.345	0.04967
482.458	0.04961
482.571	0.0496
482.685	0.0497
482.798	0.04977
482.911	0.04972
483.024	0.04969
483.137	0.04961
483.251	0.04967
483.364	0.04972
483.477	0.0497
483.59	0.04973
483.703	0.04978
483.817	0.0498
483.93	0.04993
484.043	0.04986
484.156	0.04979
484.269	0.04989
484.382	0.04987
484.496	0.04995
484.609	0.04982
484.722	0.04998
484.835	0.04992
484.948	0.04995
485.061	0.04985
485.174	0.04996
485.287	0.05
485.4	0.05001
485.513	0.04993
485.627	0.04996
485.74	0.04999
485.853	0.05011
485.966	0.05004
486.079	0.05003
486.192	0.0501
486.305	0.05016
486.418	0.0502
486.531	0.05014
486.644	0.05017
486.757	0.05024
486.87	0.0502
486.983	0.05019
487.096	0.05024
487.209	0.05023
487.322	0.05025
487.435	0.05035
487.547	0.05042
487.66	0.05041
487.773	0.0504
487.886	0.05043
487.999	0.0504
488.112	0.05049
488.225	0.05041
488.338	0.05056
488.451	0.05052
488.564	0.05059
488.676	0.0505
488.789	0.0505
488.902	0.05066
489.015	0.0506
489.128	0.05066
489.241	0.05068
489.354	0.05063
489.466	0.05067
489.579	0.05076
489.692	0.05076
489.805	0.05077
489.918	0.05085
490.03	0.05088
490.143	0.05092
490.256	0.05093
490.369	0.05085
490.481	0.05094
490.594	0.05101
490.707	0.05107
490.82	0.05104
490.932	0.05117
491.045	0.05115
491.158	0.05112
491.27	0.05121
491.383	0.05113
491.496	0.05123
491.609	0.05122
491.721	0.05127
491.834	0.05133
491.947	0.05141
492.059	0.05134
492.172	0.05142
492.284	0.05149
492.397	0.05155
492.51	0.05153
492.622	0.05164
492.735	0.05156
492.848	0.05163
492.96	0.0517
493.073	0.0517
493.185	0.05183
493.298	0.0518
493.41	0.05178
493.523	0.05186
493.636	0.05194
493.748	0.05189
493.861	0.05197
493.973	0.05201
494.086	0.05211
494.198	0.05211
494.311	0.05213
494.423	0.05227
494.536	0.05226
494.648	0.05233
494.761	0.05234
494.873	0.05237
494.986	0.05251
495.098	0.05243
495.211	0.05251
495.323	0.05251
495.435	0.05259
495.548	0.0527
495.66	0.05267
495.773	0.05267
495.885	0.05272
495.997	0.05282
496.11	0.05275
496.222	0.05288
496.335	0.05288
496.447	0.05299
496.559	0.05293
496.672	0.05308
496.784	0.05311
496.896	0.05309
497.009	0.05322
497.121	0.05331
497.233	0.05341
497.346	0.05343
497.458	0.05349
497.57	0.05354
497.683	0.05368
497.795	0.05364
497.907	0.05375
498.019	0.05376
498.132	0.05387
498.244	0.05393
498.356	0.05391
498.468	0.054
498.581	0.05408
498.693	0.05408
498.805	0.05429
498.917	0.05423
499.03	0.05434
499.142	0.0544
499.254	0.05434
499.366	0.05457
499.478	0.05458
499.59	0.05467
499.703	0.05472
499.815	0.05477
499.927	0.05481
500.039	0.05503
500.151	0.05498
500.263	0.05506
500.375	0.05519
500.488	0.0552
500.6	0.05528
500.712	0.05538
500.824	0.05537
500.936	0.05558
501.048	0.0556
501.16	0.05557
501.272	0.05575
501.384	0.0558
501.496	0.05591
501.608	0.05604
501.72	0.05611
501.832	0.05608
501.944	0.05619
502.056	0.0563
502.168	0.05641
502.28	0.05654
502.392	0.05665
502.504	0.05655
502.616	0.05679
502.728	0.05688
502.84	0.05693
502.952	0.05705
503.064	0.05716
503.176	0.05717
503.288	0.05736
503.4	0.0575
503.496	0.05767
503.608	0.05774
503.721	0.05795
503.833	0.05798
503.945	0.05808
504.057	0.05812
504.17	0.05829
504.282	0.05837
504.394	0.05845
504.506	0.05853
504.618	0.05868
504.731	0.05882
504.843	0.05887
504.955	0.05908
505.067	0.05905
505.179	0.05928
505.292	0.0594
505.404	0.05949
505.516	0.0596
505.628	0.05981
505.74	0.05991
505.852	0.05995
505.964	0.06011
506.076	0.06028
506.189	0.06044
506.301	0.06046
506.413	0.06067
506.525	0.06073
506.637	0.0609
506.749	0.06105
506.861	0.06121
506.973	0.06137
507.085	0.06151
507.197	0.06164
507.309	0.06178
507.421	0.06201
507.533	0.06214
507.645	0.0623
507.757	0.06259
507.869	0.06279
507.981	0.06287
508.093	0.06311
508.205	0.06326
508.317	0.06344
508.429	0.06356
508.541	0.06373
508.653	0.06392
508.765	0.064
508.877	0.06414
508.989	0.06433
509.101	0.06431
509.213	0.06472
509.325	0.06476
509.437	0.06497
509.548	0.06515
509.66	0.06534
509.772	0.06532
509.884	0.06575
509.996	0.06577
510.108	0.06604
510.22	0.06629
510.332	0.06637
510.443	0.06657
510.555	0.06672
510.667	0.06694
510.779	0.06714
510.891	0.06723
511.002	0.06754
511.114	0.06781
511.226	0.06792
511.338	0.06821
511.45	0.06829
511.561	0.06847
511.673	0.06865
511.785	0.0689
511.897	0.069
512.008	0.06923
512.12	0.06954
512.232	0.0696
512.343	0.06993
512.455	0.07009
512.567	0.07038
512.678	0.07058
512.79	0.07072
512.902	0.07099
513.013	0.07126
513.125	0.0714
513.237	0.07164
513.348	0.07186
513.46	0.07195
513.572	0.07239
513.683	0.07262
513.795	0.07277
513.907	0.07298
514.018	0.07328
514.13	0.07345
514.241	0.07375
514.353	0.07405
514.464	0.07425
514.576	0.07443
514.688	0.07461
514.799	0.07494
514.911	0.07521
515.022	0.07551
515.134	0.07579
515.245	0.07581
515.357	0.07624
515.468	0.07649
515.58	0.07682
515.691	0.07706
515.803	0.07726
515.914	0.07753
516.026	0.07789
516.137	0.07808
516.249	0.07838
516.36	0.07861
516.471	0.07882
516.583	0.07912
516.694	0.07944
516.806	0.07969
516.917	0.07993
517.029	0.08022
517.14	0.08051
517.251	0.08073
517.363	0.08099
517.474	0.08126
517.585	0.08155
517.697	0.08173
517.808	0.08216
517.919	0.08235
518.031	0.08275
518.142	0.08302
518.253	0.08326
518.365	0.08358
518.476	0.08387
518.587	0.08417
518.699	0.08442
518.81	0.0846
518.921	0.08494
519.032	0.08521
519.144	0.08541
519.255	0.08587
519.366	0.0861
519.477	0.08636
519.589	0.08669
519.7	0.08709
519.811	0.08723
519.922	0.08754
520.034	0.08785
520.145	0.08805
520.256	0.08838
520.367	0.08866
520.478	0.08897
520.589	0.08928
520.701	0.08951
520.812	0.08986
520.923	0.09009
521.034	0.09049
521.145	0.09058
521.256	0.09098
521.367	0.09135
521.479	0.09159
521.59	0.09196
521.701	0.09215
521.812	0.09248
521.923	0.09278
522.034	0.09308
522.145	0.09333
522.256	0.09366
522.367	0.09379
522.478	0.0941
522.589	0.09442
522.7	0.0947
522.811	0.09496
522.922	0.09525
523.033	0.09559
523.144	0.09563
523.255	0.09606
523.366	0.09631
523.477	0.09659
523.588	0.09687
523.699	0.09716
523.81	0.09747
523.921	0.09759
524.032	0.09788
524.143	0.09813
524.254	0.09849
524.365	0.0987
524.476	0.09892
524.587	0.09927
524.697	0.0995
524.808	0.0999
524.919	0.10014
525.03	0.10029
525.141	0.10046
525.252	0.10058
525.363	0.10091
525.473	0.10121
525.584	0.10132
525.695	0.10173
525.806	0.102
525.917	0.10215
526.028	0.10253
526.138	0.10277
526.249	0.10295
526.36	0.10308
526.471	0.10342
526.581	0.10361
526.692	0.10385
526.803	0.104
526.914	0.10425
527.024	0.10445
527.135	0.10467
527.246	0.10492
527.357	0.10512
527.467	0.10524
527.578	0.10543
527.689	0.10584
527.799	0.10589
527.91	0.10609
528.021	0.10645
528.131	0.10648
528.242	0.10667
528.353	0.10683
528.463	0.10699
528.574	0.10723
528.685	0.1075
528.795	0.10775
528.906	0.10788
529.016	0.10799
529.127	0.1083
529.238	0.10838
529.348	0.10861
529.459	0.10872
529.569	0.1089
529.68	0.10911
529.79	0.10934
529.901	0.10938
530.011	0.10961
530.122	0.10985
530.233	0.10988
530.343	0.11012
530.454	0.11033
530.564	0.11039
530.675	0.1105
530.785	0.11073
530.895	0.11085
531.006	0.11105
531.116	0.11116
531.227	0.11132
531.337	0.11142
531.448	0.11156
531.558	0.11185
531.669	0.112
531.779	0.11217
531.889	0.1121
532	0.1122
532.11	0.11234
532.221	0.11268
532.331	0.11269
532.441	0.11269
532.552	0.11296
532.662	0.11306
532.772	0.11323
532.883	0.11343
532.993	0.11347
533.103	0.11353
533.214	0.11356
533.324	0.1139
533.434	0.11375
533.545	0.11398
533.655	0.11412
533.765	0.11435
533.876	0.11426
533.986	0.11456
534.096	0.1148
534.206	0.11468
534.317	0.1147
534.427	0.11496
534.537	0.11504
534.647	0.11521
534.757	0.11531
534.868	0.11536
534.978	0.11548
535.088	0.11567
535.198	0.11552
535.308	0.11555
535.419	0.11576
535.529	0.1159
535.639	0.11588
535.749	0.11617
535.859	0.11606
535.969	0.11614
536.079	0.11637
536.19	0.11648
536.3	0.11653
536.41	0.1167
536.52	0.11665
536.63	0.11681
536.74	0.11684
536.85	0.1169
536.96	0.11694
537.07	0.1171
537.18	0.11718
537.29	0.11699
537.4	0.11723
537.51	0.11754
537.62	0.11748
537.73	0.11759
537.84	0.11765
537.95	0.11754
538.06	0.11776
538.17	0.11782
538.28	0.11788
538.39	0.11798
538.5	0.11806
538.61	0.1181
538.72	0.11822
538.83	0.11833
538.94	0.1185
539.05	0.1184
539.16	0.11839
539.27	0.11848
539.38	0.11881
539.49	0.11856
539.599	0.11872
539.709	0.1187
539.819	0.11891
539.929	0.11873
540.039	0.1189
540.149	0.11903
540.259	0.11892
540.368	0.11906
540.478	0.11918
540.588	0.11907
540.698	0.11922
540.808	0.11932
540.917	0.11924
541.027	0.11954
541.137	0.11937
541.247	0.1195
541.357	0.11962
541.466	0.11955
541.576	0.11962
541.686	0.1198
541.796	0.11978
541.905	0.11978
542.015	0.11989
542.125	0.11992
542.234	0.12011
542.344	0.11997
542.454	0.12021
542.564	0.12012
542.673	0.12014
542.783	0.12039
542.893	0.12037
543.002	0.12041
543.112	0.12045
543.221	0.12062
543.331	0.12054
543.441	0.12061
543.55	0.12076
543.66	0.12076
543.77	0.12079
543.879	0.12079
543.989	0.12095
544.098	0.12115
544.208	0.12113
544.317	0.12117
544.427	0.12118
544.536	0.12117
544.646	0.12101
544.756	0.12134
544.865	0.12123
544.975	0.12152
545.084	0.12166
545.194	0.12152
545.303	0.12141
545.413	0.12181
545.522	0.12181
545.632	0.12183
545.741	0.12169
545.85	0.12178
545.96	0.12171
546.069	0.12184
546.179	0.12203
546.288	0.12214
546.398	0.12209
546.507	0.12226
546.616	0.12239
546.726	0.12243
546.835	0.12251
546.945	0.1225
547.054	0.12251
547.163	0.12252
547.273	0.12262
547.382	0.12269
547.491	0.12256
547.601	0.12279
547.71	0.12268
547.819	0.12287
547.929	0.12302
548.038	0.12311
548.147	0.12282
548.257	0.12331
548.366	0.12334
548.475	0.1234
548.584	0.12348
548.694	0.12328
548.803	0.1234
548.912	0.12343
549.021	0.12345
549.131	0.12371
549.24	0.12382
549.349	0.12379
549.458	0.12378
549.567	0.12388
549.677	0.12383
549.786	0.12401
549.895	0.12419
550.004	0.12412
550.113	0.12403
550.222	0.12426
550.332	0.12429
550.441	0.12433
550.55	0.12434
550.659	0.12419
550.768	0.12446
550.877	0.12437
550.986	0.12437
551.095	0.1244
551.204	0.1245
551.314	0.12452
551.423	0.12461
551.532	0.1245
551.641	0.12475
551.75	0.12477
551.859	0.12466
551.968	0.12488
552.077	0.12481
552.186	0.12493
552.295	0.12484
552.404	0.12495
552.513	0.12499
552.622	0.12493
552.731	0.12507
552.84	0.12504
552.949	0.12508
553.058	0.12508
553.167	0.12518
553.276	0.125
553.385	0.12501
553.493	0.12508
553.602	0.12514
553.711	0.12514
553.82	0.12503
553.929	0.12507
554.038	0.12521
554.147	0.12512
554.256	0.12502
554.365	0.125
554.473	0.12513
554.582	0.12515
554.691	0.12487
554.8	0.12517
554.909	0.12514
555.018	0.12502
555.126	0.12504
555.235	0.12526
555.344	0.12515
555.453	0.1251
555.562	0.12511
555.67	0.12495
555.779	0.12506
555.888	0.12517
555.997	0.12503
556.105	0.12499
556.214	0.12491
556.323	0.12496
556.432	0.12485
556.54	0.12476
556.649	0.12481
556.758	0.12486
556.866	0.12461
556.975	0.12475
557.084	0.1245
557.192	0.12458
557.301	0.12443
557.41	0.12446
557.518	0.12431
557.627	0.12458
557.736	0.12435
557.844	0.12426
557.953	0.12427
558.061	0.12399
558.17	0.12394
558.279	0.1239
558.387	0.12401
558.496	0.12392
558.604	0.12383
558.713	0.12378
558.821	0.1238
558.93	0.12365
559.039	0.1236
559.147	0.12358
559.256	0.12369
559.364	0.12341
559.473	0.12353
559.581	0.12321
559.69	0.12319
559.798	0.12312
559.907	0.12298
560.015	0.12299
560.123	0.12299
560.232	0.12275
560.34	0.12287
560.449	0.12273
560.557	0.1228
560.666	0.12262
560.774	0.12247
560.882	0.12228
560.991	0.12228
561.099	0.12221
561.208	0.12197
561.316	0.12189
561.424	0.1218
561.533	0.12174
561.641	0.12162
561.749	0.12155
561.858	0.12152
561.966	0.12142
562.074	0.12134
562.183	0.12126
562.291	0.12104
562.399	0.12098
562.508	0.12086
562.616	0.12085
562.724	0.12094
562.832	0.12065
562.941	0.12061
563.049	0.12056
563.157	0.12051
563.265	0.12052
563.374	0.12027
563.482	0.12005
563.59	0.12011
563.698	0.11998
563.807	0.11979
563.915	0.11969
564.023	0.11962
564.131	0.11952
564.239	0.11945
564.347	0.11924
564.456	0.119
564.564	0.11917
564.672	0.11893
564.78	0.11887
564.888	0.11877
564.996	0.11842
565.104	0.11828
565.212	0.11835
565.321	0.11815
565.429	0.11802
565.537	0.11813
565.645	0.11762
565.753	0.11784
565.861	0.11743
565.969	0.11754
566.077	0.11731
566.185	0.11712
566.293	0.11694
566.401	0.11704
566.509	0.11681
566.617	0.1167
566.725	0.11648
566.833	0.11632
566.941	0.11625
567.049	0.11596
567.157	0.11612
567.265	0.1156
567.373	0.1156
567.481	0.11549
567.589	0.11534
567.697	0.11528
567.805	0.11514
567.912	0.11484
568.02	0.11482
568.128	0.11472
568.236	0.11441
568.344	0.11427
568.452	0.11414
568.56	0.11407
568.668	0.114
568.775	0.11384
568.883	0.11349
568.991	0.11332
569.099	0.11319
569.207	0.11297
569.315	0.11307
569.422	0.11269
569.53	0.11264
569.638	0.11251
569.746	0.11254
569.853	0.11201
569.961	0.11206
570.069	0.11176
570.177	0.11158
570.284	0.1116
570.392	0.11151
570.5	0.11103
570.608	0.11094
570.715	0.11087
570.823	0.11072
570.931	0.1106
571.038	0.11057
571.146	0.11022
571.254	0.11019
571.361	0.10979
571.469	0.10975
571.577	0.10966
571.684	0.10944
571.792	0.10928
571.9	0.10909
572.007	0.10912
572.115	0.10904
572.222	0.10878
572.33	0.10855
572.438	0.10841
572.545	0.10828
572.653	0.10811
572.76	0.10816
572.868	0.10791
572.975	0.10762
573.083	0.10758
573.191	0.10738
573.298	0.10709
573.406	0.10713
573.513	0.10699
573.621	0.10676
573.728	0.10654
573.836	0.10655
573.943	0.10645
574.051	0.10626
574.158	0.10614
574.265	0.10607
574.373	0.10587
574.48	0.1058
574.588	0.10574
574.695	0.10538
574.803	0.10543
574.91	0.10533
575.017	0.10512
575.125	0.10514
575.232	0.10499
575.34	0.10485
575.447	0.10471
575.554	0.1046
575.662	0.10445
575.769	0.10451
575.876	0.10437
575.984	0.1041
576.091	0.10398
576.198	0.10397
576.306	0.10361
576.413	0.10357
576.52	0.10345
576.627	0.10334
576.735	0.10328
576.842	0.10313
576.949	0.10309
577.057	0.10294
577.164	0.10288
577.271	0.1029
577.378	0.10264
577.485	0.10248
577.593	0.10245
577.7	0.10244
577.807	0.10223
577.914	0.10207
578.021	0.10216
578.129	0.10196
578.236	0.10181
578.343	0.10177
578.45	0.10162
578.557	0.10157
578.664	0.10154
578.772	0.10141
578.879	0.10135
578.986	0.10129
579.093	0.10104
579.2	0.10103
579.307	0.10099
579.414	0.10085
579.521	0.1008
579.628	0.10056
579.735	0.10056
579.842	0.10047
579.949	0.10041
580.057	0.10026
580.164	0.10029
580.271	0.10009
580.378	0.10006
580.485	0.09992
580.592	0.0998
580.699	0.09982
580.806	0.09978
580.913	0.09979
581.019	0.09971
581.126	0.09949
581.233	0.09929
581.34	0.09944
581.447	0.09916
581.554	0.09924
581.661	0.09915
581.768	0.09903
581.875	0.099
581.982	0.09887
582.089	0.09879
582.196	0.09887
582.302	0.09871
582.409	0.09863
582.516	0.0985
582.623	0.09851
582.73	0.0983
582.837	0.09839
582.944	0.09821
583.05	0.09826
583.157	0.09805
583.264	0.09805
583.371	0.09804
583.478	0.09797
583.584	0.09785
583.691	0.09786
583.798	0.09784
583.905	0.09787
584.011	0.0975
584.118	0.09767
584.225	0.0975
584.332	0.09731
584.438	0.09742
584.545	0.09722
584.652	0.09733
584.758	0.09733
584.865	0.0972
584.972	0.09722
585.079	0.09697
585.185	0.09696
585.292	0.09683
585.399	0.09686
585.505	0.0967
585.612	0.09665
585.718	0.09657
585.825	0.09675
585.932	0.09648
586.038	0.09647
586.145	0.09652
586.251	0.09643
586.358	0.09651
586.465	0.09643
586.571	0.09623
586.678	0.09626
586.784	0.09626
586.891	0.09608
586.997	0.09622
587.104	0.0962
587.21	0.09604
587.317	0.09585
587.423	0.09602
587.53	0.09599
587.636	0.09586
587.743	0.09588
587.849	0.09573
587.956	0.0957
588.062	0.09558
588.169	0.09561
588.275	0.09569
588.382	0.09539
588.488	0.09543
588.594	0.09533
588.701	0.09531
588.807	0.09533
588.914	0.09531
589.02	0.09521
589.126	0.09512
589.233	0.09514
589.339	0.09525
589.445	0.09519
589.552	0.09513
589.658	0.09498
589.764	0.09496
589.871	0.09487
589.977	0.0949
590.083	0.09489
590.19	0.09479
590.296	0.09485
590.402	0.09487
590.509	0.09478
590.615	0.09476
590.721	0.09469
590.827	0.09463
590.934	0.09467
591.04	0.09462
591.146	0.0946
591.252	0.09454
591.359	0.09454
591.465	0.09432
591.571	0.09451
591.677	0.09459
591.783	0.0945
591.889	0.0942
591.996	0.09442
592.102	0.09429
592.208	0.09423
592.314	0.09426
592.42	0.09418
592.526	0.09421
592.633	0.09425
592.739	0.09401
592.845	0.09409
592.951	0.09407
593.057	0.09398
593.163	0.09401
593.269	0.0941
593.375	0.09404
593.481	0.09394
593.587	0.09397
593.693	0.09392
593.799	0.09396
593.905	0.0939
594.011	0.09392
594.117	0.09397
594.223	0.09378
594.329	0.09386
594.435	0.09381
594.541	0.09378
594.647	0.09382
594.753	0.09386
594.859	0.0938
594.965	0.09373
595.071	0.09372
595.177	0.09364
595.283	0.09375
595.389	0.09371
595.495	0.09369
595.601	0.09376
595.707	0.09356
595.813	0.09366
595.918	0.09364
596.024	0.09383
596.13	0.09362
596.236	0.09376
596.342	0.09368
596.448	0.09355
596.554	0.09362
596.659	0.09372
596.765	0.09356
596.871	0.0936
596.977	0.09358
597.083	0.09367
597.188	0.09359
597.294	0.09337
597.4	0.09354
597.506	0.09354
597.611	0.09358
597.717	0.09338
597.823	0.09344
597.929	0.0934
598.034	0.09348
598.14	0.09345
598.246	0.09347
598.352	0.09344
598.457	0.09329
598.563	0.09333
598.669	0.0934
598.774	0.09341
598.88	0.09328
598.986	0.09331
599.091	0.09348
599.197	0.09328
599.303	0.09339
599.408	0.09336
599.514	0.0932
599.619	0.09338
599.725	0.09322
599.831	0.09323
599.936	0.09322
600.042	0.09327
600.147	0.09327
600.253	0.09315
600.358	0.09301
600.464	0.0931
600.57	0.09319
600.675	0.09311
600.781	0.09316
600.886	0.09305
600.992	0.09314
601.097	0.09302
601.203	0.09312
601.308	0.09312
601.414	0.0929
601.519	0.09288
601.624	0.09302
601.73	0.09302
601.835	0.09289
601.941	0.09285
602.046	0.09289
602.152	0.09285
602.257	0.09289
602.362	0.09275
602.468	0.09277
602.573	0.09278
602.679	0.09278
602.784	0.0927
602.889	0.09264
602.995	0.09274
603.1	0.09264
603.205	0.0925
603.311	0.09263
603.416	0.09247
603.521	0.09248
603.627	0.09245
603.732	0.09241
603.837	0.09234
603.943	0.09255
604.048	0.09227
604.153	0.09226
604.258	0.0923
604.364	0.09227
604.469	0.0922
604.574	0.09224
604.679	0.09223
604.785	0.0922
604.89	0.09213
604.995	0.09204
605.1	0.09187
605.205	0.09198
605.311	0.09194
605.416	0.0918
605.521	0.09179
605.626	0.09181
605.731	0.09165
605.837	0.09181
605.942	0.09165
606.047	0.09165
606.152	0.0917
606.257	0.09158
606.362	0.09152
606.467	0.09139
606.572	0.0914
606.677	0.09128
606.702	0.0914
606.809	0.09145
606.915	0.09136
607.021	0.09144
607.127	0.09138
607.233	0.0913
607.339	0.09121
607.445	0.0911
607.551	0.091
607.657	0.09121
607.763	0.091
607.87	0.09105
607.976	0.09077
608.082	0.09081
608.188	0.09073
608.294	0.09061
608.4	0.09062
608.506	0.09048
608.612	0.09044
608.718	0.09045
608.824	0.09033
608.93	0.09027
609.036	0.09029
609.142	0.0902
609.247	0.09021
609.353	0.09023
609.459	0.09005
609.565	0.09005
609.671	0.09002
609.777	0.08998
609.883	0.08986
609.989	0.08966
610.095	0.08978
610.201	0.08975
610.307	0.08975
610.412	0.08965
610.518	0.08968
610.624	0.08962
610.73	0.08956
610.836	0.08941
610.942	0.08946
611.047	0.08944
611.153	0.0893
611.259	0.08937
611.365	0.08927
611.471	0.0892
611.576	0.08922
611.682	0.08911
611.788	0.08897
611.894	0.08898
611.999	0.08889
612.105	0.08887
612.211	0.08888
612.317	0.08878
612.422	0.08864
612.528	0.08859
612.634	0.0886
612.739	0.08845
612.845	0.08844
612.951	0.0884
613.056	0.08832
613.162	0.08822
613.268	0.08813
613.373	0.08812
613.479	0.08797
613.585	0.088
613.69	0.08789
613.796	0.08792
613.901	0.08776
614.007	0.08798
614.113	0.08772
614.218	0.08769
614.324	0.08767
614.429	0.08765
614.535	0.08757
614.64	0.08752
614.746	0.08742
614.852	0.08739
614.957	0.08732
615.063	0.08736
615.168	0.08752
615.274	0.08734
615.379	0.08707
615.485	0.08715
615.59	0.087
615.696	0.087
615.801	0.08702
615.906	0.08691
616.012	0.08685
616.117	0.08688
616.223	0.08689
616.328	0.08674
616.434	0.08672
616.539	0.08676
616.644	0.0866
616.75	0.08663
616.855	0.08656
616.961	0.08661
617.066	0.08646
617.171	0.08639
617.277	0.08647
617.382	0.08637
617.487	0.08642
617.593	0.0863
617.698	0.08631
617.803	0.08615
617.909	0.08615
618.014	0.08623
618.119	0.08616
618.224	0.08605
618.33	0.08609
618.435	0.0861
618.54	0.08603
618.645	0.08591
618.751	0.08591
618.856	0.08592
618.961	0.08593
619.066	0.0857
619.172	0.08567
619.277	0.08574
619.382	0.08578
619.487	0.08565
619.592	0.08551
619.697	0.08548
619.803	0.08559
619.908	0.08562
620.013	0.0856
620.118	0.08548
620.223	0.08543
620.328	0.0854
620.433	0.08552
620.538	0.08534
620.644	0.0854
620.749	0.08528
620.854	0.08536
620.959	0.08536
621.064	0.08532
621.169	0.08526
621.274	0.08521
621.379	0.08528
621.484	0.08517
621.589	0.08526
621.694	0.08507
621.799	0.08518
621.904	0.08519
622.009	0.08503
622.114	0.08512
622.219	0.08499
622.324	0.08512
622.429	0.08508
622.534	0.08504
622.639	0.08501
622.744	0.08488
622.849	0.08502
622.954	0.08485
623.059	0.08483
623.163	0.08484
623.268	0.08485
623.373	0.08485
623.478	0.08486
623.583	0.08474
623.688	0.08485
623.793	0.08471
623.898	0.08478
624.002	0.08485
624.107	0.08474
624.212	0.08464
624.317	0.08477
624.422	0.08467
624.526	0.08484
624.631	0.08463
624.736	0.08471
624.841	0.08469
624.946	0.08463
625.05	0.0847
625.155	0.08471
625.26	0.08461
625.365	0.08461
625.469	0.08469
625.574	0.08469
625.679	0.08473
625.783	0.08457
625.888	0.08461
625.993	0.08475
626.097	0.08483
626.202	0.08467
626.307	0.08474
626.411	0.08474
626.516	0.08473
626.621	0.0847
626.725	0.08472
626.83	0.08485
626.935	0.08484
627.039	0.0848
627.144	0.08482
627.248	0.08475
627.353	0.08471
627.458	0.08461
627.562	0.08463
627.667	0.08483
627.771	0.08472
627.876	0.08482
627.98	0.08468
628.085	0.08473
628.189	0.08472
628.294	0.08474
628.398	0.08465
628.503	0.08467
628.607	0.08475
628.712	0.0848
628.816	0.08473
628.921	0.08478
629.025	0.08486
629.13	0.08483
629.234	0.08481
629.339	0.08462
629.443	0.08487
629.547	0.08486
629.652	0.0849
629.756	0.08489
629.861	0.08473
629.965	0.08486
630.069	0.08478
630.174	0.0848
630.278	0.08483
630.382	0.08478
630.487	0.08472
630.591	0.08488
630.695	0.08484
630.8	0.08492
630.904	0.0848
631.008	0.08486
631.113	0.0848
631.217	0.08486
631.321	0.08477
631.425	0.08481
631.53	0.08483
631.634	0.08474
631.738	0.08489
631.842	0.08495
631.947	0.08478
632.051	0.08484
632.155	0.08484
632.259	0.08477
632.363	0.08493
632.468	0.08497
632.572	0.08477
632.676	0.08482
632.78	0.08484
632.884	0.08479
632.988	0.08481
633.093	0.08488
633.197	0.08479
633.301	0.08468
633.405	0.08472
633.509	0.08464
633.613	0.08467
633.717	0.08467
633.821	0.08465
633.925	0.08454
634.03	0.08465
634.134	0.08464
634.238	0.0847
634.342	0.08458
634.446	0.08461
634.55	0.08451
634.654	0.08461
634.758	0.08456
634.862	0.08445
634.966	0.0844
635.07	0.08441
635.174	0.08442
635.278	0.08431
635.382	0.08434
635.486	0.08435
635.59	0.08426
635.693	0.08421
635.797	0.08421
635.901	0.08417
636.005	0.08406
636.109	0.08424
636.213	0.08409
636.317	0.08415
636.421	0.08398
636.525	0.08387
636.629	0.08394
636.732	0.08388
636.836	0.08377
636.94	0.08374
637.044	0.08367
637.148	0.08358
637.252	0.08355
637.355	0.0835
637.459	0.08356
637.563	0.08341
637.667	0.08345
637.771	0.08344
637.874	0.08324
637.978	0.08322
638.082	0.08326
638.186	0.08316
638.289	0.08309
638.393	0.08283
638.497	0.08288
638.6	0.08292
638.704	0.08276
638.808	0.08279
638.911	0.08277
639.015	0.08272
639.119	0.08263
639.223	0.08257
639.326	0.0824
639.43	0.08243
639.533	0.08234
639.637	0.08228
639.741	0.08223
639.844	0.08221
639.948	0.08208
640.052	0.08194
640.155	0.08192
640.259	0.0819
640.362	0.08191
640.466	0.08182
640.569	0.08159
640.673	0.08157
640.776	0.08161
640.88	0.08137
640.984	0.08136
641.087	0.08134
641.191	0.08116
641.294	0.08112
641.398	0.08111
641.501	0.08106
641.604	0.08091
641.708	0.0809
641.811	0.08082
641.915	0.08069
642.018	0.08068
642.122	0.08053
642.225	0.08051
642.329	0.08039
642.432	0.0804
642.535	0.08024
642.639	0.08015
642.742	0.08001
642.846	0.08006
642.949	0.08002
643.052	0.07995
643.156	0.07986
643.259	0.07988
643.362	0.07971
643.466	0.07965
643.569	0.07954
643.672	0.07941
643.776	0.07932
643.879	0.07932
643.982	0.07928
644.085	0.0792
644.189	0.07906
644.292	0.07911
644.395	0.07903
644.498	0.07891
644.602	0.07876
644.705	0.07874
644.808	0.07865
644.911	0.07863
645.015	0.07857
645.118	0.07855
645.221	0.07819
645.324	0.07828
645.427	0.07811
645.53	0.07806
645.634	0.07815
645.737	0.07792
645.84	0.07798
645.943	0.0779
646.046	0.07777
646.149	0.07774
646.252	0.07765
646.355	0.07767
646.459	0.07751
646.562	0.07753
646.665	0.07748
646.768	0.07737
646.871	0.07739
646.974	0.07719
647.077	0.07723
647.18	0.0771
647.283	0.07711
647.386	0.07699
647.489	0.07699
647.592	0.07691
647.695	0.07699
647.798	0.07683
647.901	0.07675
648.004	0.07672
648.107	0.07662
648.21	0.07666
648.313	0.07651
648.416	0.07649
648.519	0.07656
648.622	0.07643
648.725	0.07644
648.827	0.07636
648.93	0.07634
649.033	0.07634
649.136	0.07622
649.239	0.07625
649.342	0.07615
649.445	0.07613
649.548	0.07617
649.65	0.07601
649.753	0.07595
649.856	0.07586
649.959	0.07598
650.062	0.07591
650.164	0.07583
650.267	0.07582
650.37	0.0758
650.473	0.07584
650.576	0.07575
650.678	0.07567
650.781	0.07558
650.884	0.07554
650.986	0.07556
651.089	0.07569
651.192	0.07546
651.295	0.07552
651.397	0.07544
651.5	0.07553
651.603	0.0754
651.705	0.0754
651.808	0.07542
651.911	0.07535
652.013	0.07537
652.116	0.07538
652.219	0.0754
652.321	0.0752
652.424	0.07523
652.526	0.07517
652.629	0.07521
652.732	0.0752
652.834	0.07516
652.937	0.07512
653.039	0.07525
653.142	0.07506
653.244	0.07508
653.347	0.07515
653.45	0.07493
653.552	0.07491
653.655	0.07498
653.757	0.07502
653.86	0.07501
653.962	0.07495
654.065	0.07493
654.167	0.07495
654.27	0.07479
654.372	0.07471
654.474	0.07475
654.577	0.07478
654.679	0.07482
654.782	0.07463
654.884	0.07467
654.987	0.07462
655.089	0.07462
655.191	0.07444
655.294	0.07462
655.396	0.07443
655.499	0.07451
655.601	0.07454
655.703	0.07448
655.806	0.07434
655.908	0.07441
656.01	0.07426
656.113	0.07428
656.215	0.07419
656.317	0.07424
656.419	0.0741
656.522	0.07415
656.624	0.07408
656.726	0.07417
656.829	0.07406
656.931	0.07403
657.033	0.07399
657.135	0.07398
657.238	0.07391
657.34	0.07379
657.442	0.07364
657.544	0.07376
657.646	0.07375
657.749	0.07358
657.851	0.07356
657.953	0.07352
658.055	0.07353
658.157	0.07347
658.259	0.07351
658.362	0.07342
658.464	0.07328
658.566	0.0732
658.668	0.07315
658.77	0.07316
658.872	0.0731
658.974	0.07305
659.076	0.073
659.178	0.07301
659.28	0.07302
659.382	0.07285
659.485	0.07278
659.587	0.07272
659.689	0.07267
659.791	0.07264
659.893	0.07259
659.995	0.07247
660.097	0.07255
660.199	0.07252
660.301	0.07236
660.403	0.0723
660.505	0.07214
660.606	0.07225
660.708	0.07216
660.81	0.0721
660.912	0.07211
661.014	0.07205
661.116	0.07196
661.218	0.07179
661.32	0.07177
661.422	0.07182
661.524	0.07178
661.626	0.0717
661.727	0.07174
661.829	0.07164
661.931	0.07161
662.033	0.07156
662.135	0.07149
662.237	0.07135
662.339	0.07133
662.44	0.07125
662.542	0.07124
662.644	0.07124
662.746	0.07113
662.847	0.07113
662.949	0.07108
663.051	0.07098
663.153	0.07102
663.254	0.07095
663.356	0.07086
663.458	0.07078
663.56	0.07085
663.661	0.07076
663.763	0.07071
663.865	0.07079
663.966	0.07058
664.068	0.0707
664.17	0.07055
664.271	0.07048
664.373	0.07053
664.475	0.07049
664.576	0.07041
664.678	0.07043
664.78	0.07031
664.881	0.07022
664.983	0.0703
665.084	0.07015
665.186	0.07014
665.288	0.07016
665.389	0.07004
665.491	0.07005
665.592	0.07004
665.694	0.07002
665.795	0.06997
665.897	0.06977
665.998	0.06983
666.1	0.06975
666.201	0.06978
666.303	0.06971
666.404	0.06966
666.506	0.06962
666.607	0.06964
666.709	0.06971
666.81	0.06969
666.912	0.06967
667.013	0.06956
667.115	0.06959
667.216	0.06949
667.317	0.06949
667.419	0.06941
667.52	0.06941
667.622	0.06943
667.723	0.06938
667.824	0.06939
667.926	0.06934
668.027	0.06932
668.128	0.06943
668.23	0.06933
668.331	0.06933
668.432	0.06925
668.534	0.06919
668.635	0.06927
668.736	0.06917
668.838	0.06919
668.939	0.06922
669.04	0.06897
669.141	0.06922
669.243	0.069
669.344	0.06911
669.445	0.06905
669.546	0.06898
669.648	0.06908
669.749	0.06905
669.85	0.06895
669.951	0.06901
670.052	0.06912
670.154	0.06902
670.255	0.06895
670.356	0.06894
670.457	0.06897
670.558	0.06887
670.659	0.06892
670.76	0.06891
670.862	0.06881
670.963	0.06892
671.064	0.06888
671.165	0.06889
671.266	0.0688
671.367	0.06875
671.468	0.06874
671.569	0.06878
671.67	0.06878
671.771	0.06877
671.872	0.06876
671.973	0.06881
672.074	0.06882
672.175	0.06882
672.276	0.06883
672.377	0.06884
672.478	0.06875
672.579	0.06872
672.68	0.06887
672.781	0.06872
672.882	0.06876
672.983	0.06883
673.084	0.06887
673.185	0.06871
673.286	0.06882
673.387	0.06878
673.488	0.06888
673.589	0.06886
673.69	0.06885
673.79	0.06878
673.891	0.06881
673.992	0.06873
674.093	0.06895
674.194	0.06886
674.295	0.06885
674.396	0.06883
674.496	0.06888
674.597	0.06893
674.698	0.06902
674.799	0.06885
674.9	0.06883
675	0.06884
675.101	0.06902
675.202	0.06884
675.303	0.06907
675.403	0.06892
675.504	0.06901
675.605	0.06895
675.706	0.06887
675.806	0.06899
675.907	0.06903
676.008	0.06897
676.108	0.06912
676.209	0.06907
676.31	0.06895
676.41	0.06912
676.511	0.06915
676.612	0.06913
676.712	0.06905
676.813	0.06912
676.914	0.06919
677.014	0.06907
677.115	0.06915
677.215	0.06917
677.316	0.06909
677.417	0.06929
677.517	0.06925
677.618	0.06922
677.718	0.06919
677.819	0.0693
677.919	0.06933
678.02	0.06931
678.12	0.06932
678.221	0.06946
678.321	0.06934
678.422	0.06952
678.522	0.06936
678.623	0.06949
678.723	0.06953
678.824	0.06953
678.924	0.0696
679.025	0.06955
679.125	0.06955
679.226	0.06966
679.326	0.06944
679.426	0.06968
679.527	0.06959
679.627	0.06969
679.728	0.06965
679.828	0.06973
679.928	0.06983
680.029	0.0698
680.129	0.06979
680.229	0.06988
680.33	0.06993
680.43	0.06993
680.53	0.07011
680.631	0.06999
680.731	0.07003
680.831	0.06992
680.932	0.07005
681.032	0.07015
681.132	0.0701
681.232	0.07018
681.333	0.07014
681.433	0.07021
681.533	0.0704
681.633	0.07026
681.734	0.07039
681.834	0.0705
681.934	0.07055
682.034	0.0705
682.134	0.07073
682.235	0.07067
682.335	0.07075
682.435	0.07091
682.535	0.07079
682.635	0.07086
682.735	0.07097
682.836	0.07106
682.936	0.07113
683.036	0.07124
683.136	0.07114
683.236	0.07122
683.336	0.07128
683.436	0.07134
683.536	0.07144
683.636	0.07157
683.736	0.07158
683.836	0.07162
683.936	0.07175
684.036	0.07191
684.136	0.07189
684.237	0.07193
684.337	0.07203
684.437	0.07207
684.536	0.07218
684.636	0.0723
684.736	0.07228
684.836	0.07244
684.936	0.07255
685.036	0.07265
685.136	0.07268
685.236	0.07287
685.336	0.07297
685.436	0.07307
685.536	0.07327
685.636	0.07313
685.736	0.07333
685.836	0.0735
685.935	0.07356
686.035	0.07365
686.135	0.07366
686.235	0.07388
686.335	0.07405
686.435	0.07427
686.534	0.07432
686.634	0.07446
686.734	0.07459
686.834	0.07468
686.934	0.07495
687.033	0.07511
687.133	0.07527
687.233	0.07531
687.333	0.0754
687.433	0.07566
687.532	0.07591
687.632	0.07598
687.732	0.07622
687.831	0.07632
687.931	0.07657
688.031	0.07675
688.13	0.07692
688.23	0.07706
688.33	0.07737
688.429	0.0774
688.529	0.0778
688.629	0.07794
688.728	0.07808
688.828	0.07832
688.928	0.07854
689.027	0.07879
689.127	0.07914
689.226	0.0793
689.326	0.07945
689.426	0.07965
689.525	0.07994
689.625	0.08024
689.724	0.08043
689.824	0.08079
689.923	0.0811
690.023	0.0815
690.122	0.08158
690.222	0.0821
690.321	0.08211
690.421	0.08254
690.52	0.08294
690.62	0.0832
690.719	0.08355
690.819	0.08399
690.918	0.08411
691.018	0.08439
691.117	0.08482
691.217	0.08519
691.316	0.08541
691.415	0.08589
691.515	0.08624
691.614	0.08647
691.714	0.08698
691.813	0.08712
691.912	0.08758
692.012	0.08803
692.111	0.08832
692.21	0.08887
692.31	0.08916
692.409	0.08954
692.508	0.09005
692.608	0.09044
692.707	0.09095
692.806	0.09136
692.906	0.09167
693.005	0.09223
693.104	0.09265
693.203	0.09302
693.303	0.09367
693.402	0.0941
693.501	0.09462
693.6	0.09495
693.7	0.09538
693.799	0.09588
693.898	0.09653
693.997	0.09699
694.096	0.09756
694.196	0.09788
694.295	0.09859
694.394	0.09916
694.493	0.09962
694.592	0.10016
694.691	0.10058
694.79	0.10111
694.89	0.1017
694.989	0.10242
695.088	0.10294
695.187	0.10348
695.286	0.10404
695.385	0.10451
695.484	0.10516
695.583	0.10592
695.682	0.10649
695.781	0.10697
695.88	0.10757
695.979	0.10815
696.078	0.10876
696.177	0.10945
696.276	0.10979
696.375	0.11074
696.474	0.11121
696.573	0.11179
696.672	0.11258
696.771	0.11331
696.87	0.11388
696.969	0.11468
697.068	0.11518
697.167	0.11577
697.266	0.1165
697.365	0.11722
697.464	0.11782
697.563	0.11837
697.661	0.11932
697.76	0.11965
697.859	0.12059
697.958	0.12155
698.057	0.1218
698.156	0.12256
698.255	0.12315
698.353	0.12391
698.452	0.12486
698.551	0.1255
698.65	0.12619
698.749	0.12695
698.847	0.12752
698.946	0.12807
699.045	0.12877
699.144	0.12955
699.242	0.13019
699.341	0.13106
699.44	0.132
699.539	0.13253
699.637	0.13326
699.736	0.13375
699.835	0.13455
699.933	0.13529
700.032	0.13623
700.131	0.13691
700.229	0.13757
700.328	0.1386
700.427	0.13917
700.525	0.14016
700.624	0.14061
700.723	0.14138
700.821	0.14227
700.92	0.14321
701.018	0.14385
701.117	0.14438
701.216	0.14517
701.314	0.14584
701.413	0.14696
701.511	0.14758
701.61	0.14835
701.708	0.14928
701.807	0.14985
701.905	0.15063
702.004	0.1513
702.102	0.15232
702.201	0.15297
702.299	0.15371
702.398	0.15443
702.496	0.15528
702.595	0.15644
702.693	0.15684
702.792	0.15756
702.89	0.15837
702.989	0.15928
703.087	0.1599
703.185	0.16104
703.284	0.16153
703.382	0.16239
703.481	0.16306
703.579	0.16379
703.677	0.16486
703.776	0.16543
703.874	0.16641
703.972	0.16719
704.071	0.16807
704.169	0.16878
704.267	0.1697
704.366	0.17051
704.464	0.17121
704.562	0.17192
704.661	0.17277
704.759	0.17339
704.857	0.17447
704.955	0.17484
705.054	0.17571
705.152	0.17686
705.25	0.17731
705.348	0.17858
705.447	0.17914
705.545	0.17998
705.643	0.18084
705.741	0.18146
705.839	0.18252
705.938	0.18297
706.036	0.184
706.134	0.18503
706.232	0.18593
706.33	0.18626
706.428	0.18711
706.526	0.18819
706.625	0.18865
706.723	0.18946
706.821	0.19039
706.919	0.19128
707.017	0.19195
707.115	0.19268
707.213	0.19358
707.311	0.19441
707.409	0.19529
707.507	0.19595
707.605	0.19628
707.703	0.19775
707.801	0.19843
707.899	0.19951
707.997	0.20007
708.095	0.20098
708.193	0.20165
708.291	0.2022
708.389	0.20333
708.487	0.20399
708.585	0.2048
708.683	0.20566
708.781	0.20611
708.879	0.20704
708.977	0.20799
709.075	0.2087
709.173	0.20959
709.271	0.21042
709.369	0.21129
709.466	0.212
709.564	0.2127
709.662	0.21382
709.76	0.21431
709.858	0.21469
709.956	0.21571
710.053	0.21625
710.151	0.21729
710.249	0.21781
710.347	0.21908
710.445	0.21961
710.542	0.2205
710.67	0.22302
710.908	0.22497
711.147	0.22719
711.386	0.22952
711.625	0.23118
711.864	0.23315
712.103	0.23499
712.342	0.23726
712.581	0.23927
712.819	0.24112
713.058	0.24369
713.297	0.24522
713.536	0.24776
713.775	0.2492
714.013	0.25136
714.252	0.254
714.491	0.25567
714.73	0.25773
714.968	0.25973
715.207	0.26179
715.446	0.26435
715.684	0.26604
715.923	0.2682
716.162	0.27053
716.4	0.27266
716.639	0.27382
716.878	0.27628
717.116	0.27855
717.355	0.28078
717.593	0.28329
717.832	0.28495
718.07	0.28716
718.309	0.28917
718.547	0.29101
718.786	0.29377
719.024	0.29545
719.263	0.29786
719.501	0.29961
719.74	0.30201
719.978	0.30465
720.217	0.30641
720.455	0.30866
720.694	0.31073
720.932	0.31229
721.17	0.31508
721.409	0.31725
721.647	0.31919
721.885	0.32101
722.124	0.32358
722.362	0.32521
722.6	0.32756
722.839	0.32994
723.077	0.33189
723.315	0.33343
723.553	0.33579
723.792	0.33776
724.03	0.33984
724.268	0.34191
724.506	0.34402
724.744	0.34565
724.983	0.34778
725.221	0.34971
725.459	0.35191
725.697	0.35359
725.935	0.35543
726.173	0.35727
726.411	0.3593
726.649	0.36141
726.888	0.36365
727.126	0.36568
727.364	0.3677
727.602	0.36951
727.84	0.3709
728.078	0.37258
728.316	0.37508
728.554	0.37609
728.792	0.37851
729.03	0.38018
729.268	0.3817
729.505	0.38344
729.743	0.38518
729.981	0.38654
730.219	0.38892
730.457	0.39051
730.695	0.39207
730.933	0.39404
731.171	0.3949
731.408	0.39721
731.646	0.39863
731.884	0.40021
732.122	0.40189
732.36	0.40317
732.597	0.4046
732.835	0.40621
733.073	0.40823
733.311	0.40853
733.548	0.41069
733.786	0.41227
734.024	0.41368
734.261	0.41498
734.499	0.41606
734.737	0.41751
734.974	0.41927
735.212	0.42084
735.449	0.42263
735.687	0.42352
735.925	0.42355
736.162	0.4258
736.4	0.4269
736.637	0.42847
736.875	0.42932
737.112	0.43025
737.35	0.43119
737.587	0.43295
737.825	0.43443
738.062	0.43486
738.3	0.43647
738.537	0.43766
738.775	0.43788
739.012	0.43995
739.249	0.44054
739.487	0.4424
739.724	0.44242
739.962	0.44428
740.199	0.44516
740.436	0.44486
740.674	0.44648
740.911	0.44706
741.148	0.44755
741.385	0.44956
741.623	0.44997
741.86	0.4517
742.097	0.45182
742.334	0.45313
742.572	0.45367
742.809	0.45439
743.046	0.45622
743.283	0.45624
743.52	0.45702
743.758	0.45718
743.995	0.45836
744.232	0.45974
744.469	0.46007
744.706	0.46135
744.943	0.46112
745.18	0.4618
745.417	0.46314
745.654	0.46339
745.891	0.46437
746.128	0.46485
746.365	0.46547
746.602	0.46603
746.839	0.46709
747.076	0.46651
747.313	0.46776
747.55	0.46785
747.787	0.46901
748.024	0.46857
748.261	0.46935
748.498	0.47014
748.735	0.47131
748.972	0.47103
749.208	0.47168
749.445	0.47193
749.682	0.47256
749.919	0.47342
750.156	0.47373
750.393	0.47404
750.629	0.47428
750.866	0.47512
751.103	0.47593
751.34	0.47662
751.576	0.47587
751.813	0.47669
752.05	0.47652
752.286	0.47739
752.523	0.47754
752.76	0.478
752.996	0.47826
753.233	0.47899
753.47	0.47892
753.706	0.47975
753.943	0.47951
754.179	0.48027
754.416	0.48035
754.652	0.48113
754.889	0.4813
755.126	0.48196
755.362	0.48176
755.599	0.48091
755.835	0.48267
756.071	0.4828
756.308	0.483
756.544	0.48339
756.781	0.48258
757.017	0.48338
757.254	0.48459
757.49	0.48339
757.726	0.48448
757.963	0.48392
758.199	0.484
758.436	0.48501
758.672	0.48503
758.908	0.48521
759.144	0.48494
759.381	0.48491
759.617	0.48572
759.853	0.48581
760.09	0.48573
760.326	0.48571
760.562	0.48658
760.798	0.48619
761.034	0.48614
761.271	0.48632
761.507	0.48713
761.743	0.48701
761.979	0.48735
762.215	0.48766
762.451	0.48811
762.687	0.48791
762.924	0.48816
763.16	0.48803
763.396	0.48874
763.632	0.48815
763.868	0.48919
764.104	0.48817
764.34	0.489
764.576	0.48979
764.812	0.48987
765.048	0.48893
765.284	0.48914
765.52	0.48934
765.756	0.48939
765.992	0.48919
766.228	0.48998
766.463	0.49057
766.699	0.48994
766.935	0.49066
767.171	0.49032
767.407	0.49054
767.643	0.48976
767.879	0.49099
768.114	0.491
768.35	0.48937
768.586	0.49043
768.822	0.49094
769.057	0.49089
769.293	0.49176
769.529	0.49066
769.765	0.49106
770	0.49133
770.236	0.49123
770.472	0.49133
770.707	0.49211
770.943	0.49187
771.179	0.49253
771.414	0.49242
771.65	0.49193
771.885	0.49166
772.121	0.49169
772.357	0.49222
772.592	0.49179
772.828	0.49264
773.063	0.49256
773.299	0.49315
773.534	0.492
773.77	0.49217
774.005	0.4925
774.241	0.49231
774.476	0.49248
774.712	0.49218
774.947	0.49257
775.182	0.49341
775.418	0.4931
775.653	0.49322
775.889	0.49276
776.124	0.49304
776.359	0.49352
776.595	0.49378
776.83	0.49322
777.065	0.49306
777.301	0.49398
777.536	0.49351
777.771	0.49393
778.006	0.49329
778.242	0.49386
778.477	0.4948
778.712	0.49493
778.947	0.49432
779.182	0.49382
779.418	0.49378
779.653	0.49361
779.888	0.49349
780.123	0.49472
780.358	0.4942
780.593	0.4941
780.901	0.49432
781.137	0.49466
781.373	0.49421
781.608	0.49457
781.844	0.49501
782.08	0.49483
782.315	0.49454
782.551	0.49502
782.787	0.49533
783.022	0.49496
783.258	0.49596
783.494	0.49522
783.729	0.49492
783.965	0.49601
784.2	0.49509
784.436	0.49612
784.671	0.49567
784.907	0.49553
785.143	0.49595
785.378	0.49655
785.613	0.49626
785.849	0.49655
786.084	0.49627
786.32	0.49577
786.555	0.49583
786.791	0.49598
787.026	0.49656
787.262	0.49622
787.497	0.49669
787.732	0.49683
787.968	0.49669
788.203	0.496
788.438	0.49732
788.674	0.49602
788.909	0.49647
789.144	0.49662
789.379	0.49629
789.615	0.49675
789.85	0.49594
790.085	0.49685
790.32	0.49658
790.556	0.49551
790.791	0.49593
791.026	0.497
791.261	0.49711
791.496	0.49624
791.732	0.49638
791.967	0.49613
792.202	0.49598
792.437	0.49701
792.672	0.49668
792.907	0.49681
793.142	0.49657
793.377	0.49727
793.612	0.49746
793.847	0.49776
794.082	0.49694
794.317	0.49768
794.552	0.4972
794.787	0.49859
795.022	0.4979
795.257	0.49815
795.492	0.49743
795.727	0.49821
795.962	0.4982
796.197	0.49864
796.432	0.49789
796.666	0.49864
796.901	0.49871
797.136	0.49764
797.371	0.49857
797.606	0.49865
797.841	0.49821
798.075	0.4978
798.31	0.4984
798.545	0.4981
798.78	0.49865
799.014	0.49795
799.249	0.4985
799.484	0.49822
799.718	0.49818
799.953	0.49784
800.188	0.4983
800.422	0.49862
800.657	0.49897
800.892	0.49906
801.126	0.49854
801.361	0.499
801.596	0.49955
801.83	0.49818
802.065	0.49958
802.299	0.49907
802.534	0.49869
802.768	0.4994
803.003	0.49899
803.237	0.49805
803.472	0.49925
803.706	0.49804
803.941	0.49902
804.175	0.49884
804.41	0.49899
804.644	0.49962
804.878	0.4999
805.113	0.49909
805.347	0.49903
805.581	0.49939
805.816	0.49853
806.05	0.49912
806.284	0.49917
806.519	0.50044
806.753	0.49968
806.987	0.49924
807.222	0.49977
807.456	0.49955
807.69	0.49944
807.924	0.49904
808.158	0.50024
808.393	0.50009
808.627	0.50012
808.861	0.49955
809.095	0.49955
809.329	0.5
809.563	0.49906
809.798	0.50041
810.032	0.5001
810.266	0.49964
810.5	0.49935
810.734	0.49934
810.968	0.5001
811.202	0.49927
811.436	0.4989
811.67	0.49977
811.904	0.49974
812.138	0.49993
812.372	0.49956
812.606	0.5004
812.84	0.50061
813.074	0.50104
813.308	0.50113
813.542	0.501
813.776	0.5005
814.009	0.50085
814.243	0.5006
814.477	0.50013
814.711	0.50053
814.945	0.5005
815.179	0.50036
815.412	0.50013
815.646	0.50001
815.88	0.50059
816.114	0.50033
816.347	0.50037
816.581	0.5
816.815	0.50049
817.049	0.49961
817.282	0.50075
817.516	0.50027
817.75	0.50164
817.983	0.50036
818.217	0.50012
818.451	0.50183
818.684	0.50138
818.918	0.50117
819.151	0.50159
819.385	0.50087
819.618	0.50064
819.852	0.50065
820.085	0.50227
820.319	0.50085
820.552	0.50073
820.786	0.50045
821.019	0.50026
821.253	0.50054
821.486	0.50126
821.72	0.50087
821.953	0.50076
822.187	0.50036
822.42	0.50193
822.653	0.5019
822.887	0.5016
823.12	0.50111
823.353	0.50182
823.587	0.5015
823.82	0.50142
824.053	0.50183
824.287	0.50112
824.52	0.50108
824.753	0.50201
824.986	0.50062
825.22	0.50158
825.453	0.50008
825.686	0.50179
825.919	0.50021
826.152	0.50189
826.386	0.50056
826.619	0.50082
826.852	0.50013
827.085	0.50046
827.318	0.50103
827.551	0.50163
827.784	0.50208
828.017	0.5016
828.25	0.5017
828.483	0.50216
828.716	0.50158
828.949	0.50229
829.182	0.50236
829.415	0.50112
829.648	0.50127
829.881	0.50123
830.114	0.5018
830.347	0.50244
830.58	0.5024
830.813	0.50109
831.046	0.5019
831.279	0.50149
831.512	0.50157
831.745	0.50146
831.977	0.5014
832.21	0.50168
832.443	0.50235
832.676	0.50075
832.909	0.50145
833.141	0.50297
833.374	0.50227
833.607	0.50324
833.84	0.50304
834.072	0.50221
834.305	0.50294
834.538	0.50259
834.77	0.50243
835.003	0.50288
835.236	0.50217
835.468	0.50237
835.701	0.50233
835.934	0.50287
836.166	0.50203
836.399	0.50234
836.631	0.50094
836.864	0.50239
837.096	0.50256
837.329	0.50247
837.561	0.50265
837.794	0.50134
838.026	0.50248
838.259	0.5026
838.491	0.50285
838.724	0.50292
838.956	0.50331
839.189	0.50341
839.421	0.50343
839.653	0.50305
839.886	0.50269
840.118	0.5038
840.351	0.50317
840.583	0.50245
840.815	0.50229
841.047	0.50266
841.28	0.50297
841.512	0.5029
841.744	0.50245
841.977	0.50219
842.209	0.50224
842.441	0.50229
842.673	0.50285
842.905	0.50205
843.138	0.50239
843.37	0.50273
843.602	0.50292
843.834	0.50254
844.066	0.5031
844.298	0.50365
844.53	0.50346
844.763	0.50284
844.995	0.50375
845.227	0.50328
845.459	0.50412
845.691	0.50325
845.923	0.50424
846.155	0.5046
846.387	0.50354
846.619	0.50399
846.851	0.50359
847.083	0.50436
847.315	0.50332
847.547	0.50434
847.778	0.50348
848.01	0.5038
848.242	0.50407
848.474	0.50441
848.706	0.5033
848.938	0.50384
849.17	0.50321
849.401	0.50313
849.633	0.50343
849.865	0.50399
850.097	0.5032
850.329	0.50348
850.56	0.50347
850.792	0.50443
851.024	0.50407
851.256	0.5045
851.487	0.50436
851.719	0.50416
851.951	0.50384
852.182	0.50556
852.414	0.5048
852.645	0.50416
852.877	0.50433
853.109	0.50424
853.34	0.50334
853.572	0.50444
853.803	0.50361
854.035	0.50448
854.266	0.50389
854.498	0.50358
854.729	0.50369
854.961	0.50412
855.192	0.50424
855.424	0.50378
855.655	0.50271
855.887	0.50329
856.118	0.50356
856.35	0.50513
856.581	0.50469
856.812	0.50482
857.044	0.50534
857.275	0.50561
857.506	0.5056
857.738	0.50507
857.969	0.50524
858.2	0.50515
858.432	0.50556
858.663	0.50575
858.894	0.50536
859.125	0.50553
859.357	0.50548
859.588	0.50501
859.819	0.50474
860.05	0.50437
860.281	0.50415
860.513	0.50483
860.744	0.50439
860.975	0.50422
861.206	0.50396
861.437	0.5037
861.668	0.50528
861.899	0.50375
862.13	0.50358
862.361	0.50489
862.592	0.50471
862.823	0.5044
863.054	0.50411
863.285	0.50581
863.516	0.50512
863.747	0.50516
863.978	0.50561
864.209	0.50522
864.44	0.5045
864.671	0.50609
864.902	0.50588
865.133	0.50571
865.364	0.50525
865.595	0.50614
865.825	0.50513
866.056	0.50564
866.287	0.5054
866.518	0.5051
866.749	0.50492
866.979	0.50436
867.21	0.50526
867.441	0.50492
867.672	0.50547
867.902	0.50523
868.133	0.50559
868.364	0.50543
868.594	0.50401
868.825	0.5049
869.056	0.50474
869.286	0.50516
869.517	0.50645
869.748	0.50546
869.978	0.50656
870.209	0.50564
870.439	0.50639
870.67	0.5061
870.9	0.50594
871.131	0.50543
871.361	0.5067
871.592	0.50551
871.822	0.50547
872.053	0.50554
872.283	0.50608
872.514	0.50577
872.744	0.50539
872.975	0.50484
873.205	0.50534
873.435	0.50539
873.666	0.50573
873.896	0.50588
874.127	0.50546
874.357	0.50523
874.587	0.50615
874.817	0.50608
875.048	0.50583
875.278	0.50523
875.508	0.50664
875.739	0.50699
875.969	0.50605
876.199	0.50645
876.429	0.50619
876.659	0.5067
876.89	0.50606
877.12	0.50671
877.35	0.50626
877.58	0.50662
877.81	0.50538
878.04	0.50539
878.27	0.50614
878.5	0.50552
878.731	0.50597
878.961	0.50654
879.191	0.50522
879.421	0.50582
879.651	0.50611
879.881	0.50616
880.111	0.50598
880.341	0.50542
880.571	0.50599
880.801	0.50633
881.03	0.50607
881.26	0.50623
881.49	0.50642
881.72	0.50667
881.95	0.50565
882.18	0.50654
882.41	0.50625
882.64	0.50735
882.869	0.50783
883.099	0.50668
883.329	0.50714
883.559	0.50666
883.789	0.50675
884.018	0.5076
884.248	0.50689
884.478	0.50779
884.707	0.50791
884.937	0.50697
885.167	0.50653
885.396	0.50718
885.626	0.50749
885.856	0.50693
886.085	0.5065
886.315	0.50666
886.545	0.50675
886.774	0.50652
887.004	0.50652
887.233	0.50645
887.463	0.50636
887.692	0.50734
887.922	0.50507
888.151	0.50756
888.381	0.50624
888.61	0.50659
888.84	0.50703
889.069	0.50657
889.299	0.5063
889.528	0.50689
889.757	0.50713
889.987	0.5078
890.216	0.50674
890.446	0.5073
890.675	0.5076
890.904	0.50761
891.134	0.50722
891.363	0.50715
891.592	0.5068
891.821	0.50713
892.051	0.50765
892.28	0.50762
892.509	0.50708
892.738	0.50707
892.968	0.50657
893.197	0.50683
893.426	0.50674
893.655	0.50663
893.884	0.50581
894.113	0.50666
894.343	0.50645
894.572	0.50626
894.801	0.50582
895.03	0.50694
895.259	0.50634
895.488	0.50688
895.717	0.50621
895.946	0.50677
896.175	0.50615
896.404	0.50665
896.633	0.50612
896.862	0.5067
897.091	0.50721
897.32	0.50665
897.549	0.5067
897.778	0.50653
898.007	0.50732
898.236	0.50716
898.464	0.50667
898.693	0.50735
898.922	0.5077
899.151	0.50663
899.38	0.50704
899.609	0.50717
899.837	0.50699
900.066	0.50598
900.295	0.50601
900.524	0.50632
900.752	0.50726
900.981	0.50661
901.21	0.50536
901.439	0.50563
901.667	0.50668
901.896	0.50671
902.125	0.50692
902.353	0.50534
902.582	0.50724
902.81	0.50644
903.039	0.50716
903.268	0.50773
903.496	0.50725
903.725	0.50692
903.953	0.5074
904.182	0.50681
904.41	0.50692
904.639	0.5075
904.867	0.5069
905.096	0.50708
905.324	0.50722
905.553	0.50763
905.781	0.50655
906.009	0.50646
906.238	0.50696
906.466	0.50688
906.695	0.5074
906.923	0.50611
907.151	0.50724
907.38	0.506
907.608	0.50717
907.836	0.50706
908.064	0.50721
908.293	0.50673
908.521	0.50729
908.749	0.50755
908.977	0.50763
909.206	0.50739
909.434	0.50757
909.662	0.50738
909.89	0.50764
910.118	0.50751
910.347	0.50673
910.575	0.50798
910.803	0.50836
911.031	0.50712
911.259	0.50788
911.487	0.50642
911.715	0.5074
911.943	0.50763
912.171	0.50695
912.399	0.50623
912.627	0.5067
912.855	0.50676
913.083	0.50684
913.311	0.50674
913.539	0.50633
913.767	0.50646
913.995	0.50601
914.223	0.50618
914.451	0.50639
914.679	0.50594
914.907	0.50625
915.134	0.50657
915.362	0.50608
915.59	0.50601
915.818	0.50657
916.046	0.50632
916.273	0.5063
916.501	0.50719
916.729	0.50691
916.957	0.50687
917.184	0.50723
917.412	0.50643
917.64	0.50725
917.867	0.5063
918.095	0.50644
918.323	0.50589
918.55	0.50678
918.778	0.50621
919.006	0.50558
919.233	0.50537
919.461	0.505
919.688	0.50564
919.916	0.50537
920.144	0.50592
920.371	0.50498
920.599	0.50471
920.826	0.50654
921.054	0.50622
921.281	0.50552
921.508	0.50485
921.736	0.50553
921.963	0.50442
922.191	0.50543
922.418	0.50507
922.646	0.50628
922.873	0.50554
923.1	0.5064
923.328	0.50546
923.555	0.50583
923.782	0.50629
924.01	0.50579
924.237	0.50572
924.464	0.50662
924.691	0.50561
924.919	0.50574
925.146	0.50525
925.373	0.50512
925.6	0.50499
925.828	0.50551
926.055	0.50423
926.282	0.50419
926.509	0.50439
926.736	0.50468
926.963	0.50417
927.19	0.50462
927.417	0.50442
927.645	0.50407
927.872	0.50405
928.099	0.50368
928.326	0.50377
928.553	0.50337
928.78	0.50419
929.007	0.50379
929.234	0.50313
929.461	0.50384
929.688	0.50364
929.915	0.50304
930.141	0.50353
930.368	0.50359
930.595	0.50368
930.822	0.50334
931.049	0.50275
931.276	0.50347
931.503	0.50301
931.729	0.50301
931.956	0.50317
932.183	0.50281
932.41	0.50279
932.637	0.50222
932.863	0.50222
933.09	0.50222
933.317	0.50249
933.544	0.50254
933.77	0.50199
933.997	0.50273
934.224	0.50155
934.45	0.50207
934.677	0.50239
934.904	0.50088
935.13	0.50187
935.357	0.50147
935.583	0.50195
935.81	0.50211
936.036	0.50145
936.263	0.50181
936.49	0.50079
936.716	0.50166
936.943	0.50156
937.169	0.50151
937.395	0.50153
937.622	0.50106
937.848	0.50123
938.075	0.50104
938.301	0.50094
938.528	0.50104
938.754	0.50006
938.98	0.50026
939.207	0.50042
939.433	0.50035
939.659	0.49961
939.886	0.49939
940.112	0.49949
940.338	0.49929
940.565	0.49847
940.791	0.49867
941.017	0.4989
941.243	0.49955
941.47	0.49801
941.696	0.49886
941.922	0.49846
942.148	0.49913
942.374	0.49858
942.6	0.49905
942.827	0.49823
943.053	0.49885
943.279	0.49772
943.505	0.4984
943.731	0.49863
943.957	0.49822
944.183	0.49817
944.409	0.49802
944.635	0.49776
944.861	0.49717
945.087	0.49812
945.313	0.49788
945.539	0.49734
945.765	0.49702
945.991	0.49696
946.217	0.49644
946.443	0.49582
946.669	0.49721
946.894	0.49657
947.12	0.49572
947.346	0.496
947.572	0.49568
947.798	0.49526
948.024	0.49484
948.249	0.49489
948.475	0.49471
948.701	0.49559
948.927	0.49503
949.152	0.49523
949.378	0.49465
949.604	0.49473
949.83	0.49424
950.055	0.49493
950.281	0.49422
950.507	0.49353
950.732	0.49408
950.958	0.49278
951.183	0.49347
951.409	0.49321
951.635	0.49232
951.86	0.49277
952.086	0.49168
952.311	0.49156
952.537	0.49165
952.762	0.49084
952.988	0.49111
953.213	0.49068
953.439	0.49021
953.664	0.49052
953.89	0.48954
954.115	0.48825
954.34	0.48868
954.566	0.48849
954.791	0.48879
955.017	0.48732
955.242	0.4869
955.467	0.48759
955.693	0.48738
955.918	0.48701
956.143	0.48642
956.368	0.48664
956.594	0.48672
956.819	0.48502
957.044	0.48599
957.269	0.48545
957.495	0.485
957.72	0.48523
957.945	0.48475
958.17	0.48418
958.395	0.48454
958.62	0.48445
958.846	0.48492
959.071	0.48425
959.296	0.48385
959.521	0.48377
959.746	0.48364
959.971	0.48251
960.196	0.48251
960.421	0.48252
960.646	0.48256
960.871	0.48296
961.096	0.4813
961.321	0.48212
961.546	0.48155
961.771	0.48162
961.996	0.48156
962.221	0.48124
962.446	0.48158
962.67	0.48011
962.895	0.48167
963.12	0.48073
963.345	0.4808
963.57	0.48077
963.795	0.48144
964.019	0.48087
964.244	0.48064
964.469	0.4806
964.694	0.4807
964.919	0.48035
965.143	0.48159
965.368	0.48042
965.593	0.48057
965.817	0.47987
966.042	0.48049
966.267	0.47983
966.491	0.47998
966.716	0.47878
966.941	0.47859
967.165	0.47952
967.39	0.47969
967.614	0.47868
967.839	0.47851
968.063	0.47901
968.288	0.47926
968.512	0.47949
968.737	0.47925
968.961	0.47922
969.186	0.47749
969.41	0.47859
969.635	0.47879
969.859	0.47831
970.084	0.47916
970.308	0.47832
970.532	0.47906
970.757	0.47933
970.981	0.47862
971.205	0.47901
971.43	0.47926
971.654	0.47939
971.878	0.47869
972.103	0.47899
972.327	0.47832
972.551	0.47852
972.775	0.47874
973	0.47817
973.224	0.47812
973.448	0.47845
973.672	0.4785
973.896	0.47798
974.121	0.47762
974.345	0.47804
974.569	0.47826
974.793	0.47733
975.017	0.478
975.241	0.47752
975.465	0.47802
975.689	0.47767
975.913	0.47819
976.137	0.47783
976.361	0.47784
976.585	0.47726
976.809	0.47792
977.033	0.47711
977.257	0.47731
977.481	0.47737
977.705	0.47779
977.929	0.47765
978.153	0.47809
978.377	0.47761
978.601	0.47754
978.825	0.47747
979.048	0.4767
979.272	0.47782
979.496	0.47731
979.72	0.47658
979.944	0.47702
980.167	0.47694
980.391	0.47665
980.615	0.4771
980.839	0.47759
981.062	0.47863
981.286	0.47703
981.51	0.47721
981.733	0.47799
981.957	0.47764
982.181	0.47799
982.404	0.47803
982.628	0.47887
982.852	0.47765
983.075	0.47806
983.299	0.47826
983.522	0.47816
983.746	0.47845
983.969	0.47779
984.193	0.47797
984.416	0.47763
984.64	0.47808
984.863	0.47821
985.087	0.47827
985.31	0.47831
985.534	0.47839
985.757	0.47881
985.98	0.4787
986.204	0.47862
986.427	0.47845
986.651	0.4795
986.874	0.47897
987.097	0.47892
987.321	0.47824
987.544	0.47956
987.767	0.47904
987.99	0.4796
988.214	0.47902
988.437	0.47843
988.66	0.47849
988.883	0.47848
989.107	0.47921
989.33	0.47858
989.553	0.47926
989.776	0.47946
989.999	0.47881
990.222	0.47819
990.445	0.479
990.669	0.47907
990.892	0.47904
991.115	0.47992
991.338	0.47912
991.561	0.47994
991.784	0.48013
992.007	0.4805
992.23	0.4806
992.453	0.4803
992.676	0.47998
992.899	0.47991
993.122	0.48029
993.345	0.48044
993.568	0.48016
993.79	0.48041
994.013	0.48029
994.236	0.4801
994.459	0.48041
994.682	0.47984
994.905	0.48032
995.128	0.48153
995.35	0.4802
995.573	0.48114
995.796	0.48079
996.019	0.48124
996.241	0.48199
996.464	0.48163
996.687	0.48038
996.909	0.48143
997.132	0.48178
997.355	0.48144
997.578	0.48173
997.8	0.48267
998.023	0.48271
998.245	0.48225
998.468	0.48284
998.691	0.48232
998.913	0.48183
999.136	0.4826
999.358	0.48179
999.581	0.48139
999.803	0.48099
1000.03	0.48268
1000.25	0.48322
1000.47	0.48171
1000.69	0.48323
1000.92	0.48227
1001.14	0.48355
1001.36	0.48301
1001.58	0.48255
1001.81	0.48248
1002.03	0.48279
1002.25	0.4832
1002.47	0.4835
1002.69	0.48371
1002.92	0.48325
1003.14	0.48197
1003.36	0.48321
1003.58	0.48278
1003.81	0.48309
1004.03	0.48348
1004.25	0.48281
1004.47	0.48429
1004.69	0.48291
1004.92	0.48416
1005.14	0.48391
1005.36	0.48428