400.59	0.03369
400.707	0.0337
400.825	0.0337
400.943	0.03369
401.061	0.03384
401.178	0.03375
401.296	0.03368
401.414	0.03379
401.532	0.03371
401.649	0.03375
401.767	0.03386
401.885	0.03381
402.002	0.03378
402.12	0.03385
402.238	0.0338
402.355	0.03387
402.473	0.03385
402.591	0.03394
402.708	0.03395
402.826	0.03396
402.944	0.03391
403.061	0.03413
403.179	0.03406
403.296	0.03393
403.414	0.03412
403.532	0.03409
403.649	0.03421
403.767	0.0342
403.884	0.03423
404.002	0.03435
404.119	0.03446
404.237	0.03447
404.355	0.03476
404.472	0.03484
404.59	0.03502
404.707	0.03518
404.825	0.03537
404.942	0.03558
405.06	0.03578
405.177	0.03596
405.295	0.03595
405.412	0.03604
405.53	0.03607
405.647	0.03617
405.765	0.03616
405.882	0.0362
406	0.03615
406.117	0.03607
406.234	0.03606
406.352	0.03599
406.469	0.03609
406.587	0.03628
406.704	0.03619
406.822	0.03612
406.939	0.03612
407.056	0.0361
407.174	0.03621
407.291	0.03613
407.408	0.03615
407.526	0.0362
407.643	0.03611
407.761	0.03608
407.878	0.03621
407.995	0.03627
408.113	0.0363
408.23	0.03621
408.347	0.03621
408.465	0.03621
408.582	0.0362
408.699	0.03621
408.816	0.03624
408.934	0.03634
409.051	0.03626
409.168	0.0363
409.286	0.03626
409.403	0.03632
409.52	0.03625
409.637	0.03627
409.755	0.03641
409.872	0.03625
409.989	0.03625
410.106	0.03639
410.224	0.0363
410.341	0.03634
410.458	0.03654
410.575	0.0364
410.692	0.03637
410.81	0.0364
410.927	0.03645
411.044	0.03634
411.161	0.0363
411.278	0.03648
411.395	0.03642
411.512	0.03653
411.63	0.03636
411.747	0.03646
411.864	0.03663
411.981	0.03643
412.098	0.0365
412.215	0.03655
412.332	0.03645
412.449	0.03656
412.566	0.03654
412.684	0.03643
412.801	0.03653
412.918	0.0366
413.035	0.03665
413.152	0.03661
413.269	0.03656
413.386	0.03653
413.503	0.03664
413.62	0.03662
413.737	0.03666
413.854	0.03669
413.971	0.03664
414.088	0.0367
414.205	0.03676
414.322	0.03668
414.439	0.03669
414.556	0.03661
414.673	0.03663
414.79	0.03676
414.907	0.03672
415.024	0.03671
415.141	0.03672
415.258	0.03679
415.374	0.03676
415.491	0.03679
415.608	0.0367
415.725	0.03672
415.842	0.03679
415.959	0.03688
416.076	0.03676
416.193	0.03687
416.31	0.0368
416.426	0.03679
416.543	0.03687
416.66	0.03684
416.777	0.03679
416.894	0.03689
417.011	0.03682
417.127	0.03678
417.244	0.03687
417.361	0.03683
417.478	0.03693
417.595	0.03695
417.711	0.03691
417.828	0.03697
417.945	0.03691
418.062	0.03687
418.179	0.03701
418.295	0.03698
418.412	0.03707
418.529	0.03701
418.646	0.03701
418.762	0.03708
418.879	0.03717
418.996	0.03711
419.112	0.03723
419.229	0.03714
419.346	0.03721
419.462	0.03722
419.579	0.0372
419.696	0.03727
419.813	0.0372
419.929	0.03721
420.046	0.03735
420.162	0.03734
420.279	0.03743
420.396	0.03736
420.512	0.03735
420.629	0.03749
420.746	0.03744
420.862	0.03749
420.979	0.03752
421.095	0.03755
421.156	0.03424
421.272	0.0342
421.389	0.03419
421.506	0.03423
421.623	0.03424
421.739	0.03435
421.856	0.03431
421.973	0.03437
422.089	0.03436
422.206	0.03438
422.323	0.03448
422.439	0.03447
422.556	0.03447
422.672	0.03449
422.789	0.03454
422.906	0.03459
423.022	0.03463
423.139	0.03463
423.256	0.03472
423.372	0.03465
423.489	0.03472
423.605	0.03477
423.722	0.03482
423.838	0.0348
423.955	0.0348
424.071	0.03491
424.188	0.03492
424.305	0.03497
424.421	0.03506
424.538	0.03512
424.654	0.03514
424.771	0.03515
424.887	0.03529
425.004	0.0354
425.12	0.03553
425.237	0.03554
425.353	0.03569
425.47	0.03578
425.586	0.03595
425.702	0.03601
425.819	0.03596
425.935	0.03607
426.052	0.03615
426.168	0.03617
426.285	0.0362
426.401	0.0362
426.517	0.03621
426.634	0.03611
426.75	0.03619
426.867	0.03616
426.983	0.0362
427.099	0.03621
427.216	0.03623
427.332	0.03624
427.448	0.03637
427.565	0.0364
427.681	0.03631
427.797	0.03636
427.914	0.0364
428.03	0.03635
428.146	0.03642
428.263	0.03646
428.379	0.03634
428.495	0.03639
428.612	0.03643
428.728	0.03654
428.844	0.03643
428.96	0.03655
429.077	0.0365
429.193	0.03652
429.309	0.03661
429.425	0.03659
429.542	0.03658
429.658	0.03662
429.774	0.03664
429.89	0.03667
430.006	0.03671
430.123	0.03672
430.239	0.03671
430.355	0.03675
430.471	0.03675
430.587	0.03681
430.703	0.03676
430.82	0.03685
430.936	0.03684
431.052	0.03685
431.168	0.0369
431.284	0.03695
431.4	0.03695
431.516	0.03698
431.633	0.03702
431.749	0.03696
431.865	0.03701
431.981	0.03706
432.097	0.03703
432.213	0.03716
432.329	0.03711
432.445	0.03711
432.561	0.03718
432.677	0.03714
432.793	0.03718
432.909	0.03722
433.025	0.03718
433.141	0.03727
433.257	0.03726
433.373	0.03732
433.489	0.0373
433.605	0.03736
433.721	0.03729
433.837	0.03737
433.953	0.03743
434.069	0.03737
434.185	0.03748
434.301	0.03746
434.417	0.03749
434.533	0.03746
434.649	0.03751
434.765	0.03755
434.881	0.03754
434.997	0.03761
435.113	0.03766
435.228	0.03759
435.344	0.03762
435.46	0.03762
435.576	0.03764
435.692	0.03769
435.808	0.03772
435.924	0.03773
436.04	0.03774
436.155	0.03776
436.271	0.03773
436.387	0.0378
436.503	0.03777
436.619	0.03789
436.734	0.03788
436.85	0.03793
436.966	0.03785
437.082	0.03792
437.198	0.03793
437.313	0.03793
437.429	0.03793
437.545	0.03802
437.661	0.03802
437.776	0.03801
437.892	0.03803
438.008	0.03805
438.124	0.03799
438.239	0.03812
438.355	0.0381
438.471	0.03805
438.586	0.03815
438.702	0.03811
438.818	0.03816
438.933	0.03817
439.049	0.03822
439.165	0.03828
439.28	0.03829
439.396	0.03822
439.512	0.0383
439.627	0.03833
439.743	0.03818
439.859	0.03835
439.974	0.03842
440.09	0.03841
440.205	0.03839
440.321	0.0384
440.437	0.03839
440.552	0.03844
440.668	0.03844
440.783	0.0385
440.899	0.03849
441.014	0.03851
441.13	0.03852
441.246	0.03859
441.361	0.03856
441.477	0.03861
441.592	0.03861
441.708	0.03857
441.823	0.03861
441.939	0.0386
442.054	0.03867
442.17	0.03872
442.285	0.03869
442.401	0.03867
442.516	0.03873
442.631	0.03871
442.747	0.03875
442.862	0.03881
442.978	0.03881
443.093	0.03887
443.209	0.03882
443.324	0.03885
443.439	0.03893
443.555	0.03886
443.67	0.0389
443.786	0.03891
443.901	0.0389
444.016	0.03899
444.132	0.03892
444.247	0.03905
444.362	0.03896
444.478	0.039
444.593	0.03908
444.708	0.03902
444.824	0.0391
444.939	0.03901
445.054	0.03912
445.17	0.03909
445.285	0.0391
445.4	0.03915
445.516	0.03912
445.631	0.03911
445.746	0.03913
445.861	0.03913
445.977	0.03919
446.092	0.03928
446.207	0.03927
446.322	0.0393
446.438	0.03931
446.553	0.03933
446.668	0.03935
446.783	0.03936
446.898	0.03937
447.014	0.03942
447.129	0.03939
447.244	0.03939
447.359	0.0394
447.474	0.03943
447.59	0.03948
447.705	0.03952
447.82	0.03951
447.935	0.03954
448.05	0.03948
448.165	0.03958
448.28	0.03963
448.395	0.03954
448.511	0.03959
448.626	0.03964
448.741	0.03964
448.856	0.03959
448.971	0.03965
449.086	0.03971
449.201	0.0397
449.316	0.03975
449.431	0.03973
449.546	0.03972
449.661	0.03985
449.776	0.03969
449.891	0.03979
450.006	0.03981
450.121	0.03979
450.236	0.03987
450.351	0.03987
450.466	0.0399
450.581	0.03987
450.696	0.03985
450.811	0.03991
450.926	0.03992
451.041	0.03992
451.156	0.03993
451.271	0.04004
451.386	0.03993
451.501	0.03996
451.616	0.04008
451.731	0.04004
451.846	0.04004
451.96	0.04006
452.075	0.03998
452.19	0.03998
452.305	0.04007
452.42	0.04011
452.535	0.04003
452.65	0.04009
452.764	0.04006
452.879	0.0402
452.994	0.04014
453.109	0.04017
453.224	0.04019
453.339	0.04014
453.453	0.04017
453.568	0.04019
453.683	0.04012
453.798	0.04014
453.913	0.04029
454.027	0.04022
454.142	0.04022
454.257	0.04025
454.372	0.04018
454.486	0.04025
454.601	0.04023
454.716	0.04026
454.831	0.04025
454.945	0.04025
455.06	0.04027
455.175	0.04028
455.289	0.04026
455.404	0.04027
455.519	0.04024
455.633	0.04023
455.748	0.04032
455.863	0.0402
455.977	0.04029
456.092	0.04032
456.207	0.04032
456.321	0.04032
456.436	0.04034
456.55	0.04035
456.665	0.04033
456.78	0.04032
456.894	0.04028
457.009	0.04036
457.14	0.03936
457.255	0.03937
457.37	0.03928
457.484	0.03941
457.599	0.03926
457.714	0.03943
457.829	0.03932
457.944	0.03929
458.058	0.03924
458.173	0.03923
458.288	0.03925
458.403	0.03937
458.517	0.03922
458.632	0.03932
458.747	0.03927
458.862	0.03923
458.976	0.03926
459.091	0.03926
459.206	0.03931
459.32	0.03939
459.435	0.03932
459.55	0.03929
459.664	0.03928
459.779	0.03939
459.894	0.03926
460.008	0.03925
460.123	0.03931
460.238	0.03929
460.352	0.03928
460.467	0.03939
460.582	0.03944
460.696	0.03941
460.811	0.03941
460.925	0.03942
461.04	0.03954
461.155	0.03956
461.269	0.03959
461.384	0.03966
461.498	0.0397
461.613	0.03976
461.727	0.0398
461.842	0.0397
461.956	0.03976
462.071	0.03987
462.185	0.03981
462.3	0.03984
462.415	0.03976
462.529	0.03983
462.644	0.0397
462.758	0.03984
462.872	0.0398
462.987	0.03974
463.101	0.03981
463.216	0.03981
463.33	0.03989
463.445	0.03979
463.559	0.03981
463.674	0.03977
463.788	0.03982
463.902	0.03976
464.017	0.03983
464.131	0.03982
464.246	0.03979
464.36	0.03973
464.474	0.0397
464.589	0.03966
464.703	0.03974
464.818	0.03973
464.932	0.03976
465.046	0.03963
465.161	0.03974
465.275	0.03978
465.389	0.03968
465.504	0.03969
465.618	0.0398
465.732	0.03973
465.846	0.03972
465.961	0.03981
466.075	0.03974
466.189	0.03968
466.304	0.03966
466.418	0.03977
466.532	0.03976
466.646	0.03966
466.761	0.03971
466.875	0.03971
466.989	0.03979
467.103	0.03972
467.217	0.03976
467.332	0.03973
467.446	0.03971
467.56	0.03969
467.674	0.03973
467.788	0.0397
467.903	0.03976
468.017	0.03971
468.131	0.03967
468.245	0.03974
468.359	0.03978
468.473	0.03972
468.588	0.03971
468.702	0.03986
468.816	0.03973
468.93	0.03971
469.044	0.03969
469.158	0.03964
469.272	0.03976
469.386	0.03971
469.5	0.03983
469.614	0.03974
469.728	0.0398
469.842	0.03973
469.956	0.03971
470.071	0.03973
470.185	0.03972
470.299	0.03979
470.413	0.03973
470.527	0.03968
470.641	0.03971
470.755	0.03972
470.869	0.03972
470.983	0.0398
471.097	0.03971
471.211	0.03978
471.324	0.03976
471.438	0.03968
471.552	0.03978
471.666	0.03974
471.78	0.03971
471.894	0.03974
472.008	0.03973
472.122	0.03975
472.236	0.03978
472.35	0.03976
472.464	0.03973
472.578	0.03989
472.691	0.03976
472.805	0.03972
472.919	0.03971
473.033	0.03977
473.147	0.03976
473.261	0.03985
473.375	0.03976
473.488	0.03981
473.602	0.0398
473.716	0.03978
473.83	0.03981
473.944	0.03976
474.057	0.0397
474.171	0.03976
474.285	0.03978
474.399	0.03975
474.512	0.03981
474.626	0.0398
474.74	0.03981
474.854	0.03976
474.967	0.03984
475.081	0.03975
475.195	0.03987
475.309	0.03979
475.422	0.03977
475.536	0.03981
475.65	0.03973
475.763	0.03988
475.877	0.03989
475.991	0.03986
476.104	0.03983
476.218	0.03985
476.332	0.03988
476.445	0.03987
476.559	0.0399
476.673	0.03991
476.786	0.03986
476.9	0.03983
477.013	0.03985
477.127	0.03991
477.241	0.03986
477.354	0.03986
477.468	0.03987
477.581	0.03988
477.695	0.03994
477.808	0.03993
477.922	0.03987
478.036	0.03992
478.149	0.03994
478.263	0.03991
478.376	0.03985
478.49	0.03993
478.603	0.03992
478.717	0.03996
478.83	0.04002
478.944	0.0399
479.057	0.04
479.171	0.03993
479.284	0.03992
479.397	0.03987
479.511	0.03995
479.624	0.03988
479.738	0.03991
479.851	0.03995
479.965	0.03997
480.078	0.0399
480.191	0.03993
480.305	0.03998
480.418	0.03992
480.532	0.04005
480.645	0.04002
480.758	0.04006
480.872	0.04005
480.985	0.03997
481.098	0.04002
481.212	0.03995
481.325	0.04005
481.438	0.04002
481.552	0.04005
481.665	0.04005
481.778	0.04001
481.892	0.04
482.005	0.04002
482.118	0.04006
482.232	0.04
482.345	0.04007
482.458	0.04003
482.571	0.04006
482.685	0.04004
482.798	0.04002
482.911	0.04005
483.024	0.04008
483.137	0.04004
483.251	0.04005
483.364	0.04016
483.477	0.04011
483.59	0.04
483.703	0.04011
483.817	0.04007
483.93	0.04002
484.043	0.04007
484.156	0.04005
484.269	0.04004
484.382	0.04016
484.496	0.04006
484.609	0.04017
484.722	0.04005
484.835	0.04017
484.948	0.04013
485.061	0.04015
485.174	0.04017
485.287	0.04015
485.4	0.0402
485.513	0.04012
485.627	0.04012
485.74	0.0402
485.853	0.04015
485.966	0.04018
486.079	0.04015
486.192	0.04014
486.305	0.04018
486.418	0.04019
486.531	0.04017
486.644	0.04023
486.757	0.04023
486.87	0.04023
486.983	0.04033
487.096	0.04027
487.209	0.04024
487.322	0.04021
487.435	0.04027
487.547	0.04025
487.66	0.04025
487.773	0.04027
487.886	0.04033
487.999	0.04034
488.112	0.04037
488.225	0.0403
488.338	0.04031
488.451	0.04041
488.564	0.04039
488.676	0.04049
488.789	0.04036
488.902	0.04034
489.015	0.04043
489.128	0.04042
489.241	0.04042
489.354	0.04048
489.466	0.04049
489.579	0.04047
489.692	0.04051
489.805	0.04053
489.918	0.04054
490.03	0.04047
490.143	0.04055
490.256	0.04055
490.369	0.04058
490.481	0.04057
490.594	0.04063
490.707	0.04066
490.82	0.04062
490.932	0.04069
491.045	0.04069
491.158	0.04068
491.27	0.0407
491.383	0.04065
491.496	0.04074
491.609	0.04068
491.721	0.04078
491.834	0.04082
491.947	0.04082
492.059	0.04083
492.172	0.0409
492.284	0.04085
492.397	0.04086
492.51	0.0409
492.622	0.04096
492.735	0.04102
492.848	0.04097
492.96	0.04099
493.073	0.04104
493.185	0.04101
493.298	0.04108
493.41	0.04115
493.523	0.04114
493.636	0.04113
493.748	0.04111
493.861	0.04116
493.973	0.0412
494.086	0.04126
494.198	0.04125
494.311	0.04129
494.423	0.0413
494.536	0.04131
494.648	0.04135
494.761	0.04136
494.873	0.04139
494.986	0.04145
495.098	0.04148
495.211	0.04148
495.323	0.04149
495.435	0.04157
495.548	0.04147
495.66	0.04152
495.773	0.0416
495.885	0.04164
495.997	0.04165
496.11	0.04162
496.222	0.04171
496.335	0.04181
496.447	0.04181
496.559	0.04182
496.672	0.04187
496.784	0.04186
496.896	0.04192
497.009	0.04194
497.121	0.04191
497.233	0.04197
497.346	0.04202
497.458	0.04215
497.57	0.04214
497.683	0.04214
497.795	0.04222
497.907	0.04225
498.019	0.04228
498.132	0.04236
498.244	0.04236
498.356	0.04237
498.468	0.04247
498.581	0.04253
498.693	0.04253
498.805	0.04256
498.917	0.04267
499.03	0.04275
499.142	0.04274
499.254	0.04284
499.366	0.04285
499.478	0.04288
499.59	0.04288
499.703	0.04299
499.815	0.04309
499.927	0.04302
500.039	0.04304
500.151	0.04319
500.263	0.04324
500.375	0.04329
500.488	0.04332
500.6	0.04332
500.712	0.04345
500.824	0.04349
500.936	0.0435
501.048	0.04358
501.16	0.04367
501.272	0.04365
501.384	0.04375
501.496	0.04381
501.608	0.0439
501.72	0.04396
501.832	0.04397
501.944	0.04393
502.056	0.04416
502.168	0.04419
502.28	0.04431
502.392	0.04426
502.504	0.04442
502.616	0.04447
502.728	0.04447
502.84	0.04456
502.952	0.04469
503.064	0.0447
503.176	0.04475
503.288	0.04484
503.496	0.04496
503.608	0.04495
503.721	0.04505
503.833	0.04514
503.945	0.04519
504.057	0.04528
504.17	0.04546
504.282	0.04544
504.394	0.04555
504.506	0.04553
504.618	0.04567
504.731	0.04579
504.843	0.04582
504.955	0.046
505.067	0.04591
505.179	0.04615
505.292	0.04626
505.404	0.04633
505.516	0.04632
505.628	0.04652
505.74	0.04665
505.852	0.04665
505.964	0.04685
506.076	0.04687
506.189	0.04699
506.301	0.04705
506.413	0.04719
506.525	0.04723
506.637	0.04751
506.749	0.0474
506.861	0.04757
506.973	0.04776
507.085	0.04786
507.197	0.04808
507.309	0.04812
507.421	0.04833
507.533	0.0485
507.645	0.04866
507.757	0.04873
507.869	0.04883
507.981	0.04904
508.093	0.04919
508.205	0.04929
508.317	0.04936
508.429	0.04942
508.541	0.04967
508.653	0.04979
508.765	0.04988
508.877	0.05
508.989	0.05008
509.101	0.05024
509.213	0.05035
509.325	0.05047
509.437	0.05063
509.548	0.05087
509.66	0.05096
509.772	0.05103
509.884	0.0512
509.996	0.0514
510.108	0.05146
510.22	0.05163
510.332	0.05175
510.443	0.05194
510.555	0.05201
510.667	0.05224
510.779	0.05247
510.891	0.05249
511.002	0.05264
511.114	0.0528
511.226	0.05302
511.338	0.05313
511.45	0.05332
511.561	0.05349
511.673	0.05367
511.785	0.05388
511.897	0.05398
512.008	0.05419
512.12	0.05433
512.232	0.05448
512.343	0.05464
512.455	0.05487
512.567	0.05498
512.678	0.05516
512.79	0.05534
512.902	0.05561
513.013	0.05573
513.125	0.05592
513.237	0.05608
513.348	0.05634
513.46	0.05643
513.572	0.05659
513.683	0.05678
513.795	0.05708
513.907	0.05718
514.018	0.05737
514.13	0.05756
514.241	0.05782
514.353	0.058
514.464	0.05819
514.576	0.0584
514.688	0.05855
514.799	0.05875
514.911	0.05888
515.022	0.05921
515.134	0.05947
515.245	0.05953
515.357	0.05986
515.468	0.06008
515.58	0.06029
515.691	0.06049
515.803	0.0607
515.914	0.06086
516.026	0.0611
516.137	0.06132
516.249	0.0616
516.36	0.06184
516.471	0.06203
516.583	0.06232
516.694	0.06243
516.806	0.06275
516.917	0.0629
517.029	0.06321
517.14	0.06336
517.251	0.06353
517.363	0.06383
517.474	0.06409
517.585	0.06434
517.697	0.06459
517.808	0.06483
517.919	0.06499
518.031	0.06521
518.142	0.0653
518.253	0.06555
518.365	0.06591
518.476	0.06611
518.587	0.06636
518.699	0.06659
518.81	0.06685
518.921	0.06707
519.032	0.06739
519.144	0.06762
519.255	0.06787
519.366	0.06804
519.477	0.06842
519.589	0.06845
519.7	0.06873
519.811	0.06895
519.922	0.06921
520.034	0.06936
520.145	0.06964
520.256	0.06993
520.367	0.07024
520.478	0.07027
520.589	0.07065
520.701	0.07091
520.812	0.07111
520.923	0.07132
521.034	0.07146
521.145	0.07173
521.256	0.07212
521.367	0.07225
521.479	0.07256
521.59	0.07272
521.701	0.07303
521.812	0.0733
521.923	0.07348
522.034	0.07378
522.145	0.07388
522.256	0.07406
522.367	0.07428
522.478	0.07448
522.589	0.07472
522.7	0.07505
522.811	0.07521
522.922	0.0754
523.033	0.07561
523.144	0.07586
523.255	0.07606
523.366	0.0763
523.477	0.07657
523.588	0.07672
523.699	0.07694
523.81	0.07711
523.921	0.07738
524.032	0.07754
524.143	0.07785
524.254	0.07803
524.365	0.07818
524.476	0.07841
524.587	0.07874
524.697	0.07882
524.808	0.07895
524.919	0.07919
525.03	0.07933
525.141	0.07957
525.252	0.07988
525.363	0.07991
525.473	0.08012
525.584	0.08029
525.695	0.08057
525.806	0.08064
525.917	0.08078
526.028	0.08092
526.138	0.0811
526.249	0.08134
526.36	0.08156
526.471	0.08156
526.581	0.08198
526.692	0.08196
526.803	0.08211
526.914	0.08242
527.024	0.08255
527.135	0.08263
527.246	0.08294
527.357	0.08301
527.467	0.08301
527.578	0.08326
527.689	0.08347
527.799	0.08352
527.91	0.08371
528.021	0.08386
528.131	0.08398
528.242	0.08414
528.353	0.08429
528.463	0.08443
528.574	0.08454
528.685	0.08475
528.795	0.0849
528.906	0.08502
529.016	0.08519
529.127	0.0852
529.238	0.0853
529.348	0.08545
529.459	0.08564
529.569	0.0858
529.68	0.0859
529.79	0.08599
529.901	0.08593
530.011	0.08615
530.122	0.0863
530.233	0.08635
530.343	0.08644
530.454	0.08669
530.564	0.08681
530.675	0.08689
530.785	0.08697
530.895	0.08705
531.006	0.08704
531.116	0.08712
531.227	0.08737
531.337	0.08753
531.448	0.08762
531.558	0.08764
531.669	0.08763
531.779	0.08789
531.889	0.08788
532	0.08812
532.11	0.08803
532.221	0.08815
532.331	0.08821
532.441	0.08834
532.552	0.08837
532.662	0.08836
532.772	0.08859
532.883	0.0886
532.993	0.08877
533.103	0.08872
533.214	0.08886
533.324	0.08888
533.434	0.08897
533.545	0.08913
533.655	0.08904
533.765	0.08918
533.876	0.08924
533.986	0.08917
534.096	0.08955
534.206	0.08937
534.317	0.08945
534.427	0.08954
534.537	0.08966
534.647	0.08963
534.757	0.08983
534.868	0.08985
534.978	0.08977
535.088	0.08999
535.198	0.09008
535.308	0.08999
535.419	0.09017
535.529	0.09007
535.639	0.09027
535.749	0.09028
535.859	0.09031
535.969	0.09035
536.079	0.09044
536.19	0.09045
536.3	0.0905
536.41	0.09047
536.52	0.09048
536.63	0.09071
536.74	0.09065
536.85	0.09073
536.96	0.0907
537.07	0.09077
537.18	0.09093
537.29	0.09076
537.4	0.0908
537.51	0.091
537.62	0.09076
537.73	0.09106
537.84	0.09112
537.95	0.09103
538.06	0.09114
538.17	0.09112
538.28	0.09111
538.39	0.0912
538.5	0.09136
538.61	0.09135
538.72	0.09136
538.83	0.09136
538.94	0.09137
539.05	0.09136
539.16	0.09154
539.27	0.09138
539.38	0.09154
539.49	0.09171
539.599	0.09154
539.709	0.09165
539.819	0.09173
539.929	0.09158
540.039	0.0917
540.149	0.09175
540.259	0.09179
540.368	0.09167
540.478	0.09175
540.588	0.09179
540.698	0.09191
540.808	0.09179
540.917	0.09184
541.027	0.09197
541.137	0.09192
541.247	0.09179
541.357	0.09201
541.466	0.09207
541.576	0.09185
541.686	0.09201
541.796	0.09201
541.905	0.09204
542.015	0.09213
542.125	0.09216
542.234	0.09211
542.344	0.09223
542.454	0.0923
542.564	0.09228
542.673	0.09237
542.783	0.09221
542.893	0.09231
543.002	0.09239
543.112	0.09226
543.221	0.09239
543.331	0.0925
543.441	0.09234
543.55	0.09269
543.66	0.0924
543.77	0.09253
543.879	0.09255
543.989	0.09261
544.098	0.09267
544.208	0.09271
544.317	0.09268
544.427	0.09264
544.536	0.09261
544.646	0.09293
544.756	0.09286
544.865	0.09293
544.975	0.09293
545.084	0.09297
545.194	0.09284
545.303	0.09302
545.413	0.0931
545.522	0.09301
545.632	0.09302
545.741	0.09311
545.85	0.09321
545.96	0.09306
546.069	0.09316
546.179	0.09325
546.288	0.09322
546.398	0.09307
546.507	0.0932
546.616	0.0934
546.726	0.09344
546.835	0.0935
546.945	0.09353
547.054	0.09353
547.163	0.09348
547.273	0.09354
547.382	0.09356
547.491	0.09377
547.601	0.0936
547.71	0.09384
547.819	0.09372
547.929	0.09391
548.038	0.09376
548.147	0.09387
548.257	0.09399
548.366	0.09388
548.475	0.09402
548.584	0.09398
548.694	0.09413
548.803	0.09415
548.912	0.09411
549.021	0.09414
549.131	0.09419
549.24	0.09431
549.349	0.09423
549.458	0.09441
549.567	0.09444
549.677	0.09451
549.786	0.09446
549.895	0.09455
550.004	0.09452
550.113	0.0947
550.222	0.09463
550.332	0.09469
550.441	0.0946
550.55	0.09462
550.659	0.09474
550.768	0.09471
550.877	0.09457
550.986	0.09479
551.095	0.09481
551.204	0.09488
551.314	0.09487
551.423	0.09478
551.532	0.09489
551.641	0.09478
551.75	0.09495
551.859	0.09494
551.968	0.095
552.077	0.09502
552.186	0.09494
552.295	0.0948
552.404	0.09504
552.513	0.09491
552.622	0.09514
552.731	0.09507
552.84	0.09503
552.949	0.09509
553.058	0.0951
553.167	0.09497
553.276	0.09497
553.385	0.09499
553.493	0.09496
553.602	0.09501
553.711	0.09505
553.82	0.09496
553.929	0.09484
554.038	0.09501
554.147	0.09482
554.256	0.09489
554.365	0.09497
554.473	0.09477
554.582	0.09485
554.691	0.09493
554.8	0.09482
554.909	0.09474
555.018	0.09472
555.126	0.09479
555.235	0.09459
555.344	0.0947
555.453	0.09461
555.562	0.09457
555.67	0.09476
555.779	0.09448
555.888	0.0945
555.997	0.09453
556.105	0.09452
556.214	0.09451
556.323	0.0944
556.432	0.09433
556.54	0.09435
556.649	0.09418
556.758	0.09413
556.866	0.09409
556.975	0.09414
557.084	0.09406
557.192	0.09397
557.301	0.09395
557.41	0.09381
557.518	0.09392
557.627	0.09365
557.736	0.0937
557.844	0.09371
557.953	0.09355
558.061	0.09336
558.17	0.09336
558.279	0.09327
558.387	0.09327
558.496	0.09317
558.604	0.0929
558.713	0.09309
558.821	0.09293
558.93	0.09297
559.039	0.09271
559.147	0.09263
559.256	0.09257
559.364	0.09257
559.473	0.09251
559.581	0.09246
559.69	0.09244
559.798	0.0922
559.907	0.0922
560.015	0.09219
560.123	0.09201
560.232	0.09186
560.34	0.09184
560.449	0.0918
560.557	0.09185
560.666	0.09164
560.774	0.0915
560.882	0.09127
560.991	0.09137
561.099	0.09121
561.208	0.09119
561.316	0.09116
561.424	0.09102
561.533	0.09082
561.641	0.09081
561.749	0.09079
561.858	0.09056
561.966	0.09046
562.074	0.09044
562.183	0.09043
562.291	0.09023
562.399	0.09018
562.508	0.09021
562.616	0.08993
562.724	0.08986
562.832	0.08969
562.941	0.08969
563.049	0.08956
563.157	0.0895
563.265	0.08928
563.374	0.0892
563.482	0.08913
563.59	0.0891
563.698	0.08891
563.807	0.08895
563.915	0.08879
564.023	0.08868
564.131	0.0886
564.239	0.08848
564.347	0.08827
564.456	0.08829
564.564	0.08814
564.672	0.08814
564.78	0.08787
564.888	0.08771
564.996	0.08773
565.104	0.0876
565.212	0.08744
565.321	0.08728
565.429	0.08728
565.537	0.08703
565.645	0.08688
565.753	0.08668
565.861	0.0867
565.969	0.08654
566.077	0.08649
566.185	0.08639
566.293	0.08607
566.401	0.0859
566.509	0.08593
566.617	0.08569
566.725	0.08563
566.833	0.08549
566.941	0.08536
567.049	0.08524
567.157	0.08505
567.265	0.08501
567.373	0.08494
567.481	0.08469
567.589	0.08462
567.697	0.08429
567.805	0.0842
567.912	0.08408
568.02	0.0839
568.128	0.08381
568.236	0.08362
568.344	0.08358
568.452	0.08356
568.56	0.08331
568.668	0.0832
568.775	0.08291
568.883	0.08289
568.991	0.08276
569.099	0.08249
569.207	0.08246
569.315	0.08222
569.422	0.08207
569.53	0.08196
569.638	0.08178
569.746	0.0817
569.853	0.0814
569.961	0.08141
570.069	0.0813
570.177	0.08119
570.284	0.08102
570.392	0.08071
570.5	0.08065
570.608	0.08041
570.715	0.08043
570.823	0.08015
570.931	0.07996
571.038	0.07991
571.146	0.07967
571.254	0.0797
571.361	0.07931
571.469	0.07934
571.577	0.07919
571.684	0.07899
571.792	0.07891
571.9	0.07874
572.007	0.07869
572.115	0.07854
572.222	0.07834
572.33	0.07833
572.438	0.07812
572.545	0.07802
572.653	0.07785
572.76	0.07777
572.868	0.0776
572.975	0.07748
573.083	0.07736
573.191	0.07713
573.298	0.0771
573.406	0.07694
573.513	0.0769
573.621	0.07663
573.728	0.07661
573.836	0.07643
573.943	0.07642
574.051	0.07622
574.158	0.07616
574.265	0.07595
574.373	0.07592
574.48	0.07578
574.588	0.07566
574.695	0.07549
574.803	0.07546
574.91	0.0753
575.017	0.07523
575.125	0.07502
575.232	0.07485
575.34	0.07489
575.447	0.07482
575.554	0.07456
575.662	0.07452
575.769	0.07451
575.876	0.07437
575.984	0.07431
576.091	0.07409
576.198	0.07403
576.306	0.07398
576.413	0.07383
576.52	0.0737
576.627	0.07353
576.735	0.07347
576.842	0.07339
576.949	0.07333
577.057	0.07318
577.164	0.07323
577.271	0.073
577.378	0.07292
577.485	0.07285
577.593	0.07271
577.7	0.07262
577.807	0.07256
577.914	0.07248
578.021	0.07242
578.129	0.07223
578.236	0.07222
578.343	0.07204
578.45	0.07191
578.557	0.07185
578.664	0.07184
578.772	0.07179
578.879	0.07174
578.986	0.07162
579.093	0.07156
579.2	0.07146
579.307	0.07138
579.414	0.07132
579.521	0.07127
579.628	0.0712
579.735	0.07107
579.842	0.07092
579.949	0.07097
580.057	0.07081
580.164	0.07076
580.271	0.07072
580.378	0.07061
580.485	0.0705
580.592	0.0705
580.699	0.07045
580.806	0.07018
580.913	0.0702
581.019	0.07014
581.126	0.07003
581.233	0.07002
581.34	0.06987
581.447	0.0699
581.554	0.06979
581.661	0.06975
581.768	0.06967
581.875	0.06965
581.982	0.0696
582.089	0.06942
582.196	0.06939
582.302	0.06931
582.409	0.06926
582.516	0.06926
582.623	0.06909
582.73	0.06906
582.837	0.06897
582.944	0.06893
583.05	0.06886
583.157	0.06879
583.264	0.06872
583.371	0.06868
583.478	0.06853
583.584	0.06858
583.691	0.0685
583.798	0.0685
583.905	0.06838
584.011	0.06843
584.118	0.06837
584.225	0.06819
584.332	0.06814
584.438	0.06821
584.545	0.06805
584.652	0.06799
584.758	0.06808
584.865	0.06783
584.972	0.06791
585.079	0.06775
585.185	0.06764
585.292	0.06762
585.399	0.06765
585.505	0.0675
585.612	0.06751
585.718	0.06737
585.825	0.06745
585.932	0.06744
586.038	0.06725
586.145	0.06724
586.251	0.06723
586.358	0.06729
586.465	0.06711
586.571	0.06712
586.678	0.06705
586.784	0.06705
586.891	0.06692
586.997	0.06691
587.104	0.06684
587.21	0.06676
587.317	0.06671
587.423	0.06667
587.53	0.0667
587.636	0.0666
587.743	0.06657
587.849	0.06649
587.956	0.06645
588.062	0.06648
588.169	0.06642
588.275	0.06623
588.382	0.06629
588.488	0.06628
588.594	0.06631
588.701	0.06617
588.807	0.06613
588.914	0.06605
589.02	0.06603
589.126	0.06595
589.233	0.06599
589.339	0.06598
589.445	0.06585
589.552	0.06592
589.658	0.0658
589.764	0.06585
589.871	0.0658
589.977	0.06573
590.083	0.0657
590.19	0.06567
590.296	0.06565
590.402	0.06558
590.509	0.06551
590.615	0.06558
590.721	0.06555
590.827	0.06548
590.934	0.06551
591.04	0.06537
591.146	0.06545
591.252	0.06528
591.359	0.06537
591.465	0.06521
591.571	0.06528
591.677	0.06515
591.783	0.06518
591.889	0.0652
591.996	0.06521
592.102	0.06502
592.208	0.06511
592.314	0.06511
592.42	0.06505
592.526	0.06498
592.633	0.06501
592.739	0.06498
592.845	0.06484
592.951	0.06489
593.057	0.06488
593.163	0.06482
593.269	0.06489
593.375	0.06486
593.481	0.06485
593.587	0.06478
593.693	0.0648
593.799	0.06482
593.905	0.06466
594.011	0.06471
594.117	0.06466
594.223	0.06466
594.329	0.06471
594.435	0.0647
594.541	0.06463
594.647	0.06451
594.753	0.06458
594.859	0.0646
594.965	0.06455
595.071	0.06455
595.177	0.06447
595.283	0.06444
595.389	0.06435
595.495	0.06431
595.601	0.06437
595.707	0.06442
595.813	0.06436
595.918	0.06438
596.024	0.06431
596.13	0.06435
596.236	0.06441
596.342	0.06433
596.448	0.06417
596.554	0.06425
596.659	0.06424
596.765	0.0642
596.871	0.06424
596.977	0.06422
597.083	0.06424
597.188	0.06418
597.294	0.06419
597.4	0.06418
597.506	0.06418
597.611	0.06413
597.717	0.06421
597.823	0.06399
597.929	0.06407
598.034	0.064
598.14	0.06396
598.246	0.06397
598.352	0.06391
598.457	0.06392
598.563	0.06397
598.669	0.06402
598.774	0.06403
598.88	0.06412
598.986	0.06394
599.091	0.06389
599.197	0.06403
599.303	0.0638
599.408	0.06394
599.514	0.06385
599.619	0.06382
599.725	0.06385
599.831	0.0638
599.936	0.06374
600.042	0.06374
600.147	0.06375
600.253	0.06372
600.358	0.06373
600.464	0.06372
600.57	0.06361
600.675	0.06363
600.781	0.06376
600.886	0.06359
600.992	0.06355
601.097	0.06359
601.203	0.06352
601.308	0.06362
601.414	0.06356
601.519	0.06354
601.624	0.06344
601.73	0.06346
601.835	0.06339
601.941	0.06349
602.046	0.06345
602.152	0.06339
602.257	0.0633
602.362	0.06335
602.468	0.06339
602.573	0.06316
602.679	0.06325
602.784	0.06318
602.889	0.06321
602.995	0.06325
603.1	0.06315
603.205	0.06306
603.311	0.06305
603.416	0.0631
603.521	0.063
603.627	0.063
603.732	0.06305
603.837	0.06298
603.943	0.06293
604.048	0.06288
604.153	0.06279
604.258	0.06281
604.364	0.06276
604.469	0.06271
604.574	0.06268
604.679	0.06271
604.785	0.06265
604.89	0.06262
604.995	0.06251
605.1	0.0625
605.205	0.06247
605.311	0.06245
605.416	0.06243
605.521	0.06239
605.626	0.06243
605.731	0.06227
605.837	0.06225
605.942	0.06226
606.047	0.06223
606.152	0.0621
606.257	0.0621
606.362	0.06211
606.467	0.06208
606.572	0.06208
606.702	0.06223
606.809	0.06212
606.915	0.06216
607.021	0.06204
607.127	0.062
607.233	0.062
607.339	0.06205
607.445	0.06196
607.551	0.06183
607.657	0.06193
607.763	0.06178
607.87	0.06168
607.976	0.06163
608.082	0.0616
608.188	0.06161
608.294	0.06152
608.4	0.06141
608.506	0.06145
608.612	0.06138
608.718	0.06131
608.824	0.06136
608.93	0.06122
609.036	0.06116
609.142	0.06115
609.247	0.0611
609.353	0.06103
609.459	0.06099
609.565	0.061
609.671	0.06097
609.777	0.06089
609.883	0.06081
609.989	0.06079
610.095	0.06077
610.201	0.06077
610.307	0.06079
610.412	0.06068
610.518	0.06073
610.624	0.06066
610.73	0.06062
610.836	0.06062
610.942	0.06054
611.047	0.06054
611.153	0.06041
611.259	0.06043
611.365	0.06043
611.471	0.06037
611.576	0.06032
611.682	0.06032
611.788	0.06015
611.894	0.06014
611.999	0.06008
612.105	0.06011
612.211	0.05995
612.317	0.06002
612.422	0.05996
612.528	0.05989
612.634	0.05976
612.739	0.05975
612.845	0.0597
612.951	0.05976
613.056	0.05971
613.162	0.0597
613.268	0.05961
613.373	0.0596
613.479	0.05952
613.585	0.05948
613.69	0.05945
613.796	0.05939
613.901	0.05942
614.007	0.05933
614.113	0.05924
614.218	0.05922
614.324	0.05924
614.429	0.05909
614.535	0.05916
614.64	0.05907
614.746	0.05905
614.852	0.05905
614.957	0.05901
615.063	0.05902
615.168	0.05888
615.274	0.05898
615.379	0.05889
615.485	0.05878
615.59	0.05881
615.696	0.05876
615.801	0.05871
615.906	0.05872
616.012	0.05857
616.117	0.05859
616.223	0.0585
616.328	0.05854
616.434	0.05853
616.539	0.05846
616.644	0.05845
616.75	0.05838
616.855	0.0584
616.961	0.05828
617.066	0.05817
617.171	0.05816
617.277	0.05821
617.382	0.05822
617.487	0.05814
617.593	0.05815
617.698	0.05802
617.803	0.05803
617.909	0.05803
618.014	0.05805
618.119	0.05802
618.224	0.05807
618.33	0.05798
618.435	0.05795
618.54	0.05794
618.645	0.05792
618.751	0.05787
618.856	0.05784
618.961	0.05771
619.066	0.05774
619.172	0.0578
619.277	0.05774
619.382	0.0577
619.487	0.05756
619.592	0.05753
619.697	0.05756
619.803	0.0576
619.908	0.05759
620.013	0.05753
620.118	0.05752
620.223	0.05746
620.328	0.05748
620.433	0.05739
620.538	0.05749
620.644	0.05739
620.749	0.05736
620.854	0.05736
620.959	0.05735
621.064	0.0573
621.169	0.05734
621.274	0.05728
621.379	0.05725
621.484	0.05714
621.589	0.0572
621.694	0.05724
621.799	0.05716
621.904	0.05713
622.009	0.05711
622.114	0.05704
622.219	0.05712
622.324	0.05717
622.429	0.05711
622.534	0.05706
622.639	0.05712
622.744	0.05702
622.849	0.05709
622.954	0.05698
623.059	0.05705
623.163	0.05703
623.268	0.05698
623.373	0.05692
623.478	0.0569
623.583	0.05688
623.688	0.05692
623.793	0.05698
623.898	0.05689
624.002	0.05691
624.107	0.05688
624.212	0.05683
624.317	0.05694
624.422	0.05694
624.526	0.0569
624.631	0.05683
624.736	0.05689
624.841	0.0568
624.946	0.05681
625.05	0.05679
625.155	0.05676
625.26	0.05671
625.365	0.05676
625.469	0.05682
625.574	0.0568
625.679	0.05676
625.783	0.05671
625.888	0.0567
625.993	0.0568
626.097	0.05677
626.202	0.0568
626.307	0.05678
626.411	0.05669
626.516	0.05684
626.621	0.05673
626.725	0.05677
626.83	0.05675
626.935	0.05675
627.039	0.05685
627.144	0.05676
627.248	0.05684
627.353	0.05677
627.458	0.05666
627.562	0.05677
627.667	0.05673
627.771	0.05674
627.876	0.05667
627.98	0.05668
628.085	0.05668
628.189	0.05678
628.294	0.05677
628.398	0.05669
628.503	0.05679
628.607	0.05672
628.712	0.0568
628.816	0.05668
628.921	0.05666
629.025	0.05681
629.13	0.05669
629.234	0.05676
629.339	0.05674
629.443	0.05675
629.547	0.05684
629.652	0.05683
629.756	0.05677
629.861	0.05673
629.965	0.05682
630.069	0.05673
630.174	0.05676
630.278	0.05676
630.382	0.05672
630.487	0.0567
630.591	0.05674
630.695	0.05671
630.8	0.05674
630.904	0.05666
631.008	0.05668
631.113	0.05671
631.217	0.05667
631.321	0.05664
631.425	0.05666
631.53	0.0567
631.634	0.05668
631.738	0.05671
631.842	0.05683
631.947	0.05675
632.051	0.05669
632.155	0.0567
632.259	0.05668
632.363	0.05676
632.468	0.05663
632.572	0.05666
632.676	0.05668
632.78	0.05657
632.884	0.05666
632.988	0.05672
633.093	0.05663
633.197	0.05664
633.301	0.05667
633.405	0.05654
633.509	0.05656
633.613	0.05649
633.717	0.0565
633.821	0.05649
633.925	0.05643
634.03	0.05654
634.134	0.05645
634.238	0.05647
634.342	0.05642
634.446	0.05637
634.55	0.05639
634.654	0.05635
634.758	0.05631
634.862	0.05631
634.966	0.05638
635.07	0.05627
635.174	0.05623
635.278	0.05626
635.382	0.05619
635.486	0.05622
635.59	0.05613
635.693	0.0561
635.797	0.05613
635.901	0.05604
636.005	0.05613
636.109	0.05595
636.213	0.05602
636.317	0.05597
636.421	0.05598
636.525	0.05585
636.629	0.05585
636.732	0.05584
636.836	0.05579
636.94	0.05576
637.044	0.05573
637.148	0.0556
637.252	0.05556
637.355	0.05562
637.459	0.05551
637.563	0.05539
637.667	0.0555
637.771	0.05541
637.874	0.05536
637.978	0.05525
638.082	0.05535
638.186	0.05529
638.289	0.05526
638.393	0.05514
638.497	0.05512
638.6	0.05499
638.704	0.05507
638.808	0.05494
638.911	0.05492
639.015	0.05486
639.119	0.05492
639.223	0.05479
639.326	0.05472
639.43	0.05475
639.533	0.05476
639.637	0.05467
639.741	0.05461
639.844	0.05441
639.948	0.05453
640.052	0.05446
640.155	0.05442
640.259	0.05439
640.362	0.0543
640.466	0.05426
640.569	0.05432
640.673	0.05418
640.776	0.05412
640.88	0.05405
640.984	0.05402
641.087	0.05402
641.191	0.05389
641.294	0.05384
641.398	0.05381
641.501	0.05377
641.604	0.05375
641.708	0.05366
641.811	0.05365
641.915	0.05358
642.018	0.05355
642.122	0.05358
642.225	0.05345
642.329	0.05341
642.432	0.05344
642.535	0.05327
642.639	0.05327
642.742	0.05321
642.846	0.05313
642.949	0.05314
643.052	0.05303
643.156	0.05295
643.259	0.05292
643.362	0.05286
643.466	0.05292
643.569	0.05275
643.672	0.05272
643.776	0.05261
643.879	0.05259
643.982	0.05256
644.085	0.05258
644.189	0.0524
644.292	0.05239
644.395	0.05249
644.498	0.05226
644.602	0.05226
644.705	0.0522
644.808	0.05223
644.911	0.05216
645.015	0.05211
645.118	0.05206
645.221	0.05194
645.324	0.05192
645.427	0.05186
645.53	0.05178
645.634	0.05187
645.737	0.05175
645.84	0.05167
645.943	0.05168
646.046	0.05161
646.149	0.05152
646.252	0.05157
646.355	0.05142
646.459	0.0515
646.562	0.05146
646.665	0.0514
646.768	0.05128
646.871	0.05124
646.974	0.05126
647.077	0.05123
647.18	0.05123
647.283	0.05115
647.386	0.05106
647.489	0.05106
647.592	0.05096
647.695	0.051
647.798	0.05096
647.901	0.05091
648.004	0.05088
648.107	0.05088
648.21	0.05096
648.313	0.05078
648.416	0.05075
648.519	0.05079
648.622	0.05071
648.725	0.05073
648.827	0.05074
648.93	0.05064
649.033	0.05062
649.136	0.0506
649.239	0.05052
649.342	0.05056
649.445	0.05051
649.548	0.05051
649.65	0.05042
649.753	0.05042
649.856	0.05045
649.959	0.05033
650.062	0.05029
650.164	0.05031
650.267	0.05023
650.37	0.05026
650.473	0.05026
650.576	0.05031
650.678	0.05016
650.781	0.05028
650.884	0.05018
650.986	0.0501
651.089	0.05013
651.192	0.05015
651.295	0.05008
651.397	0.05014
651.5	0.05005
651.603	0.05006
651.705	0.05007
651.808	0.05004
651.911	0.04992
652.013	0.04999
652.116	0.05
652.219	0.04992
652.321	0.04991
652.424	0.04991
652.526	0.04995
652.629	0.0499
652.732	0.04986
652.834	0.04979
652.937	0.04992
653.039	0.04982
653.142	0.04977
653.244	0.04982
653.347	0.04981
653.45	0.04984
653.552	0.04972
653.655	0.04976
653.757	0.04976
653.86	0.0498
653.962	0.04965
654.065	0.04974
654.167	0.04967
654.27	0.04967
654.372	0.04968
654.474	0.04963
654.577	0.04968
654.679	0.04953
654.782	0.04951
654.884	0.04952
654.987	0.04951
655.089	0.04952
655.191	0.04945
655.294	0.04948
655.396	0.0494
655.499	0.0494
655.601	0.04942
655.703	0.04937
655.806	0.04943
655.908	0.04936
656.01	0.04934
656.113	0.04928
656.215	0.04935
656.317	0.04924
656.419	0.04922
656.522	0.04918
656.624	0.04916
656.726	0.04914
656.829	0.04906
656.931	0.04906
657.033	0.04903
657.135	0.04901
657.238	0.04903
657.34	0.04898
657.442	0.04901
657.544	0.04892
657.646	0.04885
657.749	0.04894
657.851	0.04882
657.953	0.04883
658.055	0.04884
658.157	0.04878
658.259	0.04877
658.362	0.0487
658.464	0.04868
658.566	0.04861
658.668	0.04856
658.77	0.0486
658.872	0.04847
658.974	0.04853
659.076	0.04847
659.178	0.04842
659.28	0.04844
659.382	0.04835
659.485	0.04841
659.587	0.04835
659.689	0.04823
659.791	0.04831
659.893	0.04818
659.995	0.04825
660.097	0.04818
660.199	0.04817
660.301	0.04814
660.403	0.04805
660.505	0.04794
660.606	0.0479
660.708	0.048
660.81	0.04798
660.912	0.04785
661.014	0.04781
661.116	0.0478
661.218	0.04774
661.32	0.04772
661.422	0.04771
661.524	0.0477
661.626	0.04764
661.727	0.04765
661.829	0.04753
661.931	0.04753
662.033	0.04758
662.135	0.04752
662.237	0.04749
662.339	0.04746
662.44	0.0474
662.542	0.04735
662.644	0.04739
662.746	0.04739
662.847	0.04732
662.949	0.04726
663.051	0.04729
663.153	0.0472
663.254	0.04724
663.356	0.04716
663.458	0.04708
663.56	0.04705
663.661	0.047
663.763	0.04712
663.865	0.0471
663.966	0.04698
664.068	0.04699
664.17	0.04692
664.271	0.04695
664.373	0.0468
664.475	0.04692
664.576	0.04686
664.678	0.04678
664.78	0.0468
664.881	0.04669
664.983	0.04673
665.084	0.04664
665.186	0.04665
665.288	0.04655
665.389	0.04658
665.491	0.04657
665.592	0.04658
665.694	0.04653
665.795	0.04659
665.897	0.04648
665.998	0.04659
666.1	0.04647
666.201	0.04651
666.303	0.04643
666.404	0.0465
666.506	0.04644
666.607	0.04636
666.709	0.04643
666.81	0.04642
666.912	0.04634
667.013	0.0463
667.115	0.04635
667.216	0.04631
667.317	0.04638
667.419	0.04634
667.52	0.04632
667.622	0.04633
667.723	0.04633
667.824	0.04633
667.926	0.04629
668.027	0.04621
668.128	0.04618
668.23	0.04619
668.331	0.04622
668.432	0.04624
668.534	0.04617
668.635	0.04618
668.736	0.04626
668.838	0.04618
668.939	0.04612
669.04	0.04614
669.141	0.0462
669.243	0.04612
669.344	0.04619
669.445	0.04616
669.546	0.04607
669.648	0.04613
669.749	0.04612
669.85	0.04603
669.951	0.04605
670.052	0.04602
670.154	0.04604
670.255	0.04613
670.356	0.04601
670.457	0.04605
670.558	0.04599
670.659	0.04598
670.76	0.04605
670.862	0.04606
670.963	0.04608
671.064	0.046
671.165	0.04601
671.266	0.046
671.367	0.04603
671.468	0.046
671.569	0.04604
671.67	0.04603
671.771	0.04596
671.872	0.04603
671.973	0.04598
672.074	0.04611
672.175	0.04607
672.276	0.04601
672.377	0.046
672.478	0.0461
672.579	0.0461
672.68	0.04603
672.781	0.04612
672.882	0.04611
672.983	0.04606
673.084	0.0461
673.185	0.04615
673.286	0.04613
673.387	0.04611
673.488	0.0461
673.589	0.0462
673.69	0.04617
673.79	0.04606
673.891	0.04611
673.992	0.04616
674.093	0.0462
674.194	0.04618
674.295	0.04621
674.396	0.04628
674.496	0.04622
674.597	0.0462
674.698	0.0463
674.799	0.04618
674.9	0.04629
675	0.0463
675.101	0.0463
675.202	0.0463
675.303	0.04639
675.403	0.04635
675.504	0.04636
675.605	0.04641
675.706	0.0464
675.806	0.04638
675.907	0.04641
676.008	0.04637
676.108	0.04647
676.209	0.04638
676.31	0.04643
676.41	0.04651
676.511	0.04641
676.612	0.04648
676.712	0.04649
676.813	0.04644
676.914	0.04653
677.014	0.04663
677.115	0.04651
677.215	0.04659
677.316	0.04651
677.417	0.04665
677.517	0.04671
677.618	0.04662
677.718	0.04671
677.819	0.04676
677.919	0.04662
678.02	0.04676
678.12	0.04677
678.221	0.04682
678.321	0.04678
678.422	0.0469
678.522	0.04685
678.623	0.04689
678.723	0.04688
678.824	0.04696
678.924	0.04698
679.025	0.04708
679.125	0.04699
679.226	0.04708
679.326	0.04709
679.426	0.04695
679.527	0.04704
679.627	0.04709
679.728	0.04714
679.828	0.04728
679.928	0.04719
680.029	0.04722
680.129	0.04729
680.229	0.0472
680.33	0.04728
680.43	0.04733
680.53	0.04743
680.631	0.0473
680.731	0.0474
680.831	0.04752
680.932	0.04749
681.032	0.04758
681.132	0.04754
681.232	0.04754
681.333	0.0476
681.433	0.04768
681.533	0.04772
681.633	0.04769
681.734	0.04779
681.834	0.04779
681.934	0.04789
682.034	0.04794
682.134	0.04798
682.235	0.04805
682.335	0.04799
682.435	0.04809
682.535	0.04812
682.635	0.04819
682.735	0.04824
682.836	0.04831
682.936	0.04831
683.036	0.04833
683.136	0.04838
683.236	0.04844
683.336	0.04849
683.436	0.04859
683.536	0.0486
683.636	0.04857
683.736	0.04865
683.836	0.04872
683.936	0.04878
684.036	0.04886
684.136	0.04891
684.237	0.04891
684.337	0.04901
684.437	0.04908
684.536	0.04912
684.636	0.04919
684.736	0.04934
684.836	0.0493
684.936	0.0494
685.036	0.04941
685.136	0.04959
685.236	0.04962
685.336	0.04969
685.436	0.04981
685.536	0.0498
685.636	0.04992
685.736	0.04997
685.836	0.04997
685.935	0.05013
686.035	0.05022
686.135	0.05025
686.235	0.05032
686.335	0.0504
686.435	0.05051
686.534	0.05066
686.634	0.0507
686.734	0.05084
686.834	0.05095
686.934	0.05096
687.033	0.05111
687.133	0.05123
687.233	0.05137
687.333	0.05138
687.433	0.05157
687.532	0.0517
687.632	0.05182
687.732	0.05193
687.831	0.05201
687.931	0.05218
688.031	0.05228
688.13	0.05243
688.23	0.05257
688.33	0.05273
688.429	0.05279
688.529	0.05294
688.629	0.05313
688.728	0.05329
688.828	0.05338
688.928	0.05347
689.027	0.05371
689.127	0.05388
689.226	0.05399
689.326	0.0542
689.426	0.05442
689.525	0.05463
689.625	0.05471
689.724	0.05495
689.824	0.05507
689.923	0.05522
690.023	0.05549
690.122	0.05576
690.222	0.05596
690.321	0.05612
690.421	0.05646
690.52	0.05662
690.62	0.05677
690.719	0.05702
690.819	0.05728
690.918	0.05753
691.018	0.05772
691.117	0.058
691.217	0.05821
691.316	0.0584
691.415	0.05878
691.515	0.05895
691.614	0.05918
691.714	0.05947
691.813	0.05988
691.912	0.06003
692.012	0.06031
692.111	0.06072
692.21	0.06098
692.31	0.06126
692.409	0.06154
692.508	0.06184
692.608	0.0622
692.707	0.06243
692.806	0.06278
692.906	0.06316
693.005	0.06348
693.104	0.06374
693.203	0.06414
693.303	0.06452
693.402	0.06487
693.501	0.06528
693.6	0.06561
693.7	0.06609
693.799	0.06638
693.898	0.06674
693.997	0.06725
694.096	0.06768
694.196	0.06796
694.295	0.06846
694.394	0.06896
694.493	0.06951
694.592	0.06975
694.691	0.07018
694.79	0.07071
694.89	0.07108
694.989	0.07161
695.088	0.07201
695.187	0.07251
695.286	0.07295
695.385	0.07338
695.484	0.0739
695.583	0.07422
695.682	0.07481
695.781	0.07522
695.88	0.07562
695.979	0.07607
696.078	0.07669
696.177	0.07721
696.276	0.07757
696.375	0.07823
696.474	0.07879
696.573	0.07934
696.672	0.07981
696.771	0.08043
696.87	0.08093
696.969	0.08144
697.068	0.08218
697.167	0.08252
697.266	0.08319
697.365	0.0838
697.464	0.08447
697.563	0.08479
697.661	0.08545
697.76	0.08601
697.859	0.08654
697.958	0.08726
698.057	0.08787
698.156	0.08854
698.255	0.08894
698.353	0.08955
698.452	0.0902
698.551	0.09086
698.65	0.09132
698.749	0.09184
698.847	0.09262
698.946	0.09312
699.045	0.09391
699.144	0.09453
699.242	0.09518
699.341	0.09571
699.44	0.09648
699.539	0.09696
699.637	0.09777
699.736	0.09826
699.835	0.09917
699.933	0.09972
700.032	0.10033
700.131	0.10103
700.229	0.10163
700.328	0.10236
700.427	0.10307
700.525	0.10359
700.624	0.10421
700.723	0.10503
700.821	0.10565
700.92	0.10626
701.018	0.10715
701.117	0.10786
701.216	0.10861
701.314	0.10936
701.413	0.10987
701.511	0.11062
701.61	0.11135
701.708	0.11218
701.807	0.11281
701.905	0.11342
702.004	0.11424
702.102	0.11484
702.201	0.11556
702.299	0.11644
702.398	0.1171
702.496	0.11774
702.595	0.11846
702.693	0.11943
702.792	0.11981
702.89	0.1208
702.989	0.12148
703.087	0.12231
703.185	0.12301
703.284	0.12387
703.382	0.12457
703.481	0.12537
703.579	0.12584
703.677	0.12655
703.776	0.12745
703.874	0.12802
703.972	0.12896
704.071	0.12973
704.169	0.13051
704.267	0.13104
704.366	0.13196
704.464	0.13247
704.562	0.13361
704.661	0.13412
704.759	0.13507
704.857	0.13598
704.955	0.13669
705.054	0.13735
705.152	0.1381
705.25	0.1388
705.348	0.1395
705.447	0.14013
705.545	0.14094
705.643	0.14155
705.741	0.14258
705.839	0.14319
705.938	0.14422
706.036	0.1454
706.134	0.14585
706.232	0.14664
706.33	0.14739
706.428	0.14811
706.526	0.1489
706.625	0.14993
706.723	0.15053
706.821	0.15105
706.919	0.15201
707.017	0.15279
707.115	0.15361
707.213	0.15419
707.311	0.15512
707.409	0.15618
707.507	0.15708
707.605	0.15769
707.703	0.15841
707.801	0.15907
707.899	0.15975
707.997	0.16059
708.095	0.16143
708.193	0.16219
708.291	0.16327
708.389	0.16393
708.487	0.16472
708.585	0.16537
708.683	0.16615
708.781	0.167
708.879	0.16805
708.977	0.16875
709.075	0.16953
709.173	0.17045
709.271	0.17094
709.369	0.17203
709.466	0.17275
709.564	0.17349
709.662	0.17441
709.76	0.1752
709.858	0.17609
709.956	0.17693
710.053	0.17728
710.151	0.17795
710.249	0.17929
710.347	0.18002
710.445	0.18097
710.542	0.18166
710.67	0.18566
710.908	0.18818
711.147	0.19015
711.386	0.19239
711.625	0.19388
711.864	0.19663
712.103	0.19805
712.342	0.20032
712.581	0.20264
712.819	0.20476
713.058	0.20715
713.297	0.20908
713.536	0.21143
713.775	0.21361
714.013	0.21565
714.252	0.21764
714.491	0.2199
714.73	0.22189
714.968	0.2247
715.207	0.22683
715.446	0.22929
715.684	0.23114
715.923	0.23353
716.162	0.23618
716.4	0.23847
716.639	0.2403
716.878	0.2433
717.116	0.24547
717.355	0.24777
717.593	0.25013
717.832	0.25247
718.07	0.25494
718.309	0.25694
718.547	0.25986
718.786	0.26163
719.024	0.26453
719.263	0.26644
719.501	0.26903
719.74	0.27204
719.978	0.2741
720.217	0.277
720.455	0.27894
720.694	0.28164
720.932	0.28426
721.17	0.28734
721.409	0.28934
721.647	0.29191
721.885	0.29456
722.124	0.2968
722.362	0.29944
722.6	0.302
722.839	0.30413
723.077	0.30653
723.315	0.30894
723.553	0.31172
723.792	0.31415
724.03	0.31683
724.268	0.31931
724.506	0.32201
724.744	0.32416
724.983	0.32745
725.221	0.32956
725.459	0.33202
725.697	0.33418
725.935	0.33664
726.173	0.3392
726.411	0.34157
726.649	0.34354
726.888	0.34653
727.126	0.34913
727.364	0.35167
727.602	0.35373
727.84	0.35611
728.078	0.35861
728.316	0.36106
728.554	0.36387
728.792	0.36597
729.03	0.36895
729.268	0.37122
729.505	0.37298
729.743	0.3754
729.981	0.37789
730.219	0.38
730.457	0.38202
730.695	0.38449
730.933	0.38647
731.171	0.38935
731.408	0.39127
731.646	0.39337
731.884	0.39547
732.122	0.39752
732.36	0.40027
732.597	0.40301
732.835	0.40473
733.073	0.40733
733.311	0.40852
733.548	0.41121
733.786	0.4133
734.024	0.41514
734.261	0.41749
734.499	0.41915
734.737	0.42137
734.974	0.42335
735.212	0.42436
735.449	0.42676
735.687	0.42871
735.925	0.43013
736.162	0.43272
736.4	0.43484
736.637	0.43666
736.875	0.43849
737.112	0.43978
737.35	0.44103
737.587	0.44296
737.825	0.44588
738.062	0.44689
738.3	0.44884
738.537	0.45031
738.775	0.45139
739.012	0.45308
739.249	0.45441
739.487	0.45664
739.724	0.45769
739.962	0.45968
740.199	0.46104
740.436	0.46281
740.674	0.46488
740.911	0.4652
741.148	0.467
741.385	0.46943
741.623	0.46997
741.86	0.471
742.097	0.47345
742.334	0.47421
742.572	0.47533
742.809	0.47622
743.046	0.47812
743.283	0.4797
743.52	0.48044
743.758	0.48153
743.995	0.48277
744.232	0.4835
744.469	0.48554
744.706	0.48631
744.943	0.48768
745.18	0.48905
745.417	0.49022
745.654	0.49091
745.891	0.49186
746.128	0.49286
746.365	0.49416
746.602	0.49509
746.839	0.49554
747.076	0.49708
747.313	0.49699
747.55	0.49905
747.787	0.49969
748.024	0.50044
748.261	0.50152
748.498	0.50222
748.735	0.50347
748.972	0.50368
749.208	0.50484
749.445	0.5058
749.682	0.50656
749.919	0.50739
750.156	0.50778
750.393	0.50865
750.629	0.5096
750.866	0.50998
751.103	0.51154
751.34	0.51173
751.576	0.51244
751.813	0.51297
752.05	0.51375
752.286	0.51407
752.523	0.5148
752.76	0.51583
752.996	0.51621
753.233	0.51642
753.47	0.51817
753.706	0.51882
753.943	0.51774
754.179	0.5188
754.416	0.51834
754.652	0.51993
754.889	0.51988
755.126	0.52053
755.362	0.52144
755.599	0.52174
755.835	0.52221
756.071	0.52296
756.308	0.52302
756.544	0.52367
756.781	0.524
757.017	0.52483
757.254	0.52557
757.49	0.52591
757.726	0.52588
757.963	0.52592
758.199	0.52658
758.436	0.52723
758.672	0.52692
758.908	0.52696
759.144	0.52727
759.381	0.52724
759.617	0.52789
759.853	0.52801
760.09	0.52725
760.326	0.52849
760.562	0.52803
760.798	0.52866
761.034	0.52799
761.271	0.52968
761.507	0.52964
761.743	0.52994
761.979	0.52994
762.215	0.53074
762.451	0.53139
762.687	0.53094
762.924	0.53189
763.16	0.53231
763.396	0.53154
763.632	0.53159
763.868	0.53186
764.104	0.53259
764.34	0.53258
764.576	0.53257
764.812	0.53204
765.048	0.53289
765.284	0.53368
765.52	0.5339
765.756	0.53389
765.992	0.53325
766.228	0.53518
766.463	0.53499
766.699	0.53547
766.935	0.53551
767.171	0.53646
767.407	0.53514
767.643	0.53602
767.879	0.53522
768.114	0.53531
768.35	0.53657
768.586	0.53593
768.822	0.53576
769.057	0.53639
769.293	0.53561
769.529	0.53672
769.765	0.53639
770	0.53753
770.236	0.53744
770.472	0.5371
770.707	0.53783
770.943	0.53762
771.179	0.53749
771.414	0.53785
771.65	0.53832
771.885	0.53859
772.121	0.53911
772.357	0.53869
772.592	0.5386
772.828	0.53986
773.063	0.53864
773.299	0.53888
773.534	0.53803
773.77	0.5382
774.005	0.53852
774.241	0.53865
774.476	0.53817
774.712	0.53858
774.947	0.53951
775.182	0.5383
775.418	0.53967
775.653	0.53937
775.889	0.53963
776.124	0.54056
776.359	0.54082
776.595	0.54085
776.83	0.5408
777.065	0.54111
777.301	0.54036
777.536	0.54034
777.771	0.54081
778.006	0.541
778.242	0.54057
778.477	0.5409
778.712	0.53953
778.947	0.54001
779.182	0.54005
779.418	0.54074
779.653	0.54096
779.888	0.5415
780.123	0.54099
780.358	0.54153
780.593	0.54204
780.828	0.54152
781.064	0.54218
781.299	0.54291
781.534	0.54282
781.769	0.54268
782.004	0.54203
782.239	0.54252
782.474	0.54139
782.709	0.543
782.944	0.54203
783.179	0.54186
783.414	0.54171
783.649	0.54219
783.883	0.54141
784.118	0.54174
784.353	0.54224
784.588	0.54328
784.823	0.54372
785.058	0.54412
785.293	0.54313
785.528	0.54408
785.762	0.54327
785.997	0.54394
786.232	0.54307
786.467	0.5437
786.702	0.54349
786.936	0.54345
787.171	0.54339
787.406	0.54252
787.64	0.54319
787.875	0.54332
788.11	0.54249
788.345	0.5429
788.579	0.54455
788.814	0.54435
789.048	0.54368
789.283	0.54512
789.518	0.54406
789.752	0.544
789.987	0.54532
790.221	0.54437
790.32	0.54516
790.556	0.54473
790.791	0.54479
791.026	0.54528
791.261	0.54528
791.496	0.54477
791.732	0.54523
791.967	0.54632
792.202	0.54615
792.437	0.5457
792.672	0.54621
792.907	0.54515
793.142	0.54523
793.377	0.54628
793.612	0.54558
793.847	0.54577
794.082	0.54623
794.317	0.54632
794.552	0.5462
794.787	0.54648
795.022	0.54659
795.257	0.54666
795.492	0.54749
795.727	0.54717
795.962	0.54686
796.197	0.54769
796.432	0.54713
796.666	0.5472
796.901	0.54759
797.136	0.54719
797.371	0.54722
797.606	0.54745
797.841	0.54787
798.075	0.54681
798.31	0.54672
798.545	0.54685
798.78	0.54697
799.014	0.54778
799.249	0.54736
799.484	0.54802
799.718	0.547
799.953	0.54782
800.188	0.5468
800.422	0.54771
800.657	0.54777
800.892	0.54802
801.126	0.54714
801.361	0.5477
801.596	0.54715
801.83	0.5478
802.065	0.54803
802.299	0.54742
802.534	0.54754
802.768	0.54849
803.003	0.54889
803.237	0.54827
803.472	0.54848
803.706	0.54824
803.941	0.54824
804.175	0.54844
804.41	0.54833
804.644	0.54769
804.878	0.548
805.113	0.54897
805.347	0.54974
805.581	0.54928
805.816	0.54845
806.05	0.54794
806.284	0.54941
806.519	0.54869
806.753	0.54866
806.987	0.5494
807.222	0.54904
807.456	0.54934
807.69	0.54945
807.924	0.54899
808.158	0.54817
808.393	0.5496
808.627	0.55009
808.861	0.54824
809.095	0.5492
809.329	0.54907
809.563	0.54943
809.798	0.54873
810.032	0.54899
810.266	0.54935
810.5	0.55032
810.734	0.54989
810.968	0.54915
811.202	0.54966
811.436	0.5498
811.67	0.55029
811.904	0.54961
812.138	0.54931
812.372	0.55045
812.606	0.54948
812.84	0.5495
813.074	0.55017
813.308	0.5506
813.542	0.54987
813.776	0.55062
814.009	0.55007
814.243	0.54972
814.477	0.55093
814.711	0.5506
814.945	0.55022
815.179	0.55064
815.412	0.55008
815.646	0.54976
815.88	0.55072
816.114	0.55062
816.347	0.55045
816.581	0.55075
816.815	0.55059
817.049	0.55075
817.282	0.55106
817.516	0.54976
817.75	0.55041
817.983	0.55213
818.217	0.55048
818.451	0.5516
818.684	0.55127
818.918	0.55102
819.151	0.55175
819.385	0.55185
819.618	0.5518
819.852	0.55054
820.085	0.55174
820.319	0.55159
820.552	0.55176
820.786	0.55212
821.019	0.55132
821.253	0.55119
821.486	0.55292
821.72	0.55217
821.953	0.5523
822.187	0.55328
822.42	0.55255
822.653	0.55253
822.887	0.55315
823.12	0.55229
823.353	0.55271
823.587	0.55205
823.82	0.55271
824.053	0.553
824.287	0.552
824.52	0.5525
824.753	0.55177
824.986	0.55295
825.22	0.55133
825.453	0.55167
825.686	0.55145
825.919	0.55162
826.152	0.55181
826.386	0.55237
826.619	0.55224
826.852	0.55225
827.085	0.55146
827.318	0.55269
827.551	0.55266
827.784	0.55174
828.017	0.55237
828.25	0.55179
828.483	0.55252
828.716	0.55198
828.949	0.55372
829.182	0.55261
829.415	0.5525
829.648	0.55243
829.881	0.55299
830.114	0.55295
830.347	0.55332
830.58	0.55246
830.813	0.55249
831.046	0.55321
831.279	0.55332
831.512	0.55232
831.745	0.55283
831.977	0.55269
832.21	0.55389
832.443	0.55443
832.676	0.55363
832.909	0.55313
833.141	0.5531
833.374	0.55424
833.607	0.55339
833.84	0.55431
834.072	0.55333
834.305	0.55446
834.538	0.55398
834.77	0.55491
835.003	0.55456
835.236	0.55441
835.468	0.55501
835.701	0.55441
835.934	0.55502
836.166	0.55481
836.399	0.55414
836.631	0.55411
836.864	0.555
837.096	0.55475
837.329	0.55424
837.561	0.55497
837.794	0.55473
838.026	0.55425
838.259	0.55421
838.491	0.55464
838.724	0.55401
838.956	0.55462
839.189	0.55436
839.421	0.55522
839.653	0.55557
839.886	0.55533
840.118	0.55455
840.351	0.55587
840.583	0.55549
840.815	0.55492
841.047	0.55473
841.28	0.55565
841.512	0.55449
841.744	0.55582
841.977	0.55537
842.209	0.555
842.441	0.55513
842.673	0.55502
842.905	0.55429
843.138	0.55547
843.37	0.55513
843.602	0.55434
843.834	0.55572
844.066	0.55524
844.298	0.55607
844.53	0.55564
844.763	0.55568
844.995	0.55617
845.227	0.55688
845.459	0.55609
845.691	0.55614
845.923	0.55626
846.155	0.55699
846.387	0.55653
846.619	0.55658
846.851	0.55745
847.083	0.55737
847.315	0.55665
847.547	0.55741
847.778	0.55638
848.01	0.55726
848.242	0.55672
848.474	0.55711
848.706	0.55704
848.938	0.5567
849.17	0.55553
849.401	0.55719
849.633	0.5567
849.865	0.55752
850.097	0.55589
850.329	0.55646
850.56	0.55693
850.792	0.55645
851.024	0.55684
851.256	0.55704
851.487	0.55752
851.719	0.55761
851.951	0.5578
852.182	0.55789
852.414	0.55711
852.645	0.55803
852.877	0.55729
853.109	0.55787
853.34	0.55604
853.572	0.55729
853.803	0.55754
854.035	0.55798
854.266	0.55712
854.498	0.55666
854.729	0.55652
854.961	0.55718
855.192	0.55748
855.424	0.55692
855.655	0.55748
855.887	0.55725
856.118	0.55891
856.35	0.55894
856.581	0.55804
856.812	0.55824
857.044	0.5587
857.275	0.55929
857.506	0.56033
857.738	0.55888
857.969	0.55904
858.2	0.5585
858.432	0.55904
858.663	0.55913
858.894	0.55964
859.125	0.55893
859.357	0.55856
859.588	0.55977
859.819	0.55889
860.05	0.55841
860.281	0.55908
860.513	0.55881
860.744	0.55913
860.975	0.55882
861.206	0.55918
861.437	0.55817
861.668	0.55886
861.899	0.55866
862.13	0.55846
862.361	0.55804
862.592	0.55937
862.823	0.55961
863.054	0.55861
863.285	0.55932
863.516	0.55865
863.747	0.55907
863.978	0.55886
864.209	0.56046
864.44	0.55953
864.671	0.55989
864.902	0.55972
865.133	0.55983
865.364	0.55984
865.595	0.56069
865.825	0.56124
866.056	0.56048
866.287	0.56004
866.518	0.55976
866.749	0.56003
866.979	0.55996
867.21	0.55945
867.441	0.55991
867.672	0.55957
867.902	0.55987
868.133	0.55938
868.364	0.55921
868.594	0.56084
868.825	0.55964
869.056	0.56098
869.286	0.55998
869.517	0.5596
869.748	0.56056
869.978	0.56097
870.209	0.56097
870.439	0.56045
870.67	0.56045
870.9	0.56109
871.131	0.56097
871.361	0.56138
871.592	0.56016
871.822	0.56025
872.053	0.55996
872.283	0.5604
872.514	0.56008
872.744	0.55957
872.975	0.56008
873.205	0.56107
873.435	0.56053
873.666	0.56064
873.896	0.56043
874.127	0.5606
874.357	0.56091
874.587	0.56022
874.817	0.56067
875.048	0.56091
875.278	0.56177
875.508	0.56126
875.739	0.56117
875.969	0.56135
876.199	0.56173
876.429	0.56183
876.659	0.56129
876.89	0.56167
877.12	0.56187
877.35	0.5622
877.58	0.56173
877.81	0.56192
878.04	0.56213
878.27	0.5612
878.5	0.56108
878.731	0.56175
878.961	0.56014
879.191	0.56122
879.421	0.56136
879.651	0.56256
879.881	0.56168
880.111	0.56166
880.341	0.56154
880.571	0.56167
880.801	0.56194
881.03	0.56155
881.26	0.56232
881.49	0.56167
881.72	0.56261
881.95	0.56151
882.18	0.56207
882.41	0.56243
882.64	0.56224
882.869	0.56241
883.099	0.56248
883.329	0.56246
883.559	0.56347
883.789	0.56296
884.018	0.56314
884.248	0.56349
884.478	0.56352
884.707	0.56258
884.937	0.56301
885.167	0.56242
885.396	0.56319
885.626	0.56282
885.856	0.56201
886.085	0.56346
886.315	0.56392
886.545	0.56307
886.774	0.56266
887.004	0.56304
887.233	0.56257
887.463	0.56279
887.692	0.56338
887.922	0.56314
888.151	0.56232
888.381	0.56329
888.61	0.56322
888.84	0.56348
889.069	0.5628
889.299	0.56329
889.528	0.56442
889.757	0.5637
889.987	0.56286
890.216	0.56325
890.446	0.56319
890.675	0.56311
890.904	0.56334
891.134	0.5627
891.363	0.56392
891.592	0.56363
891.821	0.56308
892.051	0.56347
892.28	0.56339
892.509	0.5638
892.738	0.56334
892.968	0.56369
893.197	0.56358
893.426	0.56345
893.655	0.56295
893.884	0.56333
894.113	0.56282
894.343	0.56251
894.572	0.56273
894.801	0.56323
895.03	0.56291
895.259	0.56249
895.488	0.56321
895.717	0.56254
895.946	0.56216
896.175	0.56266
896.404	0.5631
896.633	0.5631
896.862	0.56257
897.091	0.56336
897.32	0.56294
897.549	0.5631
897.778	0.56267
898.007	0.56315
898.236	0.56357
898.464	0.56423
898.693	0.563
898.922	0.56391
899.151	0.56339
899.38	0.56255
899.609	0.56319
899.837	0.5631
900.066	0.56362
900.295	0.56319
900.524	0.56291
900.752	0.56387
900.981	0.56328
901.21	0.56363
901.439	0.56277
901.667	0.56364
901.896	0.56289
902.125	0.56297
902.353	0.56268
902.582	0.56249
902.81	0.56327
903.039	0.5646
903.268	0.56334
903.496	0.56382
903.725	0.56416
903.953	0.56387
904.182	0.56374
904.41	0.56451
904.639	0.56292
904.867	0.56288
905.096	0.56393
905.324	0.56442
905.553	0.56289
905.781	0.56365
906.009	0.56353
906.238	0.56406
906.466	0.56382
906.695	0.56382
906.923	0.56378
907.151	0.56365
907.38	0.56383
907.608	0.5633
907.836	0.56356
908.064	0.564
908.293	0.56358
908.521	0.56388
908.749	0.56377
908.977	0.56361
909.206	0.5642
909.434	0.56455
909.662	0.56329
909.89	0.56389
910.118	0.56365
910.347	0.5646
910.575	0.56486
910.803	0.56447
911.031	0.56425
911.259	0.56399
911.487	0.56519
911.715	0.56376
911.943	0.5636
912.171	0.56434
912.399	0.56403
912.627	0.56367
912.855	0.56438
913.083	0.56309
913.311	0.56312
913.539	0.56318
913.767	0.563
913.995	0.56426
914.223	0.56324
914.451	0.56301
914.679	0.56237
914.907	0.56295
915.134	0.56335
915.362	0.56293
915.59	0.56451
915.818	0.56289
916.046	0.56306
916.273	0.5633
916.501	0.56448
916.729	0.56359
916.957	0.56403
917.184	0.5644
917.412	0.56351
917.64	0.5641
917.867	0.56332
918.095	0.56367
918.323	0.56337
918.55	0.56327
918.778	0.56344
919.006	0.56335
919.233	0.56254
919.461	0.56259
919.688	0.56303
919.916	0.56219
920.144	0.56229
920.371	0.56237
920.599	0.5633
920.826	0.56189
921.054	0.56335
921.281	0.56234
921.508	0.56244
921.736	0.56171
921.963	0.56208
922.191	0.56317
922.418	0.56302
922.646	0.56248
922.873	0.56271
923.1	0.56263
923.328	0.56328
923.555	0.56327
923.782	0.56265
924.01	0.56273
924.237	0.56274
924.464	0.56277
924.691	0.56205
924.919	0.56277
925.146	0.56288
925.373	0.56252
925.6	0.56157
925.828	0.56222
926.055	0.56215
926.282	0.56156
926.509	0.56107
926.736	0.56209
926.963	0.5614
927.19	0.56097
927.417	0.56093
927.645	0.5616
927.872	0.5612
928.099	0.56115
928.326	0.56055
928.553	0.56037
928.78	0.55992
929.007	0.56112
929.234	0.56017
929.461	0.56118
929.688	0.56041
929.915	0.56036
930.141	0.56034
930.368	0.55982
930.595	0.56063
930.822	0.5607
931.049	0.56022
931.276	0.55988
931.503	0.56088
931.729	0.56066
931.956	0.56028
932.183	0.55955
932.41	0.55899
932.637	0.56006
932.863	0.55987
933.09	0.55903
933.317	0.55836
933.544	0.55991
933.77	0.55923
933.997	0.55921
934.224	0.55856
934.45	0.5594
934.677	0.55853
934.904	0.55849
935.13	0.55871
935.357	0.55796
935.583	0.55884
935.81	0.55768
936.036	0.55817
936.263	0.55769
936.49	0.55791
936.716	0.55807
936.943	0.55806
937.169	0.55777
937.395	0.55765
937.622	0.55776
937.848	0.55829
938.075	0.55798
938.301	0.55782
938.528	0.55801
938.754	0.55679
938.98	0.55647
939.207	0.55671
939.433	0.55652
939.659	0.55599
939.886	0.55538
940.112	0.55524
940.338	0.55557
940.565	0.55587
940.791	0.55593
941.017	0.5549
941.243	0.55614
941.47	0.55494
941.696	0.5554
941.922	0.55503
942.148	0.55475
942.374	0.55536
942.6	0.5547
942.827	0.55477
943.053	0.55434
943.279	0.55439
943.505	0.55478
943.731	0.554
943.957	0.55498
944.183	0.55403
944.409	0.5539
944.635	0.55463
944.861	0.55343
945.087	0.55285
945.313	0.55332
945.539	0.5533
945.765	0.55298
945.991	0.55343
946.217	0.55382
946.443	0.55291
946.669	0.55291
946.894	0.55217
947.12	0.55251
947.346	0.55203
947.572	0.55113
947.798	0.55138
948.024	0.55079
948.249	0.55095
948.475	0.5499
948.701	0.54977
948.927	0.54977
949.152	0.54979
949.378	0.5486
949.604	0.55023
949.83	0.54955
950.055	0.55009
950.281	0.54972
950.507	0.54873
950.732	0.54919
950.958	0.54837
951.183	0.54873
951.409	0.54801
951.635	0.54762
951.86	0.54721
952.086	0.54633
952.311	0.54682
952.537	0.54564
952.762	0.54523
952.988	0.54568
953.213	0.54495
953.439	0.54491
953.664	0.54396
953.89	0.54384
954.115	0.54296
954.34	0.54337
954.566	0.54202
954.791	0.54146
955.017	0.54134
955.242	0.54193
955.467	0.54032
955.693	0.54077
955.918	0.54112
956.143	0.53991
956.368	0.54009
956.594	0.53961
956.819	0.53932
957.044	0.54049
957.269	0.5392
957.495	0.53858
957.72	0.53865
957.945	0.53899
958.17	0.53821
958.395	0.53714
958.62	0.53726
958.846	0.53835
959.071	0.53757
959.296	0.53673
959.521	0.53603
959.746	0.53586
959.971	0.53672
960.196	0.5354
960.421	0.53544
960.646	0.53515
960.871	0.53471
961.096	0.53516
961.321	0.53394
961.546	0.53364
961.771	0.534
961.996	0.53419
962.221	0.53362
962.446	0.53422
962.67	0.5337
962.895	0.53295
963.12	0.53349
963.345	0.53422
963.57	0.5335
963.795	0.53326
964.019	0.53302
964.244	0.533
964.469	0.53301
964.694	0.53387
964.919	0.53351
965.143	0.53314
965.368	0.53313
965.593	0.53248
965.817	0.53235
966.042	0.53263
966.267	0.53217
966.491	0.53276
966.716	0.5318
966.941	0.53222
967.165	0.5318
967.39	0.53117
967.614	0.53077
967.839	0.53065
968.063	0.53117
968.288	0.53067
968.512	0.53104
968.737	0.53113
968.961	0.53026
969.186	0.53089
969.41	0.53126
969.635	0.53111
969.859	0.53065
970.084	0.53111
970.308	0.53144
970.532	0.53081
970.757	0.53196
970.981	0.53023
971.205	0.53076
971.43	0.53161
971.654	0.53168
971.878	0.53025
972.103	0.53031
972.327	0.53186
972.551	0.53055
972.775	0.53007
973	0.5304
973.224	0.53063
973.448	0.53061
973.672	0.53065
973.896	0.53
974.121	0.5304
974.345	0.53027
974.569	0.52987
974.793	0.52947
975.017	0.53047
975.241	0.53001
975.465	0.53048
975.689	0.52889
975.913	0.52929
976.137	0.53026
976.361	0.5297
976.585	0.52901
976.809	0.52954
977.033	0.52974
977.257	0.53
977.481	0.52943
977.705	0.52861
977.929	0.52854
978.153	0.52927
978.377	0.52966
978.601	0.53067
978.825	0.52928
979.048	0.52913
979.272	0.53061
979.496	0.52862
979.72	0.52971
979.944	0.52908
980.167	0.53005
980.391	0.52916
980.615	0.52919
980.839	0.52938
981.062	0.52943
981.286	0.52998
981.51	0.53022
981.733	0.53023
981.957	0.52988
982.181	0.52947
982.404	0.53014
982.628	0.53009
982.852	0.53067
983.075	0.53083
983.299	0.53071
983.522	0.53134
983.746	0.53147
983.969	0.53148
984.193	0.53043
984.416	0.53079
984.64	0.53002
984.863	0.53075
985.087	0.53012
985.31	0.53077
985.534	0.53103
985.757	0.53028
985.98	0.53139
986.204	0.53133
986.427	0.5306
986.651	0.53075
986.874	0.53054
987.097	0.53136
987.321	0.53184
987.544	0.53177
987.767	0.53232
987.99	0.53178
988.214	0.5321
988.437	0.53258
988.66	0.53122
988.883	0.53133
989.107	0.5304
989.33	0.53264
989.553	0.53345
989.776	0.53318
989.999	0.53289
990.222	0.5323
990.445	0.53242
990.669	0.53296
990.892	0.53272
991.115	0.53231
991.338	0.53294
991.561	0.53345
991.784	0.53292
992.007	0.53333
992.23	0.53245
992.453	0.53385
992.676	0.53239
992.899	0.53289
993.122	0.53279
993.345	0.53337
993.568	0.53371
993.79	0.53347
994.013	0.53391
994.236	0.53364
994.459	0.53405
994.682	0.5348
994.905	0.53383
995.128	0.53471
995.35	0.53333
995.573	0.53404
995.796	0.53366
996.019	0.53518
996.241	0.53468
996.464	0.53452
996.687	0.53538
996.909	0.53565
997.132	0.53446
997.355	0.53554
997.578	0.53465
997.8	0.53523
998.023	0.53605
998.245	0.53567
998.468	0.53709
998.691	0.53561
998.913	0.53668
999.136	0.53639
999.358	0.53619
999.581	0.53584
999.803	0.53568
1000.03	0.5365
1000.25	0.53696
1000.47	0.53632
1000.69	0.53632
1000.92	0.53551
1001.14	0.53644
1001.36	0.53761
1001.58	0.53759
1001.81	0.53662
1002.03	0.5379
1002.25	0.53729
1002.47	0.5372
1002.69	0.53708
1002.92	0.5373
1003.14	0.53862
1003.36	0.53699
1003.58	0.53668
1003.81	0.53797
1004.03	0.53805
1004.25	0.5378
1004.47	0.53774
1004.69	0.53882
1004.92	0.53794
1005.14	0.53816
1005.36	0.53848