400.584	0.04812
400.702	0.04771
400.82	0.04735
400.938	0.04706
401.055	0.04685
401.173	0.04671
401.291	0.04664
401.408	0.04661
401.526	0.04661
401.644	0.04662
401.762	0.04664
401.879	0.04666
401.997	0.04668
402.115	0.0467
402.232	0.04671
402.35	0.04672
402.468	0.04672
402.585	0.04672
402.703	0.04672
402.82	0.04672
402.938	0.04672
403.056	0.04673
403.173	0.04675
403.291	0.04678
403.409	0.04683
403.526	0.04688
403.644	0.04694
403.761	0.04701
403.879	0.0471
403.996	0.04721
404.114	0.04733
404.232	0.04748
404.349	0.04764
404.467	0.04782
404.584	0.04801
404.702	0.0482
404.819	0.04837
404.937	0.04853
405.054	0.04867
405.172	0.04879
405.289	0.04888
405.407	0.04894
405.524	0.04899
405.642	0.04901
405.759	0.04901
405.877	0.04899
405.994	0.04897
406.112	0.04893
406.229	0.04889
406.346	0.04886
406.464	0.04883
406.581	0.04881
406.699	0.0488
406.816	0.04879
406.934	0.0488
407.051	0.0488
407.168	0.0488
407.286	0.0488
407.403	0.0488
407.52	0.04879
407.638	0.04879
407.755	0.04878
407.873	0.04877
407.99	0.04876
408.107	0.04875
408.225	0.04875
408.342	0.04874
408.459	0.04873
408.576	0.04873
408.694	0.04873
408.811	0.04873
408.928	0.04873
409.046	0.04874
409.163	0.04874
409.28	0.04874
409.397	0.04874
409.515	0.04873
409.632	0.04871
409.749	0.0487
409.866	0.04868
409.984	0.04866
410.101	0.04865
410.218	0.04864
410.335	0.04864
410.452	0.04864
410.57	0.04865
410.687	0.04865
410.804	0.04866
410.921	0.04866
411.038	0.04865
411.156	0.04865
411.273	0.04864
411.39	0.04864
411.507	0.04863
411.624	0.04863
411.741	0.04863
411.858	0.04863
411.976	0.04863
412.093	0.04862
412.21	0.04861
412.327	0.04861
412.444	0.0486
412.561	0.04859
412.678	0.04858
412.795	0.04857
412.912	0.04857
413.029	0.04856
413.146	0.04856
413.263	0.04856
413.38	0.04856
413.497	0.04856
413.614	0.04857
413.731	0.04858
413.848	0.04859
413.965	0.0486
414.082	0.04861
414.199	0.04862
414.316	0.04862
414.433	0.04862
414.55	0.04862
414.667	0.04861
414.784	0.04859
414.901	0.04858
415.018	0.04857
415.135	0.04857
415.252	0.04856
415.369	0.04856
415.486	0.04856
415.603	0.04856
415.72	0.04857
415.837	0.04857
415.953	0.04857
416.07	0.04857
416.187	0.04856
416.304	0.04855
416.421	0.04855
416.538	0.04854
416.655	0.04853
416.772	0.04852
416.888	0.04852
417.005	0.04852
417.122	0.04852
417.239	0.04852
417.356	0.04853
417.472	0.04854
417.589	0.04854
417.706	0.04855
417.823	0.04856
417.94	0.04858
418.056	0.04859
418.173	0.04861
418.29	0.04864
418.407	0.04866
418.523	0.04868
418.64	0.0487
418.757	0.04872
418.874	0.04873
418.99	0.04873
419.107	0.04874
419.224	0.04874
419.34	0.04875
419.457	0.04876
419.574	0.04878
419.69	0.04881
419.807	0.04883
419.924	0.04886
420.04	0.04889
420.157	0.04891
420.274	0.04892
420.39	0.04893
420.507	0.04894
420.623	0.04895
420.74	0.04896
420.857	0.04898
420.973	0.049
421.09	0.04902
421.206	0.04905
421.323	0.04908
421.44	0.04911
421.556	0.04913
421.673	0.04916
421.789	0.04917
421.906	0.04919
422.022	0.04921
422.139	0.04922
422.255	0.04924
422.372	0.04926
422.488	0.04928
422.605	0.0493
422.721	0.04933
422.838	0.04936
422.954	0.0494
423.071	0.04943
423.187	0.04947
423.304	0.04951
423.42	0.04955
423.537	0.04958
423.653	0.0496
423.77	0.04962
423.886	0.04963
424.003	0.04963
424.119	0.04962
424.235	0.04961
424.352	0.0496
424.468	0.04959
424.585	0.04959
424.701	0.04959
424.817	0.0496
424.934	0.04962
425.05	0.04963
425.166	0.04966
425.283	0.04968
425.399	0.0497
425.515	0.04972
425.632	0.04974
425.748	0.04976
425.864	0.04977
425.981	0.04978
426.097	0.04978
426.213	0.04979
426.33	0.04979
426.446	0.0498
426.562	0.04981
426.678	0.04982
426.795	0.04983
426.911	0.04984
427.027	0.04986
427.143	0.04987
427.26	0.04988
427.376	0.04989
427.492	0.0499
427.608	0.0499
427.724	0.04989
427.841	0.04989
427.957	0.04988
428.073	0.04988
428.189	0.04988
428.305	0.04988
428.422	0.04989
428.538	0.04991
428.654	0.04993
428.77	0.04995
428.886	0.04996
429.002	0.04998
429.118	0.04999
429.234	0.05
429.351	0.05
429.467	0.05
429.583	0.04999
429.699	0.04999
429.815	0.04999
429.931	0.05
430.047	0.05001
430.163	0.05003
430.279	0.05006
430.395	0.05009
430.511	0.05011
430.627	0.05013
430.743	0.05013
430.859	0.05013
430.975	0.05013
431.091	0.05011
431.207	0.0501
431.323	0.05009
431.439	0.05009
431.555	0.05009
431.671	0.0501
431.787	0.05012
431.903	0.05013
432.019	0.05014
432.135	0.05015
432.251	0.05015
432.367	0.05015
432.483	0.05015
432.599	0.05017
432.715	0.05019
432.831	0.05023
432.947	0.05028
433.063	0.05031
433.178	0.05033
433.294	0.0503
433.41	0.05023
433.526	0.05011
433.642	0.04992
433.758	0.04969
433.874	0.04944
433.931	0.04912
434.047	0.04887
434.163	0.04866
434.279	0.04849
434.395	0.04839
434.511	0.04833
434.627	0.04833
434.743	0.04835
434.858	0.04839
434.974	0.04843
435.09	0.04847
435.206	0.04849
435.322	0.0485
435.438	0.04851
435.554	0.04851
435.67	0.04851
435.786	0.04852
435.901	0.04853
436.017	0.04855
436.133	0.04858
436.249	0.0486
436.365	0.04862
436.481	0.04864
436.596	0.04865
436.712	0.04866
436.828	0.04866
436.944	0.04867
437.06	0.04868
437.175	0.04868
437.291	0.0487
437.407	0.04871
437.523	0.04872
437.638	0.04874
437.754	0.04875
437.87	0.04876
437.986	0.04878
438.101	0.04879
438.217	0.0488
438.333	0.04882
438.449	0.04884
438.564	0.04886
438.68	0.04888
438.796	0.04891
438.911	0.04894
439.027	0.04896
439.143	0.04898
439.258	0.04899
439.374	0.04901
439.49	0.04901
439.605	0.04902
439.721	0.04903
439.836	0.04904
439.952	0.04905
440.068	0.04907
440.183	0.04909
440.299	0.04912
440.414	0.04914
440.53	0.04916
440.646	0.04918
440.761	0.04919
440.877	0.04919
440.992	0.04919
441.108	0.0492
441.223	0.0492
441.339	0.04921
441.454	0.04922
441.57	0.04924
441.685	0.04927
441.801	0.04929
441.916	0.04932
442.032	0.04935
442.147	0.04937
442.263	0.04938
442.378	0.04939
442.494	0.04941
442.609	0.04941
442.725	0.04942
442.84	0.04944
442.956	0.04945
443.071	0.04947
443.186	0.0495
443.302	0.04953
443.417	0.04956
443.533	0.0496
443.648	0.04964
443.763	0.04968
443.879	0.04972
443.994	0.04975
444.11	0.04978
444.225	0.0498
444.34	0.04981
444.456	0.04982
444.571	0.04983
444.686	0.04983
444.802	0.04983
444.917	0.04984
445.032	0.04985
445.148	0.04986
445.263	0.04988
445.378	0.04991
445.493	0.04994
445.609	0.04997
445.724	0.05
445.839	0.05002
445.955	0.05005
446.07	0.05007
446.185	0.0501
446.3	0.05012
446.416	0.05014
446.531	0.05016
446.646	0.05018
446.761	0.05021
446.876	0.05023
446.992	0.05025
447.107	0.05027
447.222	0.0503
447.337	0.05032
447.452	0.05035
447.567	0.05037
447.683	0.05039
447.798	0.05041
447.913	0.05043
448.028	0.05044
448.143	0.05045
448.258	0.05046
448.373	0.05047
448.488	0.05048
448.604	0.05049
448.719	0.0505
448.834	0.05052
448.949	0.05054
449.064	0.05057
449.179	0.0506
449.294	0.05063
449.409	0.05065
449.524	0.05067
449.639	0.05069
449.754	0.0507
449.869	0.05071
449.984	0.05072
450.099	0.05074
450.214	0.05075
450.329	0.05078
450.444	0.05081
450.559	0.05084
450.674	0.05087
450.789	0.05091
450.904	0.05094
451.019	0.05096
451.134	0.05098
451.249	0.05099
451.364	0.05099
451.479	0.05099
451.594	0.05099
451.709	0.05099
451.823	0.05099
451.938	0.051
452.053	0.05102
452.168	0.05104
452.283	0.05107
452.398	0.0511
452.513	0.05112
452.628	0.05114
452.742	0.05115
452.857	0.05117
452.972	0.05118
453.087	0.05119
453.202	0.0512
453.317	0.05122
453.431	0.05124
453.546	0.05126
453.661	0.05128
453.776	0.0513
453.891	0.05131
454.005	0.05131
454.12	0.05132
454.235	0.05132
454.35	0.05131
454.464	0.05131
454.579	0.05131
454.694	0.05131
454.808	0.05131
454.923	0.05132
455.038	0.05132
455.153	0.05133
455.267	0.05133
455.382	0.05134
455.497	0.05135
455.611	0.05135
455.726	0.05136
455.841	0.05136
455.955	0.05137
456.07	0.05137
456.185	0.05138
456.299	0.05137
456.414	0.05137
456.528	0.05137
456.643	0.05137
456.758	0.05138
456.872	0.05139
456.987	0.0514
457.101	0.05141
457.216	0.05143
457.331	0.05143
457.445	0.05142
457.56	0.05139
457.674	0.05134
457.789	0.05127
457.903	0.05117
458.018	0.05105
458.061	0.05086
458.176	0.05074
458.29	0.05062
458.405	0.05052
458.52	0.05044
458.635	0.05039
458.749	0.05035
458.864	0.05033
458.979	0.05032
459.093	0.05032
459.208	0.05032
459.323	0.05032
459.438	0.05032
459.552	0.05031
459.667	0.05031
459.782	0.05031
459.896	0.05032
460.011	0.05033
460.126	0.05035
460.24	0.05037
460.355	0.05041
460.469	0.05044
460.584	0.05047
460.699	0.05051
460.813	0.05055
460.928	0.05058
461.042	0.05062
461.157	0.05065
461.272	0.05068
461.386	0.05071
461.501	0.05074
461.615	0.05076
461.73	0.05078
461.844	0.05079
461.959	0.0508
462.073	0.05081
462.188	0.05082
462.303	0.05082
462.417	0.05081
462.532	0.05081
462.646	0.05079
462.76	0.05078
462.875	0.05077
462.989	0.05075
463.104	0.05073
463.218	0.05072
463.333	0.0507
463.447	0.05068
463.562	0.05067
463.676	0.05066
463.791	0.05065
463.905	0.05064
464.019	0.05063
464.134	0.05063
464.248	0.05063
464.363	0.05063
464.477	0.05063
464.591	0.05064
464.706	0.05065
464.82	0.05065
464.934	0.05065
465.049	0.05065
465.163	0.05064
465.277	0.05063
465.392	0.05062
465.506	0.05061
465.62	0.0506
465.735	0.0506
465.849	0.05059
465.963	0.05059
466.078	0.05058
466.192	0.05058
466.306	0.05057
466.42	0.05057
466.535	0.05056
466.649	0.05054
466.763	0.05053
466.877	0.05051
466.992	0.0505
467.106	0.05049
467.22	0.05047
467.334	0.05046
467.448	0.05045
467.563	0.05044
467.677	0.05044
467.791	0.05043
467.905	0.05043
468.019	0.05042
468.133	0.05042
468.248	0.05043
468.362	0.05043
468.476	0.05043
468.59	0.05044
468.704	0.05044
468.818	0.05045
468.932	0.05045
469.046	0.05046
469.161	0.05046
469.275	0.05046
469.389	0.05046
469.503	0.05045
469.617	0.05044
469.731	0.05044
469.845	0.05042
469.959	0.05041
470.073	0.0504
470.187	0.05038
470.301	0.05037
470.415	0.05036
470.529	0.05035
470.643	0.05035
470.757	0.05034
470.871	0.05034
470.985	0.05034
471.099	0.05034
471.213	0.05034
471.327	0.05034
471.441	0.05033
471.555	0.05032
471.669	0.05031
471.783	0.0503
471.897	0.05029
472.011	0.05029
472.124	0.05029
472.238	0.05029
472.352	0.05029
472.466	0.0503
472.58	0.05031
472.694	0.05031
472.808	0.05032
472.922	0.05031
473.035	0.05031
473.149	0.05031
473.263	0.0503
473.377	0.05031
473.491	0.05031
473.605	0.05032
473.718	0.05032
473.832	0.05033
473.946	0.05033
474.06	0.05033
474.174	0.05032
474.287	0.05031
474.401	0.05029
474.515	0.05027
474.629	0.05025
474.742	0.05024
474.856	0.05024
474.97	0.05024
475.084	0.05026
475.197	0.05027
475.311	0.05029
475.425	0.05031
475.538	0.05032
475.652	0.05033
475.766	0.05033
475.88	0.05033
475.993	0.05033
476.107	0.05032
476.221	0.05032
476.334	0.05032
476.448	0.05032
476.561	0.05032
476.675	0.05033
476.789	0.05033
476.902	0.05034
477.016	0.05034
477.129	0.05034
477.243	0.05035
477.357	0.05036
477.47	0.05038
477.584	0.05039
477.697	0.05041
477.811	0.05043
477.924	0.05045
478.038	0.05047
478.152	0.05048
478.265	0.05049
478.379	0.0505
478.492	0.0505
478.606	0.0505
478.719	0.05049
478.833	0.05049
478.946	0.05048
479.06	0.05048
479.173	0.05048
479.286	0.05048
479.4	0.05048
479.513	0.05048
479.627	0.05048
479.74	0.05048
479.854	0.05047
479.967	0.05046
480.081	0.05044
480.194	0.05042
480.307	0.05041
480.421	0.05039
480.534	0.05038
480.647	0.05038
480.761	0.05039
480.874	0.0504
480.988	0.05042
481.101	0.05043
481.214	0.05045
481.328	0.05046
481.441	0.05047
481.554	0.05047
481.668	0.05047
481.781	0.05047
481.894	0.05047
482.007	0.05047
482.121	0.05047
482.234	0.05048
482.347	0.05048
482.461	0.05049
482.574	0.0505
482.687	0.05051
482.8	0.05051
482.914	0.05052
483.027	0.05052
483.14	0.05052
483.253	0.05053
483.366	0.05054
483.48	0.05054
483.593	0.05055
483.706	0.05056
483.819	0.05057
483.932	0.05058
484.045	0.05058
484.159	0.05059
484.272	0.05058
484.385	0.05058
484.498	0.05058
484.611	0.05057
484.724	0.05056
484.837	0.05056
484.951	0.05055
485.064	0.05055
485.177	0.05055
485.29	0.05055
485.403	0.05056
485.516	0.05057
485.629	0.05058
485.742	0.05059
485.855	0.0506
485.968	0.0506
486.081	0.05061
486.194	0.05061
486.307	0.05061
486.42	0.05061
486.533	0.05062
486.646	0.05062
486.759	0.05063
486.872	0.05064
486.985	0.05066
487.098	0.05068
487.211	0.0507
487.324	0.05071
487.437	0.05073
487.55	0.05074
487.663	0.05074
487.776	0.05075
487.889	0.05075
488.002	0.05075
488.115	0.05076
488.227	0.05077
488.34	0.05079
488.453	0.05081
488.566	0.05083
488.679	0.05086
488.792	0.05089
488.905	0.05091
489.018	0.05094
489.13	0.05095
489.243	0.05097
489.356	0.05098
489.469	0.051
489.582	0.05101
489.694	0.05102
489.807	0.05103
489.92	0.05105
490.033	0.05106
490.146	0.05108
490.258	0.0511
490.371	0.05112
490.484	0.05114
490.597	0.05116
490.709	0.05118
490.822	0.0512
490.935	0.05122
491.048	0.05125
491.16	0.05128
491.273	0.05132
491.386	0.05136
491.498	0.0514
491.611	0.05144
491.724	0.05148
491.836	0.05152
491.949	0.05155
492.062	0.05158
492.174	0.05161
492.287	0.05163
492.4	0.05166
492.512	0.05169
492.625	0.05172
492.737	0.05175
492.85	0.05179
492.963	0.05183
493.075	0.05186
493.188	0.0519
493.3	0.05193
493.413	0.05195
493.525	0.05198
493.638	0.05201
493.751	0.05204
493.863	0.05207
493.976	0.05211
494.088	0.05215
494.201	0.0522
494.313	0.05225
494.426	0.0523
494.538	0.05235
494.651	0.0524
494.763	0.05244
494.876	0.05248
494.988	0.05251
495.101	0.05255
495.213	0.05258
495.325	0.05261
495.438	0.05265
495.55	0.05269
495.663	0.05274
495.775	0.05279
495.888	0.05285
496	0.0529
496.112	0.05296
496.225	0.05303
496.337	0.05309
496.449	0.05314
496.562	0.0532
496.674	0.05325
496.787	0.0533
496.899	0.05334
497.011	0.05339
497.124	0.05343
497.236	0.05348
497.348	0.05353
497.46	0.05358
497.573	0.05364
497.685	0.0537
497.797	0.05376
497.91	0.05382
498.022	0.05388
498.134	0.05394
498.246	0.054
498.359	0.05407
498.471	0.05414
498.583	0.05421
498.695	0.05428
498.808	0.05436
498.92	0.05444
499.032	0.05452
499.144	0.05461
499.256	0.05469
499.369	0.05478
499.481	0.05486
499.593	0.05495
499.705	0.05503
499.817	0.05511
499.929	0.05519
500.041	0.05527
500.154	0.05534
500.266	0.05541
500.378	0.05549
500.49	0.05556
500.602	0.05563
500.714	0.0557
500.826	0.05578
500.938	0.05586
501.05	0.05595
501.162	0.05604
501.275	0.05614
501.387	0.05624
501.499	0.05634
501.611	0.05644
501.723	0.05654
501.835	0.05664
501.947	0.05674
502.059	0.05684
502.171	0.05694
502.283	0.05704
502.395	0.05714
502.507	0.05724
502.619	0.05734
502.731	0.05745
502.843	0.05756
502.955	0.05768
503.066	0.0578
503.178	0.05792
503.29	0.05805
503.402	0.05818
503.514	0.05832
503.626	0.05845
503.738	0.05858
503.85	0.0587
503.962	0.05882
504.074	0.05894
504.185	0.05906
504.297	0.05917
504.409	0.05929
504.521	0.05941
504.633	0.05955
504.745	0.05968
504.857	0.05983
504.968	0.05997
505.08	0.06012
505.192	0.06027
505.304	0.06042
505.416	0.06056
505.527	0.0607
505.639	0.06084
505.751	0.06098
505.863	0.06112
505.974	0.06126
506.086	0.0614
506.198	0.06154
506.31	0.06169
506.421	0.06184
506.533	0.06199
506.645	0.06214
506.756	0.06229
506.868	0.06244
506.98	0.06259
507.091	0.06275
507.203	0.06291
507.315	0.06307
507.426	0.06323
507.538	0.0634
507.65	0.06357
507.761	0.06375
507.873	0.06393
507.985	0.06412
508.096	0.06432
508.208	0.06451
508.319	0.0647
508.431	0.0649
508.543	0.06508
508.654	0.06527
508.766	0.06545
508.877	0.06563
508.989	0.06581
509.1	0.06599
509.212	0.06618
509.324	0.06638
509.435	0.06658
509.547	0.0668
509.658	0.06701
509.77	0.06724
509.881	0.06746
509.993	0.06768
510.104	0.06789
510.216	0.0681
510.327	0.06831
510.438	0.06851
510.55	0.06872
510.661	0.06893
510.773	0.06914
510.884	0.06936
510.996	0.06959
511.107	0.06983
511.218	0.07006
511.33	0.0703
511.441	0.07055
511.553	0.07079
511.664	0.07103
511.775	0.07126
511.887	0.0715
511.998	0.07174
512.109	0.07198
512.221	0.07222
512.332	0.07247
512.443	0.07272
512.555	0.07297
512.666	0.07323
512.777	0.07349
512.889	0.07374
513	0.074
513.111	0.07426
513.223	0.07452
513.334	0.07478
513.445	0.07505
513.556	0.07533
513.668	0.07561
513.779	0.0759
513.89	0.07619
514.001	0.07648
514.112	0.07677
514.224	0.07706
514.335	0.07735
514.446	0.07764
514.557	0.07792
514.668	0.07821
514.78	0.07851
514.891	0.07881
515.002	0.07911
515.113	0.07941
515.224	0.07971
515.335	0.08001
515.447	0.08031
515.558	0.0806
515.669	0.08088
515.78	0.08117
515.891	0.08146
516.002	0.08176
516.113	0.08206
516.224	0.08237
516.335	0.08269
516.446	0.08301
516.557	0.08334
516.668	0.08366
516.779	0.08398
516.891	0.08429
517.002	0.0846
517.113	0.0849
517.224	0.0852
517.335	0.0855
517.446	0.08581
517.557	0.08613
517.668	0.08646
517.779	0.0868
517.889	0.08714
518	0.08749
518.111	0.08784
518.222	0.08818
518.333	0.08853
518.444	0.08887
518.555	0.08921
518.666	0.08954
518.777	0.08987
518.888	0.0902
518.999	0.09053
519.11	0.09085
519.22	0.09117
519.331	0.09149
519.442	0.0918
519.553	0.09211
519.664	0.09242
519.775	0.09273
519.886	0.09305
519.996	0.09337
520.107	0.09371
520.218	0.09405
520.329	0.0944
520.44	0.09476
520.55	0.09512
520.661	0.09547
520.772	0.0958
520.883	0.09613
520.994	0.09643
521.104	0.09673
521.215	0.09702
521.326	0.0973
521.436	0.09759
521.547	0.09789
521.658	0.0982
521.769	0.09852
521.879	0.09884
521.99	0.09917
522.101	0.0995
522.211	0.09983
522.322	0.10015
522.433	0.10047
522.543	0.10079
522.654	0.10111
522.765	0.10143
522.875	0.10175
522.986	0.10208
523.097	0.10241
523.207	0.10274
523.318	0.10306
523.428	0.10336
523.539	0.10366
523.65	0.10395
523.76	0.10422
523.871	0.10449
523.981	0.10476
524.092	0.10503
524.202	0.10531
524.313	0.10558
524.423	0.10586
524.534	0.10614
524.644	0.10642
524.755	0.1067
524.865	0.10698
524.976	0.10726
525.086	0.10753
525.197	0.10781
525.307	0.1081
525.418	0.10839
525.528	0.10868
525.639	0.10897
525.749	0.10925
525.86	0.10952
525.97	0.10979
526.08	0.11003
526.191	0.11027
526.301	0.11049
526.412	0.1107
526.522	0.11092
526.632	0.11113
526.743	0.11135
526.853	0.11157
526.964	0.11181
527.074	0.11204
527.184	0.11228
527.295	0.11252
527.405	0.11275
527.515	0.11298
527.626	0.1132
527.736	0.1134
527.846	0.1136
527.956	0.11379
528.067	0.11398
528.177	0.11416
528.287	0.11435
528.398	0.11453
528.508	0.11472
528.618	0.11492
528.728	0.11511
528.839	0.11531
528.949	0.11551
529.059	0.1157
529.169	0.1159
529.279	0.11609
529.39	0.11628
529.5	0.11647
529.61	0.11666
529.72	0.11683
529.83	0.117
529.94	0.11716
530.051	0.11731
530.161	0.11745
530.271	0.11759
530.381	0.11772
530.491	0.11785
530.601	0.11798
530.711	0.11811
530.822	0.11825
530.932	0.1184
531.042	0.11855
531.152	0.1187
531.262	0.11885
531.372	0.119
531.482	0.11914
531.592	0.11928
531.702	0.11942
531.812	0.11956
531.922	0.11969
532.032	0.11982
532.142	0.11994
532.252	0.12005
532.362	0.12016
532.472	0.12026
532.582	0.12036
532.692	0.12046
532.802	0.12055
532.912	0.12065
533.022	0.12076
533.132	0.12087
533.242	0.12098
533.352	0.1211
533.462	0.12121
533.572	0.12131
533.682	0.1214
533.791	0.12148
533.901	0.12155
534.011	0.12161
534.121	0.12167
534.231	0.12172
534.341	0.12177
534.451	0.12183
534.56	0.1219
534.67	0.12197
534.78	0.12205
534.89	0.12212
535	0.1222
535.11	0.12228
535.219	0.12235
535.329	0.12243
535.439	0.12249
535.549	0.12256
535.659	0.12262
535.768	0.12267
535.878	0.12272
535.988	0.12277
536.098	0.12282
536.207	0.12286
536.317	0.12291
536.427	0.12296
536.536	0.12301
536.646	0.12307
536.756	0.12312
536.866	0.12317
536.975	0.12321
537.085	0.12325
537.195	0.12329
537.304	0.12333
537.414	0.12337
537.524	0.12341
537.633	0.12347
537.743	0.12354
537.852	0.12362
537.962	0.1237
538.072	0.12377
538.181	0.12384
538.291	0.12389
538.4	0.12393
538.51	0.12395
538.62	0.12396
538.729	0.12396
538.839	0.12395
538.948	0.12395
539.058	0.12396
539.167	0.12398
539.277	0.12401
539.386	0.12405
539.496	0.12409
539.605	0.12414
539.715	0.12418
539.824	0.12423
539.934	0.12427
540.043	0.12432
540.153	0.12438
540.262	0.12444
540.372	0.12451
540.481	0.12459
540.591	0.12466
540.7	0.12472
540.809	0.12478
540.919	0.12482
541.028	0.12484
541.138	0.12486
541.247	0.12487
541.356	0.12487
541.466	0.12489
541.575	0.1249
541.685	0.12493
541.794	0.12497
541.903	0.12502
542.013	0.12507
542.122	0.12513
542.231	0.12518
542.341	0.12523
542.45	0.12527
542.559	0.12531
542.668	0.12535
542.778	0.12538
542.887	0.12542
542.996	0.12545
543.106	0.12549
543.215	0.12552
543.324	0.12556
543.433	0.12559
543.543	0.12563
543.652	0.12566
543.761	0.1257
543.87	0.12574
543.979	0.12579
544.089	0.12585
544.198	0.12591
544.307	0.12598
544.416	0.12606
544.525	0.12612
544.635	0.12619
544.744	0.12624
544.853	0.12628
544.962	0.12631
545.071	0.12633
545.18	0.12635
545.289	0.12637
545.398	0.12639
545.508	0.12643
545.617	0.12647
545.726	0.12653
545.835	0.12659
545.944	0.12666
546.053	0.12674
546.162	0.12681
546.271	0.12688
546.38	0.12694
546.489	0.127
546.598	0.12706
546.707	0.12712
546.816	0.12718
546.925	0.12725
547.034	0.12732
547.143	0.12739
547.252	0.12746
547.361	0.12753
547.47	0.1276
547.579	0.12767
547.688	0.12772
547.797	0.12777
547.906	0.12781
548.015	0.12784
548.124	0.12787
548.233	0.1279
548.342	0.12792
548.45	0.12796
548.559	0.12801
548.668	0.12807
548.777	0.12814
548.886	0.12823
548.995	0.12831
549.104	0.1284
549.212	0.12849
549.321	0.12856
549.43	0.12862
549.539	0.12866
549.648	0.12869
549.757	0.12871
549.865	0.12873
549.974	0.12876
550.083	0.1288
550.192	0.12884
550.301	0.1289
550.409	0.12897
550.518	0.12903
550.627	0.12909
550.736	0.12914
550.844	0.12917
550.953	0.12919
551.062	0.12921
551.17	0.12921
551.279	0.12922
551.388	0.12922
551.497	0.12924
551.605	0.12927
551.714	0.12931
551.823	0.12936
551.931	0.12942
552.04	0.12949
552.148	0.12955
552.257	0.12962
552.366	0.12968
552.474	0.12973
552.583	0.12978
552.692	0.12982
552.8	0.12986
552.909	0.12988
553.017	0.1299
553.126	0.12991
553.234	0.12993
553.343	0.12994
553.452	0.12996
553.56	0.12999
553.669	0.13002
553.777	0.13005
553.886	0.13008
553.994	0.13011
554.103	0.13012
554.211	0.13012
554.32	0.13011
554.428	0.13009
554.537	0.13006
554.645	0.13003
554.754	0.12999
554.862	0.12996
554.971	0.12993
555.079	0.12991
555.187	0.1299
555.296	0.12989
555.404	0.12989
555.513	0.12989
555.621	0.1299
555.729	0.12991
555.838	0.12993
555.946	0.12994
556.055	0.12993
556.163	0.1299
556.271	0.12984
556.38	0.12975
556.488	0.12962
556.596	0.12945
556.705	0.12925
556.855	0.12908
556.963	0.12887
557.072	0.12867
557.181	0.1285
557.289	0.12836
557.398	0.12825
557.507	0.12816
557.615	0.1281
557.724	0.12804
557.833	0.12798
557.941	0.12791
558.05	0.12784
558.158	0.12775
558.267	0.12767
558.376	0.12758
558.484	0.12751
558.593	0.12745
558.701	0.12739
558.81	0.12735
558.918	0.1273
559.027	0.12725
559.136	0.12718
559.244	0.1271
559.353	0.12702
559.461	0.12692
559.57	0.12683
559.678	0.12673
559.787	0.12665
559.895	0.12656
560.003	0.12649
560.112	0.12641
560.22	0.12632
560.329	0.12623
560.437	0.12612
560.546	0.126
560.654	0.12588
560.763	0.12575
560.871	0.12563
560.979	0.12551
561.088	0.12541
561.196	0.12531
561.305	0.12523
561.413	0.12515
561.521	0.12507
561.63	0.12498
561.738	0.12488
561.846	0.12476
561.955	0.12463
562.063	0.12449
562.171	0.12434
562.28	0.1242
562.388	0.12406
562.496	0.12394
562.604	0.12383
562.713	0.12373
562.821	0.12364
562.929	0.12356
563.037	0.12347
563.146	0.12339
563.254	0.1233
563.362	0.1232
563.47	0.12308
563.579	0.12295
563.687	0.12281
563.795	0.12266
563.903	0.12251
564.011	0.12234
564.12	0.12218
564.228	0.12202
564.336	0.12185
564.444	0.12169
564.552	0.12153
564.66	0.12138
564.769	0.12124
564.877	0.12111
564.985	0.12099
565.093	0.12087
565.201	0.12075
565.309	0.12063
565.417	0.12051
565.525	0.12038
565.633	0.12023
565.741	0.12007
565.849	0.11989
565.957	0.1197
566.065	0.11951
566.174	0.11932
566.282	0.11913
566.39	0.11896
566.498	0.11879
566.606	0.11864
566.714	0.11849
566.822	0.11834
566.93	0.1182
567.037	0.11804
567.145	0.11789
567.253	0.11772
567.361	0.11755
567.469	0.11738
567.577	0.11721
567.685	0.11705
567.793	0.11689
567.901	0.11673
568.009	0.11656
568.117	0.1164
568.225	0.11622
568.333	0.11603
568.44	0.11583
568.548	0.11562
568.656	0.11541
568.764	0.11519
568.872	0.11498
568.98	0.11477
569.087	0.11456
569.195	0.11437
569.303	0.11418
569.411	0.11399
569.519	0.11381
569.626	0.11362
569.734	0.11344
569.842	0.11326
569.95	0.11309
570.058	0.11292
570.165	0.11276
570.273	0.1126
570.381	0.11245
570.488	0.11229
570.596	0.11213
570.704	0.11196
570.812	0.11178
570.919	0.11159
571.027	0.1114
571.135	0.1112
571.242	0.11099
571.35	0.11079
571.458	0.11059
571.565	0.1104
571.673	0.11021
571.781	0.11003
571.888	0.10985
571.996	0.10968
572.103	0.1095
572.211	0.10932
572.319	0.10913
572.426	0.10893
572.534	0.10873
572.641	0.10852
572.749	0.10832
572.856	0.10812
572.964	0.10792
573.072	0.10773
573.179	0.10755
573.287	0.10738
573.394	0.10721
573.502	0.10705
573.609	0.1069
573.717	0.10675
573.824	0.1066
573.932	0.10646
574.039	0.10631
574.147	0.10617
574.254	0.10602
574.361	0.10588
574.469	0.10572
574.576	0.10557
574.684	0.1054
574.791	0.10523
574.899	0.10505
575.006	0.10487
575.113	0.10469
575.221	0.10451
575.328	0.10433
575.435	0.10416
575.543	0.104
575.65	0.10385
575.758	0.1037
575.865	0.10356
575.972	0.10342
576.08	0.10329
576.187	0.10316
576.294	0.10303
576.401	0.10289
576.509	0.10276
576.616	0.10263
576.723	0.10249
576.831	0.10235
576.938	0.1022
577.045	0.10206
577.152	0.10191
577.26	0.10177
577.367	0.10164
577.474	0.10151
577.581	0.1014
577.688	0.10129
577.796	0.10119
577.903	0.10108
578.01	0.10098
578.117	0.10087
578.224	0.10075
578.332	0.10061
578.439	0.10047
578.546	0.10032
578.653	0.10017
578.76	0.10002
578.867	0.09988
578.974	0.09975
579.081	0.09963
579.189	0.09951
579.296	0.09941
579.403	0.0993
579.51	0.0992
579.617	0.0991
579.724	0.09899
579.831	0.09888
579.938	0.09877
580.045	0.09865
580.152	0.09854
580.259	0.09842
580.366	0.09831
580.473	0.0982
580.58	0.0981
580.687	0.098
580.794	0.0979
580.901	0.09781
581.008	0.09771
581.115	0.09762
581.222	0.09752
581.329	0.09742
581.436	0.09731
581.543	0.09719
581.65	0.09708
581.757	0.09696
581.864	0.09684
581.97	0.09674
582.077	0.09665
582.184	0.09657
582.291	0.0965
582.398	0.09645
582.505	0.09639
582.612	0.09633
582.719	0.09627
582.825	0.09618
582.932	0.09608
583.039	0.09597
583.146	0.09584
583.253	0.09571
583.359	0.09558
583.466	0.09545
583.573	0.09533
583.68	0.09523
583.787	0.09513
583.893	0.09505
584	0.09497
584.107	0.0949
584.214	0.09483
584.32	0.09476
584.427	0.09469
584.534	0.09463
584.64	0.09457
584.747	0.09451
584.854	0.09445
584.96	0.09439
585.067	0.09432
585.174	0.09425
585.28	0.09416
585.387	0.09408
585.494	0.09398
585.6	0.09389
585.707	0.09379
585.814	0.09369
585.92	0.0936
586.027	0.09351
586.133	0.09343
586.24	0.09336
586.347	0.09329
586.453	0.09322
586.56	0.09316
586.666	0.09309
586.773	0.09302
586.879	0.09295
586.986	0.09287
587.092	0.09279
587.199	0.09271
587.306	0.09264
587.412	0.09256
587.519	0.09248
587.625	0.0924
587.731	0.09233
587.838	0.09225
587.944	0.09218
588.051	0.09211
588.157	0.09205
588.264	0.09199
588.37	0.09193
588.477	0.09188
588.583	0.09184
588.689	0.09179
588.796	0.09174
588.902	0.09168
589.009	0.09161
589.115	0.09153
589.221	0.09145
589.328	0.09136
589.434	0.09127
589.54	0.09118
589.647	0.09111
589.753	0.09104
589.859	0.09098
589.966	0.09094
590.072	0.09089
590.178	0.09085
590.285	0.09082
590.391	0.09077
590.497	0.09072
590.604	0.09067
590.71	0.09061
590.816	0.09055
590.922	0.09049
591.029	0.09044
591.135	0.09039
591.241	0.09034
591.347	0.09029
591.453	0.09024
591.56	0.09019
591.666	0.09014
591.772	0.09008
591.878	0.09002
591.984	0.08995
592.091	0.08989
592.197	0.08982
592.303	0.08976
592.409	0.0897
592.515	0.08965
592.621	0.0896
592.727	0.08956
592.833	0.08952
592.94	0.08949
593.046	0.08946
593.152	0.08944
593.258	0.08941
593.364	0.08938
593.47	0.08935
593.576	0.08931
593.682	0.08926
593.788	0.08921
593.894	0.08915
594	0.08909
594.106	0.08903
594.212	0.08898
594.318	0.08894
594.424	0.0889
594.53	0.08886
594.636	0.08883
594.742	0.0888
594.848	0.08876
594.954	0.08872
595.06	0.08867
595.166	0.08861
595.272	0.08854
595.378	0.08848
595.484	0.08842
595.589	0.08837
595.695	0.08832
595.801	0.08829
595.907	0.08826
596.013	0.08825
596.119	0.08824
596.225	0.08824
596.331	0.08824
596.436	0.08823
596.542	0.08823
596.648	0.08822
596.754	0.0882
596.86	0.08818
596.966	0.08814
597.071	0.0881
597.177	0.08805
597.283	0.088
597.389	0.08795
597.494	0.08791
597.6	0.08787
597.706	0.08783
597.812	0.0878
597.917	0.08778
598.023	0.08775
598.129	0.08772
598.235	0.08768
598.34	0.08764
598.446	0.08759
598.552	0.08754
598.657	0.08748
598.763	0.08742
598.869	0.08737
598.974	0.08732
599.08	0.08728
599.186	0.08725
599.291	0.08722
599.397	0.08719
599.503	0.08716
599.608	0.08713
599.714	0.0871
599.819	0.08708
599.925	0.08705
600.03	0.08701
600.136	0.08698
600.242	0.08695
600.347	0.08691
600.453	0.08687
600.558	0.08682
600.664	0.08677
600.769	0.08671
600.875	0.08665
600.98	0.08659
601.086	0.08654
601.191	0.08649
601.297	0.08645
601.402	0.08641
601.508	0.08639
601.613	0.08637
601.719	0.08635
601.824	0.08633
601.93	0.0863
602.035	0.08627
602.14	0.08622
602.246	0.08617
602.351	0.0861
602.457	0.08603
602.562	0.08595
602.667	0.08587
602.773	0.0858
602.878	0.08574
602.984	0.08569
603.089	0.08565
603.194	0.08562
603.3	0.0856
603.405	0.08557
603.51	0.08554
603.616	0.0855
603.721	0.08545
603.826	0.08539
603.931	0.08533
604.037	0.08526
604.142	0.08519
604.247	0.08512
604.352	0.08505
604.458	0.08499
604.563	0.08493
604.668	0.08487
604.773	0.08481
604.879	0.08475
604.984	0.0847
605.089	0.08464
605.194	0.08459
605.299	0.08454
605.405	0.08448
605.51	0.08443
605.615	0.08437
605.72	0.08431
605.825	0.08424
605.93	0.08416
606.036	0.08409
606.141	0.08402
606.246	0.08395
606.351	0.08389
606.456	0.08383
606.561	0.08378
606.666	0.08373
606.771	0.08368
606.876	0.08362
606.981	0.08355
607.086	0.08347
607.192	0.08339
607.297	0.0833
607.402	0.08323
607.507	0.08318
607.612	0.08315
607.717	0.08316
607.822	0.08319
607.927	0.08324
607.989	0.08326
608.095	0.08332
608.201	0.08336
608.307	0.08338
608.413	0.08337
608.519	0.08333
608.625	0.08327
608.731	0.0832
608.837	0.08311
608.943	0.08303
609.049	0.08295
609.155	0.08288
609.261	0.08282
609.367	0.08276
609.473	0.08271
609.579	0.08265
609.685	0.0826
609.791	0.08253
609.897	0.08247
610.003	0.0824
610.109	0.08233
610.214	0.08225
610.32	0.08218
610.426	0.0821
610.532	0.08201
610.638	0.08193
610.744	0.08184
610.85	0.08176
610.955	0.08168
611.061	0.0816
611.167	0.08152
611.273	0.08145
611.379	0.08138
611.484	0.0813
611.59	0.08123
611.696	0.08116
611.802	0.08108
611.907	0.081
612.013	0.08092
612.119	0.08083
612.225	0.08074
612.33	0.08065
612.436	0.08056
612.542	0.08047
612.647	0.08037
612.753	0.08028
612.859	0.08019
612.964	0.08011
613.07	0.08003
613.176	0.07995
613.281	0.07989
613.387	0.07983
613.493	0.07977
613.598	0.07972
613.704	0.07966
613.81	0.07961
613.915	0.07954
614.021	0.07947
614.126	0.07938
614.232	0.0793
614.338	0.07921
614.443	0.07912
614.549	0.07903
614.654	0.07895
614.76	0.07888
614.865	0.07881
614.971	0.07874
615.076	0.07868
615.182	0.07862
615.287	0.07856
615.393	0.07849
615.498	0.07842
615.604	0.07835
615.709	0.07828
615.815	0.0782
615.92	0.07813
616.026	0.07805
616.131	0.07798
616.236	0.07791
616.342	0.07784
616.447	0.07778
616.553	0.07771
616.658	0.07766
616.763	0.0776
616.869	0.07755
616.974	0.07751
617.08	0.07748
617.185	0.07744
617.29	0.07741
617.396	0.07738
617.501	0.07735
617.606	0.07732
617.712	0.07728
617.817	0.07724
617.922	0.07719
618.027	0.07714
618.133	0.07708
618.238	0.07703
618.343	0.07697
618.449	0.07691
618.554	0.07685
618.659	0.07679
618.764	0.07673
618.87	0.07667
618.975	0.07661
619.08	0.07655
619.185	0.0765
619.29	0.07645
619.396	0.0764
619.501	0.07635
619.606	0.07631
619.711	0.07626
619.816	0.07622
619.921	0.07617
620.027	0.07613
620.132	0.07609
620.237	0.07604
620.342	0.076
620.447	0.07597
620.552	0.07593
620.657	0.0759
620.762	0.07588
620.867	0.07585
620.972	0.07582
621.077	0.07579
621.183	0.07575
621.288	0.07572
621.393	0.07568
621.498	0.07564
621.603	0.07561
621.708	0.07558
621.813	0.07555
621.918	0.07553
622.023	0.0755
622.128	0.07547
622.233	0.07543
622.338	0.07539
622.443	0.07533
622.548	0.07527
622.652	0.07521
622.757	0.07516
622.862	0.07511
622.967	0.07508
623.072	0.07506
623.177	0.07506
623.282	0.07506
623.387	0.07507
623.492	0.07507
623.597	0.07507
623.701	0.07506
623.806	0.07504
623.911	0.07501
624.016	0.07497
624.121	0.07494
624.226	0.07491
624.33	0.07488
624.435	0.07486
624.54	0.07484
624.645	0.07483
624.75	0.07482
624.854	0.07481
624.959	0.0748
625.064	0.07479
625.169	0.07478
625.273	0.07477
625.378	0.07476
625.483	0.07475
625.588	0.07476
625.692	0.07476
625.797	0.07478
625.902	0.07479
626.006	0.0748
626.111	0.07482
626.216	0.07482
626.32	0.07482
626.425	0.07482
626.53	0.07481
626.634	0.0748
626.739	0.07479
626.844	0.07478
626.948	0.07477
627.053	0.07476
627.157	0.07475
627.262	0.07474
627.367	0.07473
627.471	0.07472
627.576	0.0747
627.68	0.07468
627.785	0.07465
627.889	0.07461
627.994	0.07458
628.098	0.07454
628.203	0.07452
628.307	0.0745
628.412	0.0745
628.516	0.0745
628.621	0.07452
628.725	0.07455
628.83	0.07457
628.934	0.0746
629.039	0.07463
629.143	0.07464
629.248	0.07465
629.352	0.07466
629.457	0.07466
629.561	0.07466
629.665	0.07465
629.77	0.07465
629.874	0.07465
629.978	0.07465
630.083	0.07464
630.187	0.07464
630.292	0.07463
630.396	0.07462
630.5	0.07462
630.605	0.07461
630.709	0.0746
630.813	0.07459
630.918	0.07459
631.022	0.07459
631.126	0.07459
631.23	0.07459
631.335	0.0746
631.439	0.0746
631.543	0.0746
631.647	0.0746
631.752	0.0746
631.856	0.07459
631.96	0.07457
632.064	0.07455
632.169	0.07453
632.273	0.07449
632.377	0.07446
632.481	0.07442
632.585	0.07439
632.69	0.07436
632.794	0.07433
632.898	0.0743
633.002	0.07427
633.106	0.07425
633.21	0.07422
633.314	0.07419
633.419	0.07416
633.523	0.07412
633.627	0.07409
633.731	0.07405
633.835	0.07402
633.939	0.07399
634.043	0.07397
634.147	0.07395
634.251	0.07392
634.355	0.07389
634.459	0.07386
634.563	0.07382
634.667	0.07377
634.771	0.07371
634.875	0.07365
634.979	0.07359
635.083	0.07352
635.187	0.07347
635.291	0.07341
635.395	0.07337
635.499	0.07332
635.603	0.07328
635.707	0.07325
635.811	0.07321
635.915	0.07318
636.019	0.07314
636.123	0.0731
636.227	0.07305
636.33	0.073
636.434	0.07294
636.538	0.07288
636.642	0.07281
636.746	0.07274
636.85	0.07266
636.954	0.07258
637.057	0.07249
637.161	0.07241
637.265	0.07233
637.369	0.07225
637.473	0.07217
637.576	0.07209
637.68	0.07201
637.784	0.07193
637.888	0.07185
637.992	0.07177
638.095	0.0717
638.199	0.07162
638.303	0.07155
638.406	0.07148
638.51	0.07141
638.614	0.07133
638.718	0.07124
638.821	0.07115
638.925	0.07106
639.029	0.07097
639.132	0.07087
639.236	0.07078
639.34	0.07069
639.443	0.07061
639.547	0.07052
639.651	0.07044
639.754	0.07036
639.858	0.07027
639.961	0.07018
640.065	0.07008
640.169	0.06998
640.272	0.06987
640.376	0.06976
640.479	0.06966
640.583	0.06956
640.686	0.06946
640.79	0.06938
640.893	0.06929
640.997	0.06921
641.1	0.06912
641.204	0.06903
641.307	0.06893
641.411	0.06883
641.514	0.06872
641.618	0.0686
641.721	0.06849
641.825	0.06838
641.928	0.06826
642.032	0.06815
642.135	0.06805
642.239	0.06794
642.342	0.06784
642.445	0.06775
642.549	0.06765
642.652	0.06756
642.756	0.06747
642.859	0.06738
642.962	0.06729
643.066	0.0672
643.169	0.0671
643.272	0.067
643.376	0.06689
643.479	0.06678
643.582	0.06667
643.686	0.06655
643.789	0.06644
643.892	0.06632
643.996	0.06621
644.099	0.06611
644.202	0.066
644.305	0.0659
644.409	0.0658
644.512	0.0657
644.615	0.0656
644.718	0.0655
644.822	0.06541
644.925	0.06531
645.028	0.06522
645.131	0.06513
645.234	0.06504
645.338	0.06496
645.441	0.06487
645.544	0.06479
645.647	0.0647
645.75	0.06462
645.853	0.06454
645.956	0.06445
646.06	0.06437
646.163	0.06428
646.266	0.06419
646.369	0.06411
646.472	0.06402
646.575	0.06392
646.678	0.06382
646.781	0.06372
646.884	0.06362
646.987	0.06353
647.09	0.06343
647.193	0.06335
647.296	0.06327
647.399	0.06319
647.502	0.06312
647.605	0.06304
647.708	0.06297
647.811	0.06289
647.914	0.06281
648.017	0.06273
648.12	0.06264
648.223	0.06256
648.326	0.06248
648.429	0.06239
648.532	0.06232
648.635	0.06224
648.738	0.06217
648.841	0.0621
648.944	0.06203
649.047	0.06197
649.149	0.06192
649.252	0.06186
649.355	0.06182
649.458	0.06177
649.561	0.06173
649.664	0.06168
649.767	0.06162
649.869	0.06156
649.972	0.06149
650.075	0.06142
650.178	0.06135
650.281	0.06129
650.383	0.06123
650.486	0.06118
650.589	0.06114
650.692	0.0611
650.794	0.06107
650.897	0.06104
651	0.06101
651.103	0.06098
651.205	0.06094
651.308	0.0609
651.411	0.06086
651.513	0.06082
651.616	0.06077
651.719	0.06072
651.821	0.06066
651.924	0.06061
652.027	0.06056
652.129	0.0605
652.232	0.06045
652.335	0.06041
652.437	0.06036
652.54	0.06032
652.642	0.06028
652.745	0.06024
652.848	0.06019
652.95	0.06014
653.053	0.06009
653.155	0.06004
653.258	0.06
653.36	0.05996
653.463	0.05993
653.565	0.05991
653.668	0.05988
653.77	0.05986
653.873	0.05982
653.975	0.05979
654.078	0.05974
654.18	0.0597
654.283	0.05965
654.385	0.05961
654.488	0.05957
654.59	0.05954
654.693	0.0595
654.795	0.05946
654.898	0.05942
655	0.05936
655.102	0.0593
655.205	0.05925
655.307	0.0592
655.409	0.05917
655.512	0.05914
655.614	0.05912
655.717	0.05909
655.819	0.05904
655.921	0.05897
656.024	0.05887
656.126	0.05875
656.228	0.05864
656.331	0.05856
656.433	0.05852
656.535	0.05855
656.637	0.05863
656.74	0.05872
656.842	0.05877
656.944	0.05869
657.046	0.0584
657.149	0.05785
657.251	0.05698
657.353	0.05579
657.455	0.05435
657.558	0.05272
670.592	0.06316
670.833	0.06165
671.074	0.06031
671.315	0.05922
671.556	0.05842
671.797	0.05791
672.038	0.05766
672.279	0.0576
672.52	0.05765
672.761	0.05776
673.002	0.05787
673.243	0.05795
673.484	0.058
673.725	0.05803
673.965	0.05804
674.206	0.05808
674.447	0.05814
674.688	0.05822
674.929	0.05833
675.17	0.05843
675.41	0.05853
675.651	0.0586
675.892	0.05865
676.133	0.05867
676.374	0.05867
676.614	0.05867
676.855	0.05869
677.096	0.05871
677.336	0.05876
677.577	0.05882
677.818	0.0589
678.058	0.05897
678.299	0.05905
678.54	0.05913
678.78	0.0592
679.021	0.05927
679.262	0.05935
679.502	0.05944
679.743	0.05956
679.983	0.0597
680.224	0.05986
680.464	0.06004
680.705	0.06025
680.945	0.06047
681.186	0.06071
681.426	0.06095
681.667	0.0612
681.907	0.06145
682.148	0.0617
682.388	0.06195
682.629	0.0622
682.869	0.06245
683.11	0.06272
683.35	0.06299
683.59	0.06329
683.831	0.06361
684.071	0.06396
684.311	0.06433
684.552	0.06473
684.792	0.06514
685.032	0.06558
685.273	0.06602
685.513	0.06647
685.753	0.06693
685.993	0.0674
686.234	0.06789
686.474	0.06839
686.714	0.06893
686.954	0.0695
687.194	0.07012
687.435	0.07078
687.675	0.0715
687.915	0.07226
688.155	0.07306
688.395	0.0739
688.635	0.07477
688.875	0.07568
689.115	0.07662
689.355	0.07759
689.596	0.07859
689.836	0.07962
690.076	0.08068
690.316	0.08178
690.556	0.08291
690.796	0.08407
691.036	0.08527
691.276	0.08649
691.516	0.08776
691.756	0.08906
691.995	0.09041
692.235	0.0918
692.475	0.09325
692.715	0.09474
692.955	0.09629
693.195	0.09787
693.435	0.09948
693.675	0.10112
693.914	0.10277
694.154	0.10444
694.394	0.10611
694.634	0.1078
694.874	0.1095
695.113	0.11123
695.353	0.11299
695.593	0.11479
695.833	0.11663
696.072	0.11851
696.312	0.12042
696.552	0.12237
696.791	0.12435
697.031	0.12634
697.271	0.12834
697.51	0.13035
697.75	0.13236
697.99	0.13437
698.229	0.13639
698.469	0.13841
698.708	0.14046
698.948	0.14253
699.188	0.14464
699.427	0.14679
699.667	0.14898
699.906	0.15121
700.146	0.15347
700.385	0.15575
700.625	0.15804
700.864	0.16033
701.104	0.16262
701.343	0.1649
701.582	0.16718
701.822	0.16949
702.061	0.17181
702.301	0.17418
702.54	0.17658
702.779	0.17902
703.019	0.18149
703.258	0.18397
703.497	0.18644
703.737	0.18888
703.976	0.19128
704.215	0.19364
704.455	0.19596
704.694	0.19826
704.933	0.20056
705.172	0.20287
705.411	0.20522
705.651	0.20761
705.89	0.21005
706.129	0.21252
706.368	0.21501
706.607	0.21751
706.847	0.22
707.086	0.22247
707.325	0.22491
707.564	0.22734
707.803	0.22975
708.042	0.23217
708.281	0.23461
708.52	0.23707
708.759	0.23957
708.998	0.2421
709.237	0.24466
709.476	0.24725
709.715	0.24985
709.954	0.25245
710.193	0.25506
710.432	0.25765
710.671	0.26023
710.91	0.26281
711.149	0.26538
711.388	0.26796
711.627	0.27055
711.866	0.27316
712.105	0.2758
712.343	0.27847
712.582	0.28117
712.821	0.28389
713.06	0.28663
713.299	0.28939
713.537	0.29216
713.776	0.29493
714.015	0.2977
714.254	0.30046
714.493	0.30321
714.731	0.30594
714.97	0.30866
715.209	0.31135
715.447	0.314
715.686	0.31662
715.925	0.31919
716.163	0.32171
716.402	0.32418
716.641	0.32661
716.879	0.32902
717.118	0.33144
717.356	0.33388
717.595	0.33638
717.833	0.33896
718.072	0.34164
718.311	0.3444
718.549	0.34723
718.788	0.35012
719.026	0.35303
719.265	0.35593
719.503	0.35879
719.741	0.3616
719.98	0.36437
720.218	0.3671
720.457	0.3698
720.695	0.3725
720.934	0.3752
721.172	0.37792
721.41	0.38066
721.649	0.38341
721.887	0.38615
722.125	0.38889
722.364	0.39162
722.602	0.39435
722.84	0.39709
723.079	0.39985
723.317	0.40264
723.555	0.40545
723.793	0.40827
724.031	0.41106
724.27	0.41378
724.508	0.4164
724.746	0.4189
724.984	0.42127
725.222	0.42355
725.461	0.42579
725.699	0.42804
725.937	0.43039
726.175	0.43287
726.413	0.43552
726.651	0.43832
726.889	0.44123
727.127	0.44417
727.365	0.44707
727.603	0.44984
727.841	0.45244
728.079	0.45484
728.317	0.45706
728.555	0.45914
728.793	0.46114
729.031	0.46311
729.269	0.4651
729.507	0.46713
729.745	0.46921
729.983	0.47131
730.221	0.47341
730.459	0.47549
730.697	0.47753
730.934	0.47953
731.172	0.48152
731.41	0.48354
731.648	0.48562
731.886	0.48777
732.123	0.49001
732.361	0.49231
732.599	0.49464
732.837	0.49694
733.074	0.49916
733.312	0.50125
733.55	0.50319
733.788	0.50497
734.025	0.50664
734.263	0.50824
734.501	0.50983
734.738	0.51148
734.976	0.51322
735.214	0.51509
735.451	0.5171
735.689	0.51921
735.926	0.52139
736.164	0.52358
736.401	0.52572
736.639	0.52775
736.876	0.52964
737.114	0.53136
737.351	0.53291
737.589	0.53432
737.826	0.53561
738.064	0.53682
738.301	0.53799
738.539	0.53916
738.776	0.54035
739.014	0.54158
739.251	0.54284
739.488	0.54414
739.726	0.54545
739.963	0.54677
740.201	0.54808
740.438	0.54937
740.675	0.55063
740.912	0.55186
741.15	0.55306
741.387	0.55421
741.624	0.55533
741.862	0.55642
742.099	0.5575
742.336	0.55857
742.573	0.55967
742.81	0.56081
743.048	0.562
743.285	0.56325
743.522	0.56455
743.759	0.56589
743.996	0.56722
744.233	0.56851
744.471	0.56973
744.708	0.57083
744.945	0.57182
745.182	0.57269
745.419	0.57347
745.656	0.5742
745.893	0.57493
746.13	0.57569
746.367	0.57652
746.604	0.57742
746.841	0.57838
747.078	0.57937
747.315	0.58034
747.552	0.58126
747.789	0.58207
748.026	0.58278
748.263	0.58339
748.499	0.58392
748.736	0.58442
748.973	0.58494
749.21	0.58553
749.447	0.58622
749.684	0.58701
749.921	0.5879
750.157	0.58885
750.394	0.58981
750.631	0.59073
750.868	0.59157
751.104	0.5923
751.341	0.59289
751.578	0.59336
751.815	0.59373
752.051	0.59403
752.288	0.5943
752.525	0.59458
752.761	0.59487
752.998	0.59521
753.235	0.59558
753.471	0.59597
753.708	0.59638
753.944	0.59678
754.181	0.59717
754.418	0.59754
754.654	0.59791
754.891	0.59828
755.127	0.59868
755.364	0.59912
755.6	0.59961
755.837	0.60017
756.073	0.60078
756.31	0.60144
756.546	0.60212
756.782	0.60277
757.019	0.60336
757.255	0.60386
757.492	0.60424
757.728	0.60448
757.964	0.60461
758.201	0.60466
758.437	0.60467
758.673	0.60471
758.91	0.60484
759.146	0.60509
759.382	0.60547
759.619	0.60598
759.855	0.60655
760.091	0.60712
760.327	0.6076
760.564	0.60794
760.8	0.60809
761.036	0.60805
761.272	0.60787
761.508	0.60761
761.745	0.60736
761.981	0.60721
762.217	0.60723
762.453	0.60744
762.689	0.60784
762.925	0.60836
763.161	0.60892
763.397	0.60943
763.633	0.60983
763.869	0.61005
764.105	0.6101
764.341	0.61001
764.577	0.60982
764.813	0.60961
765.049	0.60944
765.285	0.60938
765.521	0.60944
765.757	0.60965
765.993	0.60999
766.229	0.61043
766.465	0.61096
766.701	0.61154
766.937	0.61213
767.173	0.61271
767.409	0.61324
767.644	0.61367
767.88	0.61398
768.116	0.61414
768.352	0.61412
768.588	0.61396
768.823	0.61367
769.059	0.61334
769.295	0.61304
769.531	0.61285
769.766	0.61283
770.002	0.613
770.238	0.61334
770.473	0.6138
770.709	0.6143
770.945	0.61474
771.18	0.61504
771.416	0.61516
771.652	0.61508
771.887	0.61485
772.123	0.61454
772.358	0.61425
772.594	0.61407
772.829	0.61407
773.065	0.61429
773.3	0.61472
773.536	0.61533
773.771	0.61606
774.007	0.61685
774.242	0.61763
774.478	0.61834
774.713	0.61894
774.949	0.61941
775.184	0.61973
775.419	0.6199
775.655	0.61991
775.89	0.61976
776.126	0.61945
776.361	0.619
776.596	0.61844
776.832	0.61781
777.067	0.61716
777.302	0.61655
777.537	0.61603
777.773	0.61565
778.008	0.61542
778.243	0.61536
778.478	0.61546
778.714	0.6157
778.949	0.61604
779.184	0.61647
779.419	0.61697
779.654	0.61751
779.89	0.61808
780.125	0.61866
780.36	0.61923
780.595	0.61975
780.83	0.62019
781.065	0.6205
781.3	0.62065
781.535	0.62064
781.77	0.62047
782.005	0.62019
782.24	0.61984
782.475	0.61952
782.71	0.6193
782.945	0.61924
783.18	0.61937
783.415	0.6197
783.65	0.62018
783.885	0.62075
784.12	0.62131
784.355	0.62175
784.59	0.62201
784.825	0.62203
785.06	0.6218
785.294	0.62136
785.529	0.62078
785.764	0.62017
785.999	0.61962
786.234	0.61922
786.468	0.61904
786.703	0.61911
786.938	0.61942
787.173	0.61991
787.407	0.62051
787.642	0.62116
787.877	0.62177
788.111	0.62229
788.346	0.62269
788.581	0.62296
788.815	0.6231
789.05	0.62314
789.285	0.6231
789.519	0.62298
789.754	0.62282
789.988	0.6226
790.223	0.62233
790.458	0.62204
790.692	0.62173
790.927	0.62145
791.161	0.62124
791.396	0.62114
791.63	0.62119
791.865	0.62141
792.099	0.62182
792.334	0.62239
792.568	0.62307
792.802	0.62379
793.037	0.62448
793.271	0.62506
793.506	0.62548
793.74	0.6257
793.974	0.62569
794.209	0.62548
794.443	0.6251
794.677	0.62458
794.912	0.62401
795.146	0.62342
795.38	0.62289
795.614	0.62247
795.849	0.62221
796.083	0.62213
796.317	0.62225
796.551	0.62257
796.786	0.62307
797.02	0.62371
797.254	0.62444
797.488	0.62518
797.606	0.62575
797.841	0.62632
798.075	0.62672
798.31	0.62692
798.545	0.62694
798.78	0.6268
799.014	0.62656
799.249	0.62627
799.484	0.626
799.719	0.62577
799.953	0.62562
800.188	0.62554
800.423	0.6255
800.657	0.62546
800.892	0.6254
801.126	0.62529
801.361	0.62514
801.596	0.62496
801.83	0.6248
802.065	0.62472
802.299	0.62476
802.534	0.62496
802.768	0.62533
803.003	0.62584
803.237	0.62646
803.472	0.62712
803.706	0.62775
803.941	0.62829
804.175	0.6287
804.41	0.62896
804.644	0.62908
804.878	0.6291
805.113	0.62905
805.347	0.62898
805.582	0.62895
805.816	0.62897
806.05	0.62907
806.285	0.62924
806.519	0.62945
806.753	0.62969
806.987	0.62989
807.222	0.63004
807.456	0.63009
807.69	0.63002
807.924	0.62983
808.159	0.62952
808.393	0.62913
808.627	0.62869
808.861	0.62825
809.095	0.62787
809.329	0.62759
809.564	0.62744
809.798	0.62744
810.032	0.62758
810.266	0.62784
810.5	0.62817
810.734	0.62855
810.968	0.62892
811.202	0.62926
811.436	0.62954
811.67	0.62974
811.904	0.62988
812.138	0.62995
812.372	0.62998
812.606	0.62997
812.84	0.62993
813.074	0.62988
813.308	0.62984
813.542	0.62982
813.776	0.62985
814.01	0.62995
814.243	0.63013
814.477	0.6304
814.711	0.63076
814.945	0.63118
815.179	0.63161
815.413	0.63201
815.646	0.63234
815.88	0.63254
816.114	0.63262
816.348	0.63256
816.581	0.6324
816.815	0.63218
817.049	0.63196
817.282	0.63179
817.516	0.6317
817.75	0.63172
817.983	0.63183
818.217	0.63201
818.451	0.63222
818.684	0.63241
818.918	0.63254
819.151	0.63257
819.385	0.6325
819.619	0.63231
819.852	0.63203
820.086	0.63169
820.319	0.63134
820.553	0.63102
820.786	0.63076
821.02	0.63059
821.253	0.63052
821.486	0.63054
821.72	0.63064
821.953	0.63078
822.187	0.63094
822.42	0.63107
822.653	0.63115
822.887	0.63119
823.12	0.63119
823.354	0.63118
823.587	0.63121
823.82	0.63131
824.053	0.63152
824.287	0.63183
824.52	0.63224
824.753	0.63268
824.987	0.63311
825.22	0.63345
825.453	0.63364
825.686	0.63365
825.919	0.63349
826.153	0.63318
826.386	0.6328
826.619	0.63242
826.852	0.63212
827.085	0.63195
827.318	0.63196
827.551	0.63211
827.784	0.63238
828.017	0.63268
828.251	0.63297
828.484	0.63315
828.717	0.63321
828.95	0.63313
829.183	0.63293
829.416	0.63267
829.649	0.63239
829.882	0.63217
830.114	0.63204
830.347	0.63203
830.58	0.63213
830.813	0.63233
831.046	0.63258
831.279	0.63284
831.512	0.63307
831.745	0.63323
831.978	0.63331
832.21	0.63332
832.443	0.63326
832.676	0.63317
832.909	0.63308
833.142	0.63301
833.374	0.633
833.607	0.63307
833.84	0.63323
834.072	0.63348
834.305	0.6338
834.538	0.63418
834.771	0.63459
835.003	0.63501
835.236	0.6354
835.468	0.63574
835.701	0.63603
835.934	0.63624
836.166	0.63637
836.399	0.63643
836.631	0.63642
836.864	0.63633
837.097	0.63616
837.329	0.63592
837.562	0.6356
837.794	0.63521
838.027	0.63478
838.259	0.63432
838.491	0.63389
838.724	0.63351
838.956	0.63323
839.189	0.63307
839.421	0.63306
839.654	0.63319
839.886	0.63343
840.118	0.63374
840.351	0.63407
840.583	0.63439
840.815	0.63465
841.048	0.63485
841.28	0.63499
841.512	0.63509
841.744	0.63518
841.977	0.63528
842.209	0.63541
842.441	0.63558
842.673	0.63577
842.906	0.63595
843.138	0.63611
843.37	0.63623
843.602	0.63631
843.834	0.63637
844.066	0.63644
844.298	0.63655
844.531	0.63671
844.763	0.63694
844.995	0.63721
845.227	0.63748
845.459	0.6377
845.691	0.6378
845.923	0.63775
846.155	0.63754
846.387	0.6372
846.619	0.63681
846.851	0.63645
847.083	0.63621
847.315	0.63618
847.547	0.6364
847.779	0.63685
848.011	0.63748
848.242	0.63819
848.474	0.63889
848.706	0.63946
848.938	0.63984
849.17	0.64
849.402	0.63996
849.633	0.63975
849.865	0.63946
850.097	0.63915
850.329	0.63889
850.56	0.63868
850.792	0.63853
851.024	0.6384
851.256	0.63826
851.487	0.63808
851.719	0.63785
851.951	0.63758
852.182	0.63732
852.414	0.63714
852.646	0.63709
852.877	0.63722
853.109	0.63754
853.34	0.63802
853.572	0.63862
853.804	0.63924
854.035	0.63979
854.267	0.6402
854.498	0.64041
854.73	0.64041
854.961	0.64022
855.193	0.63991
855.424	0.63955
855.655	0.63924
855.887	0.63906
856.118	0.63904
856.35	0.63922
856.581	0.63958
856.812	0.64008
857.044	0.64065
857.275	0.64122
857.507	0.64172
857.738	0.6421
857.969	0.64232
858.2	0.64237
858.432	0.64227
858.663	0.64204
858.894	0.64172
859.126	0.64136
859.357	0.64098
859.588	0.64062
859.819	0.6403
860.05	0.64004
860.282	0.63984
860.513	0.63969
860.744	0.63959
860.975	0.63954
861.206	0.63953
861.437	0.63954
861.668	0.63956
861.899	0.63958
862.13	0.63957
862.361	0.63954
862.592	0.63946
862.824	0.63936
863.055	0.63924
863.286	0.63914
863.516	0.63908
863.747	0.6391
863.978	0.63921
864.209	0.63943
864.44	0.63974
864.671	0.64011
864.902	0.64051
865.133	0.64089
865.364	0.64121
865.595	0.64146
865.826	0.64161
866.056	0.64168
866.287	0.6417
866.518	0.6417
866.749	0.6417
866.98	0.64172
867.21	0.64177
867.441	0.64183
867.672	0.64189
867.902	0.6419
868.133	0.64186
868.364	0.64176
868.595	0.64159
868.825	0.64139
869.056	0.64121
869.287	0.64108
869.517	0.64106
869.748	0.64116
869.978	0.64138
870.209	0.64172
870.439	0.64212
870.67	0.64253
870.901	0.64289
871.131	0.64315
871.362	0.64328
871.592	0.64326
871.823	0.64312
872.053	0.64288
872.284	0.64258
872.514	0.64228
872.744	0.64202
872.975	0.64182
873.205	0.64169
873.436	0.64163
873.666	0.64162
873.896	0.64163
874.127	0.64163
874.357	0.64161
874.587	0.64153
874.818	0.64141
875.048	0.64125
875.278	0.64109
875.508	0.64095
875.739	0.64087
875.969	0.64088
876.199	0.64101
876.429	0.64126
876.66	0.64162
876.89	0.64206
877.12	0.64254
877.35	0.643
877.58	0.6434
877.81	0.64368
878.04	0.64383
878.271	0.64384
878.501	0.64374
878.731	0.64358
878.961	0.64344
879.191	0.64336
879.421	0.64341
879.651	0.64359
879.881	0.6439
880.111	0.64427
880.341	0.64465
880.571	0.64493
880.801	0.64506
881.031	0.64499
881.26	0.64473
881.49	0.64432
881.72	0.64385
881.95	0.64342
882.18	0.64312
882.41	0.64302
882.64	0.64314
882.87	0.64346
883.099	0.64391
883.329	0.64438
883.559	0.64477
883.789	0.64499
884.018	0.64498
884.248	0.64474
884.478	0.64429
884.708	0.64372
884.937	0.6431
885.167	0.64252
885.397	0.64207
885.626	0.64179
885.856	0.64171
886.086	0.64183
886.315	0.64212
886.545	0.64255
886.774	0.64309
887.004	0.64369
887.233	0.6443
887.463	0.64486
887.693	0.64531
887.922	0.6456
888.152	0.64568
888.381	0.64553
888.61	0.64516
888.84	0.64462
889.069	0.64399
889.299	0.64335
889.528	0.64281
889.758	0.64245
889.987	0.6423
890.216	0.64236
890.446	0.6426
890.675	0.64292
890.904	0.64325
891.134	0.6435
891.363	0.64361
891.592	0.64359
891.822	0.64344
892.051	0.64324
892.28	0.64306
892.509	0.64297
892.739	0.643
892.968	0.64318
893.197	0.6435
893.426	0.6439
893.655	0.64433
893.884	0.64473
894.114	0.64507
894.343	0.64532
894.572	0.64548
894.801	0.64555
895.03	0.64555
895.259	0.64549
895.488	0.64537
895.717	0.64519
895.946	0.64494
896.175	0.64462
896.404	0.64423
896.633	0.64378
896.862	0.64332
897.091	0.64285
897.32	0.64243
897.549	0.64207
897.778	0.64178
898.007	0.64158
898.236	0.64145
898.465	0.64139
898.693	0.64138
898.922	0.64143
899.151	0.64155
899.38	0.64174
899.609	0.64203
899.838	0.64242
900.066	0.6429
900.295	0.64344
900.524	0.64399
900.753	0.64449
900.981	0.64489
901.21	0.64514
901.439	0.64521
901.667	0.64511
901.896	0.64487
902.125	0.64455
902.353	0.64422
902.582	0.64394
902.811	0.64377
903.039	0.64373
903.268	0.64381
903.496	0.64398
903.725	0.64418
903.953	0.64435
904.182	0.64442
904.41	0.64437
904.639	0.64418
904.867	0.64387
905.096	0.64348
905.324	0.64308
905.553	0.64274
905.781	0.6425
906.01	0.6424
906.238	0.64244
906.466	0.64261
906.695	0.64285
906.923	0.6431
907.151	0.64333
907.38	0.64348
907.608	0.64354
907.836	0.64352
908.065	0.64344
908.293	0.64335
908.521	0.64328
908.749	0.64326
908.978	0.6433
909.206	0.6434
909.434	0.64354
909.662	0.64366
909.89	0.64375
910.119	0.64378
910.347	0.64374
910.575	0.64364
910.803	0.64351
911.031	0.6434
911.259	0.64334
911.487	0.64336
911.715	0.64348
911.943	0.64367
912.171	0.64393
912.399	0.6442
912.627	0.64445
912.855	0.64465
913.083	0.64475
913.311	0.64476
913.539	0.64467
913.767	0.6445
913.995	0.64425
914.223	0.64396
914.451	0.64363
914.679	0.64329
914.907	0.64295
915.135	0.64264
915.362	0.64238
915.59	0.64218
915.818	0.64206
916.046	0.64205
916.274	0.64213
916.501	0.6423
916.729	0.64254
916.957	0.64281
917.185	0.64306
917.412	0.64327
917.64	0.6434
917.868	0.64346
918.095	0.64344
918.323	0.64339
918.551	0.64335
918.778	0.64334
919.006	0.64342
919.233	0.64358
919.461	0.64381
919.689	0.64409
919.916	0.64435
920.144	0.64454
920.371	0.6446
920.599	0.64451
920.826	0.64424
921.054	0.64382
921.281	0.64329
921.509	0.64271
921.736	0.64214
921.963	0.64164
922.191	0.64124
922.418	0.64099
922.646	0.64087
922.873	0.6409
923.1	0.64106
923.328	0.64133
923.555	0.64169
923.782	0.64213
924.01	0.64261
924.237	0.64311
924.464	0.6436
924.692	0.64402
924.919	0.64433
925.146	0.64451
925.373	0.64454
925.6	0.64442
925.828	0.64419
926.055	0.6439
926.282	0.64361
926.509	0.64336
926.736	0.6432
926.963	0.64312
927.19	0.6431
927.418	0.64307
927.645	0.64297
927.872	0.64273
928.099	0.64231
928.326	0.64171
928.553	0.64096
928.78	0.64015
929.007	0.63937
929.234	0.6387
929.461	0.63824
929.688	0.638
929.915	0.63798
930.142	0.63813
930.368	0.63836
930.595	0.6386
930.822	0.63875
931.049	0.63879
931.276	0.63871
931.503	0.63854
931.73	0.63833
931.956	0.63816
932.183	0.63809
932.41	0.63815
932.637	0.63834
932.864	0.63865
933.09	0.639
933.317	0.63934
933.544	0.63959
933.77	0.63972
933.997	0.63969
934.224	0.63951
934.45	0.63921
934.677	0.63883
934.904	0.63841
935.13	0.63802
935.357	0.63767
935.583	0.6374
935.81	0.63722
936.037	0.6371
936.263	0.63703
936.49	0.63699
936.716	0.63695
936.943	0.63689
937.169	0.6368
937.396	0.63668
937.622	0.63655
937.848	0.63643
938.075	0.63635
938.301	0.6363
938.528	0.63631
938.754	0.63637
938.98	0.63644
939.207	0.63649
939.433	0.63648
939.66	0.63638
939.886	0.63617
940.112	0.63586
940.338	0.63548
940.565	0.63508
940.791	0.63471
941.017	0.63443
941.243	0.63427
941.47	0.63422
941.696	0.63426
941.922	0.63433
942.148	0.63435
942.374	0.63426
942.601	0.63401
942.827	0.63358
943.053	0.63299
943.279	0.6323
943.505	0.6316
943.731	0.63095
943.957	0.63042
944.183	0.63007
944.409	0.62987
944.635	0.6298
944.861	0.6298
945.087	0.6298
945.313	0.62973
945.539	0.62955
945.765	0.62925
945.991	0.62884
946.217	0.62837
946.443	0.62789
946.669	0.62744
946.895	0.62708
947.12	0.62682
947.346	0.62666
947.572	0.62657
947.798	0.62654
948.024	0.62651
948.25	0.62647
948.475	0.62639
948.701	0.62625
948.927	0.62607
949.153	0.62585
949.378	0.6256
949.604	0.62534
949.83	0.62508
950.055	0.62483
950.281	0.62458
950.507	0.62433
950.732	0.62407
950.958	0.62379
951.184	0.6235
951.409	0.62319
951.635	0.62287
951.86	0.62256
952.086	0.62227
952.311	0.622
952.537	0.62178
952.762	0.62159
952.988	0.62144
953.213	0.62128
953.439	0.62111
953.664	0.62089
953.89	0.62061
954.115	0.62024
954.341	0.6198
954.566	0.61931
954.791	0.61878
955.017	0.61826
955.242	0.61777
955.467	0.61733
955.693	0.61695
955.918	0.61661
956.143	0.6163
956.369	0.61598
956.594	0.61562
956.819	0.61522
957.044	0.61477
957.27	0.6143
957.495	0.61383
957.72	0.61341
957.945	0.61308
958.17	0.61287
958.395	0.61278
958.621	0.61283
958.846	0.61298
959.071	0.61321
959.296	0.61347
959.521	0.61372
959.746	0.61391
959.971	0.61401
960.196	0.614
960.421	0.61385
960.646	0.61357
960.871	0.61316
961.096	0.61265
961.321	0.61206
961.546	0.61145
961.771	0.61086
961.996	0.61035
962.221	0.60995
962.446	0.6097
962.671	0.60961
962.895	0.60965
963.12	0.60981
963.345	0.61003
963.57	0.61025
963.795	0.61043
964.02	0.61054
964.244	0.61055
964.469	0.61047
964.694	0.61032
964.919	0.61012
965.143	0.60989
965.368	0.60967
965.593	0.60947
965.817	0.60928
966.042	0.60912
966.267	0.60896
966.491	0.60881
966.716	0.60868
966.941	0.60856
967.165	0.60846
967.39	0.60839
967.614	0.60834
967.839	0.60831
968.064	0.60828
968.288	0.60822
968.513	0.60811
968.737	0.60795
968.962	0.60774
969.186	0.60749
969.41	0.60726
969.635	0.60707
969.859	0.60697
970.084	0.60701
970.308	0.60718
970.533	0.60748
970.757	0.60789
970.981	0.60834
971.206	0.6088
971.43	0.60918
971.654	0.60944
971.879	0.60955
972.103	0.60949
972.327	0.60926
972.551	0.60891
972.776	0.60846
973	0.60797
973.224	0.60749
973.448	0.60705
973.672	0.60668
973.897	0.6064
974.121	0.60619
974.345	0.60604
974.569	0.60592
974.793	0.60582
975.017	0.60572
975.241	0.60561
975.465	0.60548
975.689	0.60536
975.913	0.60524
976.137	0.60513
976.361	0.60505
976.585	0.60497
976.809	0.60491
977.033	0.60483
977.257	0.60473
977.481	0.6046
977.705	0.60447
977.929	0.60434
978.153	0.60426
978.377	0.60423
978.601	0.60429
978.825	0.60442
979.049	0.60461
979.272	0.60482
979.496	0.605
979.72	0.60511
979.944	0.60513
980.168	0.60505
980.391	0.60491
980.615	0.60475
980.839	0.60466
981.062	0.60469
981.286	0.60488
981.51	0.60526
981.734	0.60579
981.957	0.60643
982.181	0.6071
982.404	0.60774
982.628	0.60828
982.852	0.60872
983.075	0.60904
983.299	0.60927
983.522	0.60945
983.746	0.6096
983.969	0.60973
984.193	0.60981
984.416	0.60982
984.64	0.60972
984.863	0.60946
985.087	0.60907
985.31	0.60856
985.534	0.60802
985.757	0.60753
985.981	0.60719
986.204	0.60707
986.427	0.60719
986.651	0.60752
986.874	0.608
987.097	0.60853
987.321	0.60898
987.544	0.60929
987.767	0.60939
987.991	0.60929
988.214	0.60905
988.437	0.60875
988.66	0.60848
988.883	0.60831
989.107	0.60829
989.33	0.60842
989.553	0.60866
989.776	0.60895
989.999	0.60922
990.222	0.60944
990.446	0.60956
990.669	0.6096
990.892	0.60958
991.115	0.60954
991.338	0.60952
991.561	0.60956
991.784	0.60967
992.007	0.60985
992.23	0.61009
992.453	0.61038
992.676	0.61072
992.899	0.61112
993.122	0.61159
993.345	0.61214
993.568	0.61276
993.791	0.61343
994.013	0.6141
994.236	0.6147
994.459	0.61516
994.682	0.61541
994.905	0.6154
995.128	0.61514
995.35	0.61465
995.573	0.61399
995.796	0.61325
996.019	0.61253
996.241	0.61192
996.464	0.61146
996.687	0.61121
996.91	0.61115
997.132	0.61128
997.355	0.61155
997.578	0.6119
997.8	0.61229
998.023	0.61267
998.246	0.61301
998.468	0.61326
998.691	0.61344
998.913	0.61352
999.136	0.61353
999.358	0.61348
999.581	0.61343
999.803	0.6134
1000.03	0.61345
1000.25	0.61357
1000.47	0.61378
1000.69	0.61408
1000.92	0.61442
1001.14	0.61474
1001.36	0.61498
1001.58	0.61512
1001.81	0.61513
1002.03	0.61501
1002.25	0.6148
1002.47	0.61457
1002.69	0.61439
1002.92	0.61433
1003.14	0.61441
1003.36	0.61466
1003.58	0.61505
1003.81	0.61553
1004.03	0.61601
1004.25	0.61643
1004.47	0.61672
1004.7	0.61686
1004.92	0.61683
1005.14	0.61666
1005.36	0.61638