400.563	0.04156
400.681	0.04124
400.798	0.04095
400.916	0.04069
401.034	0.0405
401.151	0.04036
401.269	0.04028
401.387	0.04024
401.505	0.04023
401.622	0.04024
401.74	0.04026
401.858	0.04028
401.975	0.0403
402.093	0.04032
402.211	0.04033
402.328	0.04033
402.446	0.04034
402.564	0.04034
402.681	0.04034
402.799	0.04034
402.917	0.04034
403.034	0.04034
403.152	0.04034
403.269	0.04035
403.387	0.04037
403.505	0.04039
403.622	0.04042
403.74	0.04046
403.857	0.04052
403.975	0.04059
404.093	0.04067
404.21	0.04077
404.328	0.04088
404.445	0.041
404.563	0.04112
404.68	0.04123
404.798	0.04135
404.915	0.04145
405.033	0.04154
405.15	0.04161
405.268	0.04167
405.385	0.04171
405.503	0.04174
405.62	0.04174
405.738	0.04173
405.855	0.04171
405.973	0.04167
406.09	0.04163
406.208	0.04159
406.325	0.04155
406.442	0.04152
406.56	0.0415
406.677	0.04149
406.795	0.04148
406.912	0.04148
407.029	0.04148
407.147	0.04147
407.264	0.04145
407.382	0.04143
407.499	0.0414
407.616	0.04137
407.734	0.04135
407.851	0.04132
407.968	0.04129
408.086	0.04127
408.203	0.04125
408.32	0.04123
408.438	0.04122
408.555	0.0412
408.672	0.04119
408.79	0.04118
408.907	0.04116
409.024	0.04115
409.141	0.04114
409.259	0.04112
409.376	0.0411
409.493	0.04108
409.61	0.04105
409.728	0.04102
409.845	0.04099
409.962	0.04096
410.079	0.04094
410.197	0.04091
410.314	0.0409
410.431	0.04088
410.548	0.04087
410.665	0.04086
410.783	0.04085
410.9	0.04084
411.017	0.04084
411.134	0.04083
411.251	0.04082
411.368	0.04082
411.486	0.04081
411.603	0.0408
411.72	0.04079
411.837	0.04078
411.954	0.04077
412.071	0.04075
412.188	0.04074
412.305	0.04073
412.423	0.04072
412.54	0.04071
412.657	0.04071
412.774	0.04071
412.891	0.04071
413.008	0.04071
413.125	0.04071
413.242	0.04071
413.359	0.04071
413.476	0.04072
413.593	0.04073
413.71	0.04074
413.827	0.04076
413.944	0.04079
414.061	0.04081
414.178	0.04084
414.295	0.04087
414.412	0.04089
414.529	0.04092
414.646	0.04094
414.763	0.04096
414.88	0.04099
414.997	0.04101
415.114	0.04103
415.231	0.04106
415.348	0.04109
415.464	0.04112
415.581	0.04115
415.698	0.04119
415.815	0.04122
415.932	0.04126
416.049	0.04129
416.166	0.04133
416.283	0.04136
416.4	0.04139
416.516	0.04143
416.633	0.04147
416.75	0.04151
416.867	0.04155
416.984	0.04159
417.101	0.04163
417.217	0.04166
417.334	0.0417
417.451	0.04173
417.568	0.04176
417.685	0.04179
417.801	0.04182
417.918	0.04186
418.035	0.0419
418.152	0.04194
418.268	0.04199
418.385	0.04203
418.502	0.04208
418.619	0.04212
418.735	0.04216
418.852	0.04219
418.969	0.04222
419.086	0.04224
419.202	0.04226
419.319	0.04228
419.436	0.04231
419.552	0.04233
419.669	0.04237
419.786	0.0424
419.902	0.04244
420.019	0.04247
420.136	0.04249
420.252	0.04251
420.369	0.04252
420.486	0.04253
420.602	0.04253
420.719	0.04254
420.835	0.04255
420.952	0.04256
421.069	0.04258
421.185	0.04259
421.302	0.04262
421.418	0.04264
421.535	0.04266
421.651	0.04268
421.768	0.0427
421.885	0.04271
422.001	0.04273
422.118	0.04274
422.234	0.04276
422.351	0.04278
422.467	0.0428
422.584	0.04282
422.7	0.04284
422.817	0.04287
422.933	0.0429
423.05	0.04294
423.166	0.04297
423.283	0.04301
423.399	0.04305
423.515	0.04307
423.632	0.0431
423.748	0.04311
423.865	0.04312
423.981	0.04313
424.098	0.04312
424.214	0.04312
424.33	0.04312
424.447	0.04313
424.563	0.04313
424.68	0.04315
424.796	0.04317
424.912	0.0432
425.029	0.04323
425.145	0.04326
425.261	0.04329
425.378	0.04332
425.494	0.04335
425.61	0.04337
425.727	0.0434
425.843	0.04342
425.959	0.04344
426.076	0.04346
426.192	0.04347
426.308	0.04349
426.425	0.04352
426.541	0.04354
426.657	0.04356
426.773	0.04358
426.89	0.04361
427.006	0.04364
427.122	0.04366
427.238	0.04368
427.355	0.04371
427.471	0.04373
427.587	0.04375
427.703	0.04377
427.819	0.04378
427.936	0.0438
428.052	0.04381
428.168	0.04383
428.284	0.04385
428.4	0.04387
428.516	0.0439
428.633	0.04393
428.749	0.04396
428.865	0.04399
428.981	0.04401
429.097	0.04404
429.213	0.04406
429.329	0.04407
429.445	0.04408
429.562	0.04409
429.678	0.0441
429.794	0.04411
429.91	0.04413
430.026	0.04415
430.142	0.04418
430.258	0.04421
430.374	0.04424
430.49	0.04426
430.606	0.04427
430.722	0.04428
430.838	0.04427
430.954	0.04427
431.07	0.04427
431.186	0.04429
431.302	0.04431
431.418	0.04434
431.534	0.04437
431.65	0.04439
431.766	0.04439
431.882	0.04437
431.998	0.0443
432.114	0.04419
432.23	0.04405
432.346	0.04388
432.323	0.04361
432.439	0.04343
432.555	0.04328
432.671	0.04315
432.787	0.04307
432.903	0.04302
433.019	0.04301
433.135	0.04302
433.251	0.04305
433.367	0.04308
433.483	0.04311
433.599	0.04314
433.715	0.04316
433.831	0.04318
433.947	0.0432
434.063	0.04321
434.179	0.04324
434.295	0.04326
434.411	0.0433
434.527	0.04334
434.643	0.04337
434.759	0.04341
434.875	0.04344
434.991	0.04347
435.106	0.04349
435.222	0.0435
435.338	0.04352
435.454	0.04353
435.57	0.04355
435.686	0.04357
435.802	0.04358
435.918	0.0436
436.033	0.04363
436.149	0.04365
436.265	0.04368
436.381	0.0437
436.497	0.04373
436.613	0.04375
436.728	0.04377
436.844	0.04379
436.96	0.04381
437.076	0.04382
437.191	0.04383
437.307	0.04385
437.423	0.04386
437.539	0.04388
437.655	0.0439
437.77	0.04391
437.886	0.04393
438.002	0.04395
438.117	0.04396
438.233	0.04398
438.349	0.04399
438.465	0.04401
438.58	0.04403
438.696	0.04406
438.812	0.04409
438.927	0.04412
439.043	0.04415
439.159	0.04418
439.274	0.0442
439.39	0.04422
439.506	0.04423
439.621	0.04424
439.737	0.04424
439.853	0.04425
439.968	0.04426
440.084	0.04428
440.199	0.0443
440.315	0.04433
440.431	0.04436
440.546	0.04439
440.662	0.04441
440.777	0.04444
440.893	0.04445
441.008	0.04446
441.124	0.04447
441.239	0.04448
441.355	0.0445
441.47	0.04451
441.586	0.04453
441.702	0.04454
441.817	0.04456
441.933	0.04458
442.048	0.04459
442.163	0.04461
442.279	0.04462
442.394	0.04463
442.51	0.04464
442.625	0.04465
442.741	0.04467
442.856	0.04469
442.972	0.04471
443.087	0.04473
443.203	0.04476
443.318	0.0448
443.433	0.04483
443.549	0.04487
443.664	0.04491
443.78	0.04495
443.895	0.04498
444.01	0.04502
444.126	0.04504
444.241	0.04506
444.356	0.04507
444.472	0.04508
444.587	0.04508
444.702	0.04508
444.818	0.04508
444.933	0.04508
445.048	0.04509
445.164	0.0451
445.279	0.04511
445.394	0.04513
445.51	0.04516
445.625	0.04519
445.74	0.04521
445.855	0.04524
445.971	0.04527
446.086	0.04529
446.201	0.04532
446.316	0.04534
446.432	0.04536
446.547	0.04538
446.662	0.04539
446.777	0.04541
446.892	0.04543
447.008	0.04544
447.123	0.04546
447.238	0.04548
447.353	0.0455
447.468	0.04552
447.583	0.04554
447.699	0.04556
447.814	0.04557
447.929	0.04559
448.044	0.04561
448.159	0.04562
448.274	0.04563
448.389	0.04564
448.504	0.04565
448.62	0.04567
448.735	0.04568
448.85	0.0457
448.965	0.04572
449.08	0.04575
449.195	0.04577
449.31	0.0458
449.425	0.04581
449.54	0.04583
449.655	0.04584
449.77	0.04585
449.885	0.04586
450	0.04586
450.115	0.04587
450.23	0.04588
450.345	0.0459
450.46	0.04592
450.575	0.04595
450.69	0.04598
450.805	0.04601
450.92	0.04603
451.035	0.04605
451.15	0.04606
451.265	0.04607
451.38	0.04607
451.495	0.04607
451.61	0.04606
451.725	0.04607
451.839	0.04607
451.954	0.04608
452.069	0.0461
452.184	0.04612
452.299	0.04615
452.414	0.04617
452.529	0.04619
452.644	0.04621
452.758	0.04623
452.873	0.04624
452.988	0.04625
453.103	0.04627
453.218	0.04629
453.333	0.04631
453.447	0.04633
453.562	0.04634
453.677	0.04636
453.792	0.04637
453.906	0.04638
454.021	0.04638
454.136	0.04638
454.251	0.04637
454.366	0.04637
454.48	0.04636
454.595	0.04636
454.71	0.04636
454.824	0.04637
454.939	0.04638
455.054	0.04638
455.169	0.04639
455.283	0.0464
455.398	0.04641
455.513	0.04642
455.627	0.04643
455.742	0.04644
455.857	0.04646
455.971	0.04647
456.086	0.04648
456.201	0.04649
456.315	0.04649
456.43	0.04649
456.544	0.04649
456.659	0.04649
456.774	0.04649
456.888	0.0465
457.003	0.04652
457.117	0.04653
457.232	0.04655
457.347	0.04656
457.461	0.04656
457.576	0.04654
457.69	0.04649
457.805	0.04642
457.919	0.04632
458.034	0.04621
458.044	0.04601
458.159	0.04589
458.273	0.04578
458.388	0.04569
458.503	0.04562
458.618	0.04557
458.732	0.04554
458.847	0.04553
458.962	0.04553
459.076	0.04553
459.191	0.04553
459.306	0.04554
459.421	0.04554
459.535	0.04554
459.65	0.04554
459.765	0.04555
459.879	0.04556
459.994	0.04558
460.108	0.0456
460.223	0.04563
460.338	0.04566
460.452	0.04569
460.567	0.04572
460.682	0.04575
460.796	0.04578
460.911	0.04581
461.025	0.04584
461.14	0.04587
461.255	0.04589
461.369	0.04592
461.484	0.04594
461.598	0.04596
461.713	0.04598
461.827	0.046
461.942	0.04601
462.056	0.04602
462.171	0.04603
462.285	0.04604
462.4	0.04605
462.514	0.04605
462.629	0.04605
462.743	0.04605
462.858	0.04604
462.972	0.04603
463.087	0.04602
463.201	0.04601
463.316	0.046
463.43	0.04599
463.545	0.04598
463.659	0.04597
463.774	0.04597
463.888	0.04597
464.002	0.04598
464.117	0.04599
464.231	0.046
464.346	0.04602
464.46	0.04604
464.574	0.04606
464.689	0.04607
464.803	0.04609
464.917	0.04609
465.032	0.04609
465.146	0.04609
465.26	0.04608
465.375	0.04608
465.489	0.04607
465.603	0.04607
465.718	0.04606
465.832	0.04606
465.946	0.04606
466.061	0.04607
466.175	0.04607
466.289	0.04607
466.403	0.04607
466.518	0.04607
466.632	0.04606
466.746	0.04606
466.86	0.04605
466.975	0.04605
467.089	0.04604
467.203	0.04604
467.317	0.04604
467.431	0.04603
467.546	0.04603
467.66	0.04603
467.774	0.04603
467.888	0.04604
468.002	0.04604
468.116	0.04605
468.231	0.04606
468.345	0.04607
468.459	0.04609
468.573	0.0461
468.687	0.04611
468.801	0.04612
468.915	0.04613
469.029	0.04614
469.144	0.04615
469.258	0.04615
469.372	0.04616
469.486	0.04616
469.6	0.04615
469.714	0.04615
469.828	0.04615
469.942	0.04614
470.056	0.04613
470.17	0.04613
470.284	0.04612
470.398	0.04612
470.512	0.04611
470.626	0.04611
470.74	0.04611
470.854	0.04612
470.968	0.04612
471.082	0.04613
471.196	0.04613
471.31	0.04613
471.424	0.04613
471.538	0.04613
471.652	0.04613
471.766	0.04613
471.88	0.04613
471.994	0.04613
472.108	0.04613
472.221	0.04614
472.335	0.04614
472.449	0.04615
472.563	0.04616
472.677	0.04616
472.791	0.04617
472.905	0.04617
473.019	0.04617
473.132	0.04617
473.246	0.04618
473.36	0.04618
473.474	0.04619
473.588	0.0462
473.702	0.04621
473.815	0.04622
473.929	0.04623
474.043	0.04622
474.157	0.04621
474.27	0.0462
474.384	0.04618
474.498	0.04617
474.612	0.04615
474.726	0.04615
474.839	0.04615
474.953	0.04616
475.067	0.04617
475.18	0.04619
475.294	0.04621
475.408	0.04622
475.522	0.04623
475.635	0.04624
475.749	0.04624
475.863	0.04623
475.976	0.04623
476.09	0.04623
476.204	0.04623
476.317	0.04623
476.431	0.04623
476.545	0.04624
476.658	0.04625
476.772	0.04625
476.885	0.04626
476.999	0.04627
477.113	0.04628
477.226	0.04629
477.34	0.0463
477.453	0.04632
477.567	0.04633
477.68	0.04635
477.794	0.04637
477.908	0.04639
478.021	0.04641
478.135	0.04643
478.248	0.04643
478.362	0.04644
478.475	0.04644
478.589	0.04644
478.702	0.04644
478.816	0.04643
478.929	0.04643
479.043	0.04643
479.156	0.04642
479.27	0.04642
479.383	0.04642
479.496	0.04642
479.61	0.04641
479.723	0.04641
479.837	0.0464
479.95	0.04639
480.064	0.04637
480.177	0.04636
480.29	0.04635
480.404	0.04634
480.517	0.04634
480.631	0.04635
480.744	0.04636
480.857	0.04638
480.971	0.0464
481.084	0.04642
481.197	0.04644
481.311	0.04645
481.424	0.04647
481.537	0.04647
481.651	0.04647
481.764	0.04647
481.877	0.04646
481.991	0.04646
482.104	0.04646
482.217	0.04646
482.33	0.04646
482.444	0.04646
482.557	0.04647
482.67	0.04647
482.783	0.04648
482.897	0.04649
483.01	0.0465
483.123	0.04651
483.236	0.04652
483.35	0.04653
483.463	0.04655
483.576	0.04656
483.689	0.04658
483.802	0.04659
483.915	0.0466
484.029	0.04661
484.142	0.04661
484.255	0.04661
484.368	0.04661
484.481	0.0466
484.594	0.0466
484.707	0.04659
484.821	0.04659
484.934	0.04659
485.047	0.04659
485.16	0.04659
485.273	0.0466
485.386	0.04661
485.499	0.04662
485.612	0.04663
485.725	0.04664
485.838	0.04665
485.951	0.04665
486.064	0.04666
486.177	0.04666
486.29	0.04666
486.403	0.04667
486.516	0.04667
486.629	0.04668
486.742	0.04669
486.855	0.0467
486.968	0.04671
487.081	0.04672
487.194	0.04673
487.307	0.04674
487.42	0.04675
487.533	0.04675
487.646	0.04676
487.759	0.04676
487.872	0.04676
487.985	0.04677
488.098	0.04678
488.211	0.04679
488.324	0.04681
488.436	0.04682
488.549	0.04684
488.662	0.04686
488.775	0.04688
488.888	0.0469
489.001	0.04692
489.114	0.04694
489.226	0.04695
489.339	0.04696
489.452	0.04697
489.565	0.04697
489.678	0.04698
489.79	0.04699
489.903	0.047
490.016	0.04701
490.129	0.04702
490.242	0.04703
490.354	0.04705
490.467	0.04706
490.58	0.04707
490.693	0.04709
490.805	0.0471
490.918	0.04712
491.031	0.04714
491.143	0.04716
491.256	0.04719
491.369	0.04722
491.482	0.04726
491.594	0.04729
491.707	0.04733
491.82	0.04736
491.932	0.04738
492.045	0.0474
492.158	0.04742
492.27	0.04743
492.383	0.04744
492.495	0.04746
492.608	0.04748
492.721	0.0475
492.833	0.04753
492.946	0.04756
493.058	0.04758
493.171	0.04761
493.284	0.04763
493.396	0.04765
493.509	0.04766
493.621	0.04767
493.734	0.04768
493.846	0.0477
493.959	0.04772
494.071	0.04774
494.184	0.04777
494.296	0.0478
494.409	0.04783
494.521	0.04787
494.634	0.0479
494.746	0.04793
494.859	0.04795
494.971	0.04797
495.084	0.04799
495.196	0.04801
495.309	0.04803
495.421	0.04805
495.534	0.04807
495.646	0.0481
495.758	0.04813
495.871	0.04816
495.983	0.0482
496.096	0.04824
496.208	0.04829
496.32	0.04833
496.433	0.04836
496.545	0.0484
496.657	0.04843
496.77	0.04846
496.882	0.04848
496.994	0.04851
497.107	0.04853
497.219	0.04856
497.331	0.04858
497.444	0.04861
497.556	0.04865
497.668	0.04868
497.781	0.04872
497.893	0.04876
498.005	0.0488
498.117	0.04884
498.23	0.04888
498.342	0.04892
498.454	0.04897
498.566	0.04901
498.679	0.04905
498.791	0.04909
498.903	0.04914
499.015	0.04918
499.127	0.04923
499.24	0.04928
499.352	0.04934
499.464	0.04939
499.576	0.04944
499.688	0.0495
499.8	0.04955
499.913	0.0496
500.025	0.04964
500.137	0.04968
500.249	0.04972
500.361	0.04975
500.473	0.04978
500.585	0.04982
500.697	0.04985
500.81	0.04989
500.922	0.04993
501.034	0.04998
501.146	0.05004
501.258	0.05009
501.37	0.05015
501.482	0.05021
501.594	0.05027
501.706	0.05033
501.818	0.05039
501.93	0.05044
502.042	0.0505
502.154	0.05056
502.266	0.05061
502.378	0.05067
502.49	0.05073
502.602	0.05079
502.714	0.05085
502.826	0.05092
502.938	0.05099
503.05	0.05106
503.162	0.05113
503.274	0.05121
503.386	0.05128
503.497	0.05136
503.609	0.05143
503.721	0.05151
503.833	0.05157
503.945	0.05163
504.057	0.05169
504.169	0.05175
504.281	0.0518
504.392	0.05186
504.504	0.05193
504.616	0.052
504.728	0.05207
504.84	0.05215
504.952	0.05224
505.063	0.05233
505.175	0.05241
505.287	0.0525
505.399	0.05258
505.511	0.05266
505.622	0.05273
505.734	0.05281
505.846	0.05288
505.958	0.05296
506.069	0.05303
506.181	0.05311
506.293	0.05319
506.405	0.05327
506.516	0.05335
506.628	0.05343
506.74	0.05351
506.851	0.05359
506.963	0.05367
507.075	0.05375
507.186	0.05383
507.298	0.05391
507.41	0.054
507.521	0.05409
507.633	0.05418
507.745	0.05428
507.856	0.05438
507.968	0.05448
508.08	0.05459
508.191	0.05471
508.303	0.05482
508.414	0.05493
508.526	0.05503
508.638	0.05514
508.749	0.05523
508.861	0.05532
508.972	0.05541
509.084	0.0555
509.195	0.0556
509.307	0.0557
509.418	0.05581
509.53	0.05592
509.641	0.05604
509.753	0.05617
509.864	0.05629
509.976	0.05642
510.087	0.05654
510.199	0.05665
510.31	0.05676
510.422	0.05686
510.533	0.05696
510.645	0.05706
510.756	0.05716
510.868	0.05727
510.979	0.05739
511.09	0.05751
511.202	0.05764
511.313	0.05777
511.425	0.05791
511.536	0.05804
511.647	0.05818
511.759	0.05831
511.87	0.05844
511.981	0.05856
512.093	0.05869
512.204	0.05881
512.316	0.05894
512.427	0.05906
512.538	0.05919
512.649	0.05932
512.761	0.05946
512.872	0.05959
512.983	0.05972
513.095	0.05986
513.206	0.05999
513.317	0.06013
513.428	0.06027
513.54	0.06041
513.651	0.06056
513.762	0.06071
513.873	0.06086
513.985	0.06101
514.096	0.06117
514.207	0.06132
514.318	0.06147
514.429	0.06162
514.541	0.06177
514.652	0.06192
514.763	0.06208
514.874	0.06224
514.985	0.0624
515.097	0.06256
515.208	0.06273
515.319	0.06289
515.43	0.06304
515.541	0.0632
515.652	0.06334
515.763	0.06349
515.874	0.06363
515.985	0.06378
516.097	0.06393
516.208	0.06409
516.319	0.06426
516.43	0.06442
516.541	0.06459
516.652	0.06476
516.763	0.06493
516.874	0.06509
516.985	0.06524
517.096	0.0654
517.207	0.06555
517.318	0.0657
517.429	0.06586
517.54	0.06603
517.651	0.0662
517.762	0.06639
517.873	0.06657
517.984	0.06676
518.095	0.06695
518.206	0.06714
518.317	0.06733
518.428	0.06751
518.539	0.06768
518.649	0.06786
518.76	0.06802
518.871	0.06819
518.982	0.06836
519.093	0.06853
519.204	0.06869
519.315	0.06885
519.426	0.06902
519.537	0.06918
519.647	0.06934
519.758	0.06951
519.869	0.06968
519.98	0.06985
520.091	0.07003
520.202	0.07021
520.312	0.0704
520.423	0.07059
520.534	0.07078
520.645	0.07096
520.755	0.07114
520.866	0.0713
520.977	0.07146
521.088	0.07161
521.198	0.07175
521.309	0.07189
521.42	0.07204
521.531	0.07219
521.641	0.07235
521.752	0.07252
521.863	0.07269
521.974	0.07287
522.084	0.07305
522.195	0.07324
522.306	0.07342
522.416	0.07359
522.527	0.07376
522.638	0.07394
522.748	0.07411
522.859	0.07428
522.969	0.07446
523.08	0.07464
523.191	0.07481
523.301	0.07499
523.412	0.07515
523.522	0.07531
523.633	0.07547
523.744	0.07561
523.854	0.07575
523.965	0.07589
524.075	0.07604
524.186	0.07618
524.296	0.07632
524.407	0.07646
524.517	0.0766
524.628	0.07674
524.738	0.07688
524.849	0.077
524.959	0.07713
525.005	0.0772
525.116	0.07731
525.226	0.07742
525.337	0.07753
525.448	0.07764
525.559	0.07774
525.67	0.07784
525.781	0.07794
525.891	0.07804
526.002	0.07815
526.113	0.07826
526.224	0.07839
526.335	0.07853
526.445	0.07867
526.556	0.07883
526.667	0.079
526.778	0.07917
526.888	0.07933
526.999	0.07949
527.11	0.07964
527.221	0.07977
527.331	0.0799
527.442	0.08002
527.553	0.08013
527.663	0.08024
527.774	0.08035
527.885	0.08046
527.995	0.08058
528.106	0.08069
528.217	0.08081
528.327	0.08093
528.438	0.08105
528.549	0.08116
528.659	0.08128
528.77	0.0814
528.881	0.08151
528.991	0.08163
529.102	0.08176
529.212	0.08188
529.323	0.082
529.434	0.08213
529.544	0.08224
529.655	0.08236
529.765	0.08247
529.876	0.08257
529.986	0.08266
530.097	0.08275
530.207	0.08283
530.318	0.08291
530.428	0.08299
530.539	0.08307
530.649	0.08314
530.76	0.08322
530.87	0.0833
530.981	0.08338
531.091	0.08346
531.202	0.08354
531.312	0.08362
531.423	0.0837
531.533	0.08378
531.643	0.08385
531.754	0.08392
531.864	0.08398
531.975	0.08405
532.085	0.08412
532.195	0.0842
532.306	0.08428
532.416	0.08437
532.527	0.08446
532.637	0.08455
532.747	0.08463
532.858	0.08472
532.968	0.08479
533.078	0.08485
533.189	0.08491
533.299	0.08495
533.409	0.085
533.52	0.08503
533.63	0.08507
533.74	0.08512
533.85	0.08517
533.961	0.08523
534.071	0.08529
534.181	0.08536
534.291	0.08544
534.402	0.08551
534.512	0.08559
534.622	0.08566
534.732	0.08572
534.843	0.08579
534.953	0.08584
535.063	0.0859
535.173	0.08595
535.283	0.08599
535.393	0.08604
535.504	0.08608
535.614	0.08613
535.724	0.08617
535.834	0.08621
535.944	0.08625
536.054	0.08629
536.164	0.08632
536.275	0.08636
536.385	0.08641
536.495	0.08645
536.605	0.08651
536.715	0.08657
536.825	0.08664
536.935	0.08671
537.045	0.08678
537.155	0.08685
537.265	0.08691
537.375	0.08696
537.485	0.087
537.595	0.08703
537.705	0.08706
537.815	0.08708
537.925	0.0871
538.035	0.08714
538.145	0.08717
538.255	0.08721
538.365	0.08726
538.475	0.08731
538.585	0.08736
538.695	0.0874
538.805	0.08743
538.915	0.08746
539.025	0.08748
539.135	0.0875
539.245	0.08753
539.355	0.08755
539.465	0.08758
539.574	0.08761
539.684	0.08764
539.794	0.08768
539.904	0.08772
540.014	0.08775
540.124	0.08778
540.234	0.08781
540.343	0.08783
540.453	0.08785
540.563	0.08788
540.673	0.0879
540.783	0.08793
540.892	0.08796
541.002	0.088
541.112	0.08804
541.222	0.08808
541.332	0.08812
541.441	0.08816
541.551	0.0882
541.661	0.08824
541.771	0.08827
541.88	0.0883
541.99	0.08832
542.1	0.08834
542.209	0.08835
542.319	0.08836
542.429	0.08836
542.538	0.08837
542.648	0.08838
542.758	0.08839
542.867	0.0884
542.977	0.08842
543.087	0.08845
543.196	0.08847
543.306	0.0885
543.416	0.08853
543.525	0.08856
543.635	0.08859
543.745	0.08861
543.854	0.08864
543.964	0.08868
544.073	0.08872
544.183	0.08876
544.292	0.08881
544.402	0.08887
544.511	0.08892
544.621	0.08898
544.731	0.08903
544.84	0.08908
544.95	0.08912
545.059	0.08916
545.169	0.08919
545.278	0.08922
545.388	0.08924
545.497	0.08926
545.607	0.08927
545.716	0.08929
545.825	0.0893
545.935	0.08932
546.044	0.08933
546.154	0.08935
546.263	0.08938
546.373	0.08941
546.482	0.08944
546.591	0.08948
546.701	0.08952
546.81	0.08956
546.92	0.0896
547.029	0.08964
547.138	0.08967
547.248	0.0897
547.357	0.08972
547.466	0.08974
547.576	0.08976
547.685	0.08978
547.794	0.0898
547.904	0.08982
548.013	0.08986
548.122	0.0899
548.232	0.08994
548.341	0.08999
548.45	0.09005
548.559	0.09011
548.669	0.09016
548.778	0.09022
548.887	0.09026
548.996	0.0903
549.106	0.09033
549.215	0.09035
549.324	0.09037
549.433	0.09038
549.542	0.09039
549.652	0.0904
549.761	0.09042
549.87	0.09045
549.979	0.09048
550.088	0.09052
550.198	0.09057
550.307	0.09062
550.416	0.09067
550.525	0.09071
550.634	0.09075
550.743	0.09078
550.852	0.0908
550.961	0.09081
551.07	0.09082
551.18	0.09083
551.289	0.09084
551.398	0.09085
551.507	0.09086
551.616	0.09087
551.725	0.09089
551.834	0.0909
551.943	0.09091
552.052	0.09092
552.161	0.09093
552.27	0.09093
552.379	0.09094
552.488	0.09094
552.597	0.09095
552.706	0.09096
552.815	0.09097
552.924	0.09099
553.033	0.09102
553.142	0.09104
553.251	0.09107
553.36	0.0911
553.469	0.09112
553.578	0.09113
553.686	0.09114
553.795	0.09114
553.904	0.09113
554.013	0.09112
554.122	0.09111
554.231	0.0911
554.34	0.0911
554.449	0.0911
554.557	0.09111
554.666	0.09112
554.775	0.09113
554.884	0.09114
554.993	0.09115
555.102	0.09114
555.21	0.09113
555.319	0.0911
555.428	0.09107
555.537	0.09103
555.646	0.09098
555.754	0.09094
555.863	0.0909
555.972	0.09086
556.081	0.09083
556.189	0.09081
556.298	0.09079
556.407	0.09078
556.515	0.09077
556.624	0.09075
556.733	0.09073
556.842	0.09071
556.95	0.09068
557.059	0.09065
557.168	0.09062
557.276	0.09059
557.385	0.09055
557.494	0.09052
557.602	0.09048
557.711	0.09044
557.819	0.0904
557.928	0.09035
558.037	0.0903
558.145	0.09024
558.254	0.09019
558.362	0.09014
558.471	0.0901
558.58	0.09007
558.688	0.09004
558.797	0.09001
558.905	0.08998
559.014	0.08995
559.122	0.08991
559.231	0.08987
559.339	0.08982
559.448	0.08977
559.556	0.08972
559.665	0.08967
559.773	0.08962
559.882	0.08958
559.99	0.08954
560.099	0.08949
560.207	0.08945
560.316	0.08939
560.424	0.08933
560.532	0.08927
560.641	0.0892
560.749	0.08913
560.858	0.08906
560.966	0.08899
561.075	0.08894
561.183	0.08889
561.291	0.08885
561.4	0.08881
561.508	0.08876
561.616	0.08871
561.725	0.08866
561.833	0.08859
561.941	0.08852
562.05	0.08844
562.158	0.08837
562.266	0.08829
562.375	0.08822
562.483	0.08816
562.591	0.08811
562.699	0.08806
562.808	0.08802
562.916	0.08797
563.024	0.08793
563.133	0.08789
563.241	0.08784
563.349	0.08778
563.457	0.08772
563.565	0.08766
563.674	0.08758
563.782	0.08751
563.89	0.08742
563.998	0.08734
564.106	0.08725
564.215	0.08716
564.323	0.08707
564.431	0.08698
564.539	0.0869
564.647	0.08682
564.755	0.08675
564.863	0.08668
564.972	0.08662
565.08	0.08657
565.188	0.08651
565.296	0.08646
565.404	0.08639
565.512	0.08632
565.62	0.08624
565.728	0.08615
565.836	0.08606
565.944	0.08595
566.052	0.08585
566.16	0.08574
566.268	0.08564
566.376	0.08554
566.484	0.08545
566.592	0.08537
566.7	0.0853
566.808	0.08522
566.916	0.08514
567.024	0.08506
567.132	0.08498
567.24	0.0849
567.348	0.08481
567.456	0.08472
567.564	0.08463
567.672	0.08455
567.78	0.08447
567.888	0.08439
567.996	0.0843
568.104	0.08422
568.211	0.08413
568.319	0.08403
568.427	0.08393
568.535	0.08381
568.643	0.0837
568.751	0.08358
568.859	0.08346
568.966	0.08335
569.074	0.08324
569.182	0.08312
569.29	0.08302
569.398	0.08291
569.506	0.0828
569.613	0.0827
569.721	0.0826
569.829	0.0825
569.937	0.08241
570.044	0.08233
570.152	0.08225
570.26	0.08218
570.368	0.08211
570.475	0.08204
570.583	0.08196
570.691	0.08188
570.798	0.08179
570.906	0.08169
571.014	0.08158
571.122	0.08146
571.229	0.08135
571.337	0.08123
571.445	0.08111
571.552	0.081
571.66	0.0809
571.767	0.0808
571.875	0.0807
571.983	0.08061
572.09	0.08051
572.198	0.08041
572.305	0.08031
572.413	0.0802
572.521	0.08009
572.628	0.07997
572.736	0.07986
572.843	0.07975
572.951	0.07964
573.058	0.07954
573.166	0.07945
573.273	0.07936
573.381	0.07928
573.489	0.0792
573.596	0.07912
573.704	0.07904
573.811	0.07896
573.918	0.07889
574.026	0.07881
574.133	0.07873
574.241	0.07865
574.348	0.07856
574.456	0.07847
574.563	0.07838
574.671	0.07829
574.778	0.07819
574.885	0.07809
574.993	0.07799
575.1	0.07789
575.208	0.07779
575.315	0.0777
575.422	0.07761
575.53	0.07753
575.637	0.07745
575.744	0.07738
575.852	0.0773
575.959	0.07722
576.066	0.07715
576.174	0.07707
576.281	0.077
576.388	0.07693
576.496	0.07686
576.603	0.07678
576.71	0.07671
576.817	0.07664
576.925	0.07656
577.032	0.07649
577.139	0.07641
577.246	0.07633
577.354	0.07626
577.461	0.07619
577.568	0.07613
577.675	0.07607
577.783	0.07603
577.89	0.07598
577.997	0.07594
578.104	0.07589
578.211	0.07583
578.318	0.07576
578.426	0.07569
578.533	0.07561
578.64	0.07553
578.747	0.07544
578.854	0.07536
578.961	0.07529
579.068	0.07521
579.175	0.07515
579.283	0.07508
579.39	0.07503
579.497	0.07497
579.604	0.07491
579.711	0.07486
579.818	0.0748
579.925	0.07475
580.032	0.07469
580.139	0.07464
580.246	0.07458
580.353	0.07452
580.46	0.07447
580.567	0.07441
580.674	0.07436
580.781	0.07431
580.888	0.07426
580.995	0.07421
581.102	0.07416
581.209	0.07411
581.316	0.07406
581.423	0.074
581.53	0.07394
581.637	0.07388
581.744	0.07381
581.85	0.07374
581.957	0.07368
582.064	0.07363
582.171	0.07359
582.278	0.07356
582.385	0.07353
582.492	0.07351
582.599	0.07349
582.705	0.07347
582.812	0.07343
582.919	0.07339
583.026	0.07333
583.133	0.07326
583.24	0.07319
583.346	0.07311
583.453	0.07304
583.56	0.07298
583.667	0.07292
583.773	0.07287
583.88	0.07283
583.987	0.0728
584.094	0.07277
584.2	0.07274
584.307	0.07271
584.414	0.07268
584.521	0.07265
584.627	0.07263
584.734	0.0726
584.841	0.07258
584.947	0.07255
585.054	0.07252
585.161	0.07248
585.267	0.07244
585.374	0.0724
585.481	0.07235
585.587	0.07229
585.694	0.07224
585.801	0.07219
585.907	0.07214
586.014	0.0721
586.12	0.07206
586.227	0.07203
586.334	0.072
586.44	0.07197
586.547	0.07194
586.653	0.0719
586.76	0.07187
586.866	0.07183
586.973	0.07179
587.079	0.07174
587.186	0.0717
587.292	0.07166
587.399	0.07162
587.505	0.07158
587.612	0.07155
587.718	0.07151
587.825	0.07148
587.931	0.07145
588.038	0.07141
588.144	0.07138
588.251	0.07136
588.357	0.07133
588.464	0.07131
588.57	0.0713
588.676	0.07128
588.783	0.07126
588.889	0.07123
588.996	0.0712
589.102	0.07116
589.208	0.07111
589.315	0.07106
589.421	0.07101
589.527	0.07096
589.634	0.07092
589.74	0.07088
589.846	0.07086
589.953	0.07084
590.059	0.07083
590.165	0.07082
590.272	0.07081
590.378	0.07079
590.484	0.07078
590.591	0.07075
590.697	0.07073
590.803	0.0707
590.909	0.07068
591.016	0.07066
591.122	0.07064
591.228	0.07062
591.334	0.07061
591.44	0.07059
591.547	0.07057
591.653	0.07054
591.759	0.07051
591.865	0.07048
591.971	0.07044
592.078	0.07041
592.184	0.07037
592.29	0.07034
592.396	0.07031
592.502	0.07028
592.608	0.07026
592.714	0.07025
592.82	0.07024
592.927	0.07024
593.033	0.07024
593.139	0.07024
593.245	0.07024
593.351	0.07024
593.457	0.07023
593.563	0.07022
593.669	0.0702
593.775	0.07017
593.881	0.07014
593.987	0.07011
594.093	0.07008
594.199	0.07005
594.305	0.07003
594.411	0.07002
594.517	0.07001
594.623	0.07
594.729	0.06999
594.835	0.06998
594.941	0.06997
595.047	0.06995
595.153	0.06992
595.259	0.06989
595.365	0.06986
595.471	0.06983
595.577	0.0698
595.682	0.06978
595.788	0.06976
595.894	0.06976
596	0.06976
596.106	0.06976
596.212	0.06978
596.318	0.06979
596.423	0.0698
596.529	0.06981
596.635	0.06982
596.741	0.06982
596.847	0.06981
596.953	0.0698
597.058	0.06978
597.164	0.06976
597.27	0.06974
597.376	0.06972
597.482	0.0697
597.587	0.06969
597.693	0.06968
597.799	0.06968
597.904	0.06968
598.01	0.06967
598.116	0.06967
598.222	0.06966
598.327	0.06964
598.433	0.06962
598.539	0.06959
598.644	0.06956
598.75	0.06954
598.856	0.06951
598.961	0.06949
599.067	0.06948
599.173	0.06947
599.278	0.06946
599.384	0.06945
599.49	0.06945
599.595	0.06944
599.701	0.06944
599.806	0.06943
599.912	0.06943
600.018	0.06942
600.123	0.06941
600.229	0.0694
600.334	0.06938
600.44	0.06936
600.545	0.06934
600.651	0.06931
600.756	0.06927
600.862	0.06924
600.967	0.06921
601.073	0.06919
601.178	0.06918
601.284	0.06917
601.389	0.06917
601.495	0.06918
601.6	0.06919
601.706	0.0692
601.811	0.06921
601.917	0.06921
602.022	0.0692
602.127	0.06918
602.233	0.06915
602.338	0.06912
602.444	0.06908
602.549	0.06904
602.654	0.069
602.76	0.06897
602.865	0.06894
602.971	0.06893
603.076	0.06891
603.181	0.0689
603.287	0.0689
603.392	0.06889
603.497	0.06888
603.603	0.06887
603.708	0.06885
603.813	0.06882
603.918	0.0688
604.024	0.06877
604.129	0.06874
604.234	0.06871
604.34	0.06869
604.445	0.06866
604.55	0.06864
604.655	0.06861
604.761	0.06858
604.866	0.06855
604.971	0.06853
605.076	0.0685
605.181	0.06848
605.287	0.06845
605.392	0.06843
605.497	0.06841
605.602	0.06839
605.707	0.06837
605.812	0.06834
605.918	0.06831
606.023	0.06827
606.128	0.06823
606.233	0.06819
606.338	0.06816
606.443	0.06813
606.548	0.06811
606.653	0.06809
606.758	0.06808
606.863	0.06806
606.969	0.06804
607.074	0.06801
607.179	0.06798
607.284	0.06794
607.389	0.06789
607.494	0.06784
607.599	0.06779
607.704	0.06774
607.809	0.06769
607.914	0.06764
608.019	0.06759
608.124	0.06754
608.229	0.0675
608.334	0.06745
608.439	0.06741
608.544	0.06737
608.648	0.06733
608.753	0.06729
608.858	0.06726
608.963	0.06723
609.068	0.0672
609.173	0.06716
609.278	0.06712
609.383	0.06708
609.488	0.06703
609.593	0.06698
609.697	0.06693
609.802	0.06689
609.907	0.06685
610.012	0.06682
610.117	0.06679
610.222	0.06677
610.326	0.06674
610.431	0.06671
610.536	0.06667
610.641	0.06662
610.746	0.06657
610.85	0.06651
610.955	0.06644
611.06	0.06638
611.165	0.06632
611.269	0.06627
611.374	0.06623
611.479	0.06619
611.584	0.06615
611.688	0.06612
611.793	0.06609
611.898	0.06606
612.002	0.06603
612.107	0.06599
612.212	0.06594
612.316	0.06589
612.421	0.06584
612.526	0.06578
612.539	0.06566
612.644	0.0656
612.75	0.06554
612.856	0.06547
612.961	0.06542
613.067	0.06536
613.173	0.06532
613.278	0.06529
613.384	0.06526
613.49	0.06524
613.595	0.06523
613.701	0.06521
613.806	0.06519
613.912	0.06517
614.018	0.06513
614.123	0.06509
614.229	0.06503
614.334	0.06498
614.44	0.06492
614.545	0.06487
614.651	0.06482
614.757	0.06478
614.862	0.06474
614.968	0.06471
615.073	0.06468
615.179	0.06466
615.284	0.06463
615.39	0.0646
615.495	0.06457
615.601	0.06453
615.706	0.0645
615.812	0.06446
615.917	0.06442
616.022	0.06438
616.128	0.06435
616.233	0.06431
616.339	0.06427
616.444	0.06423
616.55	0.0642
616.655	0.06417
616.76	0.06414
616.866	0.06412
616.971	0.0641
617.076	0.06409
617.182	0.06408
617.287	0.06408
617.392	0.06407
617.498	0.06407
617.603	0.06406
617.708	0.06404
617.814	0.06403
617.919	0.064
618.024	0.06398
618.13	0.06395
618.235	0.06391
618.34	0.06388
618.445	0.06385
618.551	0.06382
618.656	0.06378
618.761	0.06375
618.866	0.06372
618.972	0.06369
619.077	0.06366
619.182	0.06363
619.287	0.06361
619.392	0.06358
619.498	0.06356
619.603	0.06354
619.708	0.06351
619.813	0.06349
619.918	0.06346
620.023	0.06344
620.129	0.06341
620.234	0.06339
620.339	0.06336
620.444	0.06334
620.549	0.06333
620.654	0.06332
620.759	0.06331
620.864	0.0633
620.969	0.06328
621.074	0.06327
621.179	0.06326
621.284	0.06324
621.39	0.06322
621.495	0.0632
621.6	0.06318
621.705	0.06317
621.81	0.06315
621.915	0.06314
622.02	0.06313
622.125	0.06311
622.23	0.06309
622.335	0.06306
622.439	0.06302
622.544	0.06298
622.649	0.06294
622.754	0.0629
622.859	0.06287
622.964	0.06285
623.069	0.06285
623.174	0.06285
623.279	0.06286
623.384	0.06287
623.489	0.06288
623.593	0.06289
623.698	0.06289
623.803	0.06288
623.908	0.06286
624.013	0.06284
624.118	0.06281
624.223	0.06279
624.327	0.06277
624.432	0.06276
624.537	0.06276
624.642	0.06275
624.747	0.06275
624.851	0.06275
624.956	0.06274
625.061	0.06273
625.166	0.06273
625.27	0.06272
625.375	0.06272
625.48	0.06272
625.584	0.06272
625.689	0.06274
625.794	0.06275
625.899	0.06277
626.003	0.06279
626.108	0.0628
626.213	0.06282
626.317	0.06282
626.422	0.06282
626.527	0.06281
626.631	0.0628
626.736	0.06279
626.84	0.06278
626.945	0.06277
627.05	0.06277
627.154	0.06276
627.259	0.06276
627.363	0.06275
627.468	0.06274
627.573	0.06272
627.677	0.0627
627.782	0.06268
627.886	0.06265
627.991	0.06263
628.095	0.0626
628.2	0.06258
628.304	0.06257
628.409	0.06257
628.513	0.06258
628.618	0.06259
628.722	0.06262
628.827	0.06264
628.931	0.06267
629.036	0.06269
629.14	0.06271
629.245	0.06273
629.349	0.06274
629.453	0.06275
629.558	0.06276
629.662	0.06276
629.767	0.06277
629.871	0.06277
629.975	0.06278
630.08	0.06278
630.184	0.06278
630.288	0.06277
630.393	0.06277
630.497	0.06276
630.602	0.06276
630.706	0.06276
630.81	0.06276
630.914	0.06276
631.019	0.06276
631.123	0.06277
631.227	0.06278
631.332	0.06278
631.436	0.06279
631.54	0.06279
631.644	0.06279
631.749	0.06279
631.853	0.06279
631.957	0.06277
632.061	0.06276
632.166	0.06274
632.27	0.06272
632.374	0.0627
632.478	0.06268
632.582	0.06266
632.686	0.06265
632.791	0.06264
632.895	0.06263
632.999	0.06262
633.103	0.06262
633.207	0.06261
633.311	0.0626
633.415	0.06258
633.52	0.06257
633.624	0.06255
633.728	0.06254
633.832	0.06253
633.936	0.06252
634.04	0.06251
634.144	0.0625
634.248	0.0625
634.352	0.06249
634.456	0.06248
634.56	0.06246
634.664	0.06244
634.768	0.06242
634.872	0.06239
634.976	0.06236
635.08	0.06233
635.184	0.06231
635.288	0.06229
635.392	0.06228
635.496	0.06227
635.6	0.06226
635.704	0.06225
635.808	0.06225
635.912	0.06224
636.016	0.06224
636.12	0.06222
636.223	0.06221
636.327	0.06219
636.431	0.06216
636.535	0.06212
636.639	0.06209
636.743	0.06205
636.847	0.06201
636.95	0.06197
637.054	0.06193
637.158	0.06189
637.262	0.06186
637.366	0.06182
637.47	0.06179
637.573	0.06176
637.677	0.06172
637.781	0.06169
637.885	0.06166
637.988	0.06163
638.092	0.0616
638.196	0.06158
638.3	0.06156
638.403	0.06154
638.507	0.06152
638.611	0.0615
638.715	0.06147
638.818	0.06143
638.922	0.06139
639.026	0.06135
639.129	0.0613
639.233	0.06126
639.337	0.06122
639.44	0.06119
639.544	0.06116
639.647	0.06114
639.751	0.06112
639.855	0.06109
639.958	0.06105
640.062	0.06101
640.165	0.06097
640.269	0.06092
640.373	0.06086
640.476	0.06081
640.58	0.06077
640.683	0.06073
640.787	0.06069
640.89	0.06066
640.994	0.06063
641.097	0.0606
641.201	0.06056
641.304	0.06052
641.408	0.06047
641.511	0.06042
641.615	0.06036
641.718	0.0603
641.822	0.06024
641.925	0.06019
642.029	0.06014
642.132	0.06009
642.236	0.06005
642.339	0.06001
642.442	0.05998
642.546	0.05994
642.649	0.05991
642.753	0.05988
642.856	0.05985
642.959	0.05982
643.063	0.05978
643.166	0.05974
643.269	0.05969
643.373	0.05964
643.476	0.05959
643.579	0.05953
643.683	0.05947
643.786	0.05942
643.889	0.05936
643.993	0.0593
644.096	0.05925
644.199	0.05919
644.302	0.05914
644.406	0.05909
644.509	0.05904
644.612	0.05899
644.715	0.05895
644.819	0.05891
644.922	0.05887
645.025	0.05884
645.128	0.0588
645.231	0.05877
645.334	0.05875
645.438	0.05872
645.541	0.05868
645.644	0.05865
645.747	0.05861
645.85	0.05857
645.953	0.05853
646.057	0.05849
646.16	0.05844
646.263	0.05839
646.366	0.05834
646.469	0.05829
646.572	0.05824
646.675	0.05818
646.778	0.05813
646.881	0.05808
646.984	0.05803
647.087	0.05799
647.19	0.05794
647.293	0.05791
647.396	0.05787
647.499	0.05784
647.602	0.05781
647.705	0.05777
647.808	0.05774
647.911	0.05771
648.014	0.05767
648.117	0.05762
648.22	0.05758
648.323	0.05753
648.426	0.05749
648.529	0.05744
648.632	0.05741
648.735	0.05737
648.838	0.05735
648.941	0.05733
649.044	0.05731
649.146	0.05729
649.249	0.05727
649.352	0.05725
649.455	0.05722
649.558	0.0572
649.661	0.05717
649.764	0.05715
649.866	0.05712
649.969	0.05709
650.072	0.05706
650.175	0.05703
650.278	0.05698
650.38	0.05693
650.483	0.05689
650.586	0.05684
650.689	0.05681
650.791	0.05681
650.894	0.05683
650.997	0.05686
651.1	0.05691
651.202	0.05694
651.305	0.05693
651.408	0.05685
651.51	0.05667
651.613	0.05638
651.716	0.05598
651.818	0.05548
651.921	0.05489
657.323	0.05787
657.565	0.05733
657.806	0.05683
658.048	0.05639
658.29	0.05602
658.531	0.05574
658.773	0.05554
659.015	0.05539
659.256	0.05527
659.498	0.05517
659.74	0.05507
659.981	0.05497
660.223	0.05485
660.464	0.05474
660.706	0.05462
660.947	0.05452
661.189	0.05444
661.43	0.05437
661.672	0.05431
661.913	0.05426
662.155	0.05421
662.396	0.05416
662.638	0.0541
662.879	0.05404
663.121	0.05397
663.362	0.05389
663.604	0.05381
663.845	0.05373
664.086	0.05365
664.328	0.05358
664.569	0.0535
664.81	0.05343
665.052	0.05336
665.293	0.05329
665.534	0.05323
665.776	0.05319
666.017	0.05316
666.258	0.05314
666.5	0.05313
666.741	0.05314
666.982	0.05316
667.223	0.05318
667.465	0.05319
667.706	0.0532
667.947	0.05319
668.188	0.05316
668.429	0.05311
668.67	0.05305
668.912	0.05297
669.153	0.05288
669.394	0.05279
669.635	0.0527
669.876	0.05262
670.117	0.05256
670.358	0.05252
670.599	0.05249
670.84	0.05248
671.081	0.05248
671.322	0.05248
671.563	0.05247
671.804	0.05245
672.045	0.05242
672.286	0.05239
672.527	0.05236
672.768	0.05233
673.009	0.05231
673.25	0.05232
673.491	0.05235
673.732	0.05239
673.973	0.05246
674.213	0.05253
674.454	0.05261
674.695	0.05269
674.936	0.05276
675.177	0.05282
675.418	0.05286
675.658	0.05289
675.899	0.0529
676.14	0.05291
676.381	0.05291
676.621	0.05291
676.862	0.05292
677.103	0.05293
677.343	0.05295
677.584	0.05297
677.825	0.05301
678.066	0.05305
678.306	0.05309
678.547	0.05313
678.787	0.05317
679.028	0.05321
679.269	0.05324
679.509	0.05329
679.75	0.05334
679.99	0.05341
680.231	0.05351
680.471	0.05362
680.712	0.05375
680.953	0.0539
681.193	0.05405
681.433	0.05421
681.674	0.05437
681.914	0.05451
682.155	0.05465
682.395	0.05477
682.636	0.0549
682.876	0.05502
683.117	0.05516
683.357	0.0553
683.597	0.05546
683.838	0.05563
684.078	0.05582
684.318	0.05602
684.559	0.05624
684.799	0.05646
685.039	0.05669
685.28	0.05692
685.52	0.05715
685.76	0.05738
686	0.05761
686.241	0.05784
686.481	0.05808
686.721	0.05832
686.961	0.05859
687.201	0.05887
687.442	0.05918
687.682	0.05953
687.922	0.0599
688.162	0.0603
688.402	0.06074
688.642	0.06119
688.882	0.06166
689.122	0.06214
689.363	0.06264
689.603	0.06314
689.843	0.06365
690.083	0.06417
690.323	0.06471
690.563	0.06525
690.803	0.06582
691.043	0.0664
691.283	0.067
691.523	0.06763
691.763	0.06828
692.002	0.06895
692.242	0.06965
692.482	0.07039
692.722	0.07115
692.962	0.07195
693.202	0.07276
693.442	0.07359
693.682	0.07442
693.921	0.07525
694.161	0.07609
694.401	0.07692
694.641	0.07776
694.881	0.07861
695.12	0.07948
695.36	0.08037
695.6	0.08128
695.84	0.08224
696.079	0.08322
696.319	0.08422
696.559	0.08525
696.798	0.08628
697.038	0.08732
697.278	0.08835
697.517	0.08939
697.757	0.09042
697.997	0.09145
698.236	0.09248
698.476	0.09353
698.715	0.0946
698.955	0.0957
699.195	0.09682
699.434	0.09797
699.674	0.09914
699.913	0.10034
700.153	0.10155
700.392	0.10277
700.632	0.10399
700.871	0.10522
701.111	0.10645
701.35	0.10769
701.589	0.10893
701.829	0.11019
702.068	0.11147
702.308	0.11278
702.547	0.11411
702.786	0.11547
703.026	0.11683
703.265	0.11818
703.504	0.11953
703.744	0.12085
703.983	0.12214
704.222	0.1234
704.462	0.12465
704.701	0.12589
704.94	0.12714
705.179	0.12841
705.418	0.12973
705.658	0.13108
705.897	0.13247
706.136	0.1339
706.375	0.13535
706.614	0.13681
706.854	0.13825
707.093	0.13968
707.332	0.14109
707.571	0.14247
707.81	0.14384
708.049	0.1452
708.288	0.14657
708.527	0.14796
708.766	0.14938
709.005	0.15084
709.244	0.15232
709.483	0.15384
709.722	0.15539
709.961	0.15694
710.2	0.15851
710.439	0.16007
710.678	0.16163
710.917	0.16319
711.156	0.16475
711.395	0.16631
711.634	0.16788
711.873	0.16947
712.112	0.17109
712.35	0.17273
712.589	0.17439
712.828	0.17609
713.067	0.1778
713.306	0.17953
713.544	0.18128
713.783	0.18303
714.022	0.18478
714.261	0.18653
714.499	0.18827
714.738	0.19001
714.977	0.19174
715.216	0.19346
715.454	0.19516
715.693	0.19684
715.932	0.1985
716.17	0.20012
716.409	0.20173
716.648	0.20331
716.886	0.20488
717.125	0.20646
717.363	0.20806
717.602	0.20971
717.84	0.21141
718.079	0.21317
718.318	0.215
718.556	0.21688
718.795	0.21881
719.033	0.22076
719.272	0.22271
719.51	0.22464
719.748	0.22655
719.987	0.22843
720.225	0.23029
720.464	0.23214
720.702	0.23398
720.941	0.23584
721.179	0.23772
721.417	0.23962
721.656	0.24153
721.894	0.24345
722.132	0.24537
722.371	0.24729
722.609	0.2492
722.847	0.25112
723.086	0.25305
723.324	0.255
723.562	0.25696
723.8	0.25894
724.038	0.2609
724.277	0.26284
724.515	0.26472
724.753	0.26653
724.991	0.26827
725.229	0.26995
725.468	0.27161
725.706	0.27327
725.944	0.27498
726.182	0.27677
726.42	0.27866
726.658	0.28065
726.896	0.28271
727.134	0.28481
727.372	0.28689
727.61	0.28891
727.848	0.29083
728.086	0.29265
728.324	0.29436
728.562	0.29598
728.8	0.29757
729.038	0.29913
729.276	0.30071
729.514	0.30231
729.752	0.30392
729.99	0.30555
730.228	0.30715
730.466	0.30873
730.704	0.31026
730.941	0.31177
731.179	0.31325
731.417	0.31475
731.655	0.31629
731.893	0.3179
732.13	0.31957
732.368	0.32131
732.606	0.32308
732.844	0.32486
733.081	0.32658
733.319	0.32823
733.557	0.32978
733.795	0.33122
734.032	0.33256
734.27	0.33384
734.508	0.33511
734.745	0.3364
734.983	0.33775
735.22	0.33919
735.458	0.34073
735.696	0.34236
735.933	0.34404
736.171	0.34574
736.408	0.34741
736.646	0.34901
736.883	0.35051
737.121	0.35189
737.358	0.35316
737.596	0.35433
737.833	0.35542
738.071	0.35646
738.308	0.35746
738.546	0.35847
738.783	0.35949
739.021	0.36052
739.258	0.36157
739.495	0.36264
739.733	0.36371
739.97	0.36479
740.207	0.36586
740.445	0.36693
740.682	0.36799
740.919	0.36904
741.157	0.37008
741.394	0.3711
741.631	0.3721
741.869	0.37308
742.106	0.37403
742.343	0.37497
742.58	0.37589
742.817	0.37682
743.055	0.37776
743.292	0.37872
743.529	0.3797
743.766	0.38071
744.003	0.38172
744.24	0.38272
744.477	0.38369
744.715	0.38462
744.952	0.38548
745.189	0.38629
745.426	0.38704
745.663	0.38777
745.9	0.3885
746.137	0.38924
746.374	0.39
746.611	0.3908
746.848	0.39161
747.085	0.39242
747.322	0.3932
747.559	0.39392
747.796	0.39458
748.033	0.39516
748.27	0.39567
748.506	0.39615
748.743	0.39662
748.98	0.39711
749.217	0.39767
749.454	0.3983
749.691	0.399
749.927	0.39976
750.164	0.40056
750.401	0.40134
750.638	0.40209
750.875	0.40276
751.111	0.40334
751.348	0.40383
751.585	0.40424
751.822	0.40459
752.058	0.40491
752.295	0.40522
752.532	0.40554
752.768	0.4059
753.005	0.40627
753.241	0.40667
753.478	0.40707
753.715	0.40745
753.951	0.40782
754.188	0.40817
754.424	0.40849
754.661	0.4088
754.898	0.40911
755.134	0.40945
755.371	0.40983
755.607	0.41026
755.844	0.41074
756.08	0.41127
756.317	0.41184
756.553	0.41242
756.789	0.41298
757.026	0.4135
757.262	0.41396
757.499	0.41433
757.735	0.4146
757.971	0.41479
758.208	0.41492
758.444	0.41503
758.68	0.41516
758.917	0.41535
759.153	0.41562
759.389	0.41599
759.626	0.41645
759.862	0.41694
760.098	0.41743
760.334	0.41786
760.571	0.41817
760.807	0.41834
761.043	0.41836
761.279	0.41826
761.515	0.41811
761.752	0.41795
761.988	0.41788
762.224	0.41792
762.46	0.41812
762.696	0.41845
762.932	0.41889
763.168	0.41936
763.404	0.4198
763.64	0.42015
763.876	0.42037
764.112	0.42045
764.348	0.4204
764.584	0.42028
764.82	0.42013
765.056	0.42002
765.292	0.41997
765.528	0.42004
765.764	0.42021
766	0.42049
766.236	0.42086
766.472	0.4213
766.708	0.42178
766.944	0.42227
767.18	0.42275
767.415	0.42318
767.651	0.42355
767.887	0.42383
768.123	0.424
768.359	0.42405
768.594	0.42398
768.83	0.42382
769.066	0.42362
769.302	0.42342
769.537	0.42328
769.773	0.42325
770.009	0.42335
770.245	0.42356
770.48	0.42386
770.716	0.42421
770.952	0.42454
771.187	0.4248
771.423	0.42496
771.658	0.42502
771.894	0.425
772.13	0.42493
772.365	0.42488
772.601	0.42489
772.836	0.42499
773.072	0.42522
773.307	0.42557
773.543	0.426
773.778	0.42649
774.014	0.427
774.249	0.42748
774.485	0.42792
774.72	0.42829
774.956	0.42859
775.191	0.4288
775.426	0.42893
775.662	0.42896
775.897	0.4289
776.133	0.42874
776.368	0.42851
776.603	0.42821
776.839	0.42788
777.074	0.42755
777.309	0.42725
777.544	0.42701
777.78	0.42686
778.015	0.4268
778.25	0.42682
778.485	0.42692
778.721	0.42709
778.956	0.42731
779.191	0.42757
779.426	0.42787
779.661	0.42822
779.896	0.42861
780.132	0.42902
780.367	0.42943
780.602	0.42983
780.837	0.43018
781.072	0.43046
781.307	0.43065
781.542	0.43075
781.777	0.43076
782.012	0.43073
782.247	0.43066
782.482	0.43059
782.717	0.43052
782.952	0.43046
783.187	0.4304
783.422	0.43031
783.657	0.43019
783.892	0.43003
784.127	0.42982
784.362	0.4296
784.597	0.4294
784.832	0.42925
784.936	0.42911
785.171	0.42916
785.407	0.42933
785.642	0.42958
785.878	0.42988
786.113	0.43018
786.349	0.43044
786.584	0.43063
786.82	0.43073
787.055	0.43074
787.29	0.4307
787.526	0.43064
787.761	0.43059
787.996	0.4306
788.232	0.4307
788.467	0.43088
788.702	0.43116
788.938	0.43153
789.173	0.43197
789.408	0.43247
789.644	0.43299
789.879	0.43351
790.114	0.43397
790.349	0.43436
790.584	0.43462
790.82	0.43474
791.055	0.43468
791.29	0.43447
791.525	0.43412
791.76	0.43369
791.995	0.43323
792.231	0.4328
792.466	0.43247
792.701	0.43226
792.936	0.43218
793.171	0.43222
793.406	0.43233
793.641	0.43246
793.876	0.43255
794.111	0.43257
794.346	0.43248
794.581	0.43231
794.816	0.43208
795.051	0.43183
795.286	0.43163
795.521	0.43153
795.756	0.43155
795.991	0.43171
796.225	0.43202
796.46	0.43243
796.695	0.43292
796.93	0.43345
797.165	0.43395
797.4	0.43441
797.635	0.43479
797.869	0.43506
798.104	0.43524
798.339	0.43531
798.574	0.4353
798.808	0.43523
799.043	0.43512
799.278	0.435
799.513	0.4349
799.747	0.43483
799.982	0.4348
800.217	0.43481
800.451	0.43483
800.686	0.43486
800.92	0.43486
801.155	0.43482
801.39	0.43474
801.624	0.43464
801.859	0.43455
802.093	0.43449
802.328	0.4345
802.562	0.43462
802.797	0.43485
803.031	0.43519
803.266	0.4356
803.5	0.43606
803.735	0.43652
803.969	0.43692
804.204	0.43723
804.438	0.43745
804.673	0.43758
804.907	0.43764
805.141	0.43765
805.376	0.43767
805.61	0.43771
805.844	0.4378
806.079	0.43795
806.313	0.43815
806.547	0.43839
806.782	0.43864
807.016	0.43886
807.25	0.43902
807.484	0.4391
807.719	0.43907
807.953	0.43895
808.187	0.43872
808.421	0.43843
808.656	0.4381
808.89	0.43777
809.124	0.43749
809.358	0.4373
809.592	0.43721
809.826	0.43725
810.06	0.43741
810.294	0.43766
810.529	0.43798
810.763	0.43832
810.997	0.43866
811.231	0.43895
811.465	0.43918
811.699	0.43936
811.933	0.43947
812.167	0.43953
812.401	0.43955
812.635	0.43955
812.869	0.43953
813.102	0.43951
813.336	0.4395
813.57	0.43951
813.804	0.43956
814.038	0.43965
814.272	0.43982
814.506	0.44005
814.74	0.44036
814.973	0.44072
815.207	0.4411
815.441	0.44146
815.675	0.44175
815.909	0.44196
816.142	0.44205
816.376	0.44203
816.61	0.44193
816.843	0.44177
817.077	0.44161
817.311	0.44149
817.545	0.44144
817.778	0.44148
818.012	0.44159
818.245	0.44176
818.479	0.44196
818.713	0.44212
818.946	0.44223
819.18	0.44227
819.413	0.44221
819.647	0.44207
819.881	0.44187
820.114	0.44165
820.348	0.44144
820.581	0.44126
820.815	0.44114
821.048	0.44109
821.281	0.44112
821.515	0.4412
821.748	0.44133
821.982	0.44148
822.215	0.44161
822.449	0.44173
822.682	0.4418
822.915	0.44184
823.149	0.44185
823.382	0.44186
823.615	0.44189
823.849	0.44197
824.082	0.44211
824.315	0.44232
824.548	0.44259
824.782	0.44289
825.015	0.44318
825.248	0.44343
825.481	0.44359
825.715	0.44365
825.948	0.44362
826.181	0.4435
826.414	0.44334
826.647	0.44319
826.88	0.44308
827.114	0.44306
827.347	0.44314
827.58	0.44331
827.813	0.44354
828.046	0.44379
828.279	0.444
828.512	0.44414
828.745	0.44418
828.978	0.44412
829.211	0.44397
829.444	0.44377
829.677	0.44355
829.91	0.44337
830.143	0.44326
830.376	0.44324
830.609	0.44331
830.842	0.44346
831.075	0.44368
831.307	0.44391
831.54	0.44414
831.773	0.44433
832.006	0.44448
832.239	0.44456
832.472	0.44459
832.704	0.44458
832.937	0.44456
833.17	0.44454
833.403	0.44456
833.635	0.44462
833.868	0.44474
834.101	0.44491
834.334	0.44514
834.566	0.4454
834.799	0.44568
835.032	0.44596
835.264	0.44622
835.497	0.44645
835.729	0.44664
835.962	0.44679
836.195	0.44689
836.427	0.44696
836.66	0.44699
836.892	0.44698
837.125	0.44694
837.357	0.44685
837.59	0.44671
837.822	0.44654
838.055	0.44633
838.287	0.4461
838.52	0.44586
838.752	0.44566
838.985	0.44551
839.217	0.44543
839.45	0.44543
839.682	0.44552
839.914	0.44566
840.147	0.44584
840.379	0.44603
840.611	0.44619
840.844	0.44633
841.076	0.44641
841.308	0.44646
841.541	0.4465
841.773	0.44654
842.005	0.44661
842.237	0.44672
842.469	0.44687
842.702	0.44707
842.934	0.44728
843.166	0.44749
843.398	0.44769
843.63	0.44787
843.863	0.44803
844.095	0.44819
844.327	0.44836
844.559	0.44856
844.791	0.44879
845.023	0.44903
845.255	0.44926
845.487	0.44942
845.719	0.44949
845.951	0.44944
846.183	0.44926
846.415	0.44898
846.647	0.44865
846.879	0.44835
847.111	0.44813
847.343	0.44806
847.575	0.44818
847.807	0.44848
848.039	0.44893
848.271	0.44946
848.503	0.45001
848.734	0.45049
848.966	0.45086
849.198	0.45108
849.43	0.45116
849.662	0.45112
849.893	0.45103
850.125	0.45091
850.357	0.45081
850.589	0.45074
850.82	0.45069
851.052	0.45064
851.284	0.45056
851.516	0.45044
851.747	0.45026
851.979	0.45004
852.211	0.44982
852.442	0.44965
852.674	0.44957
852.905	0.44961
853.137	0.44979
853.369	0.4501
853.6	0.4505
853.832	0.45093
854.063	0.45133
854.295	0.45164
854.526	0.45183
854.758	0.45188
854.989	0.45182
855.221	0.45169
855.452	0.45153
855.684	0.45142
855.915	0.45139
856.147	0.45149
856.378	0.45173
856.609	0.45209
856.841	0.45253
857.072	0.45302
857.303	0.4535
857.535	0.45391
857.766	0.45422
857.997	0.45439
858.229	0.45443
858.46	0.45433
858.691	0.45412
858.923	0.45383
859.154	0.4535
859.385	0.45316
859.616	0.45284
859.847	0.45256
860.079	0.45234
860.31	0.45218
860.541	0.45209
860.772	0.45205
861.003	0.45207
861.234	0.45213
861.465	0.45222
861.696	0.45234
861.928	0.45246
862.159	0.45257
862.39	0.45266
862.621	0.45273
862.852	0.45278
863.083	0.4528
863.314	0.45282
863.545	0.45285
863.776	0.45291
864.007	0.453
864.238	0.45314
864.468	0.45332
864.699	0.45353
864.93	0.45375
865.161	0.45396
865.392	0.45414
865.623	0.45428
865.854	0.45437
866.085	0.45442
866.315	0.45445
866.546	0.45447
866.777	0.45451
867.008	0.45457
867.238	0.45466
867.469	0.45478
867.7	0.4549
867.931	0.45501
868.161	0.45509
868.392	0.45512
868.623	0.45512
868.853	0.45509
869.084	0.45505
869.315	0.45503
869.545	0.45506
869.776	0.45516
870.006	0.45532
870.237	0.45553
870.468	0.45577
870.698	0.456
870.929	0.45619
871.159	0.4563
871.39	0.45634
871.62	0.45628
871.851	0.45616
872.081	0.45599
872.312	0.45582
872.542	0.45567
872.773	0.45558
873.003	0.45556
873.233	0.45562
873.464	0.45572
873.694	0.45587
873.924	0.45601
874.155	0.45614
874.385	0.45622
874.615	0.45624
874.846	0.45621
875.076	0.45614
875.306	0.45604
875.537	0.45596
875.767	0.45592
875.997	0.45593
876.227	0.45602
876.457	0.4562
876.688	0.45644
876.918	0.45674
877.148	0.45705
877.378	0.45734
877.608	0.45758
877.838	0.45774
878.068	0.4578
878.299	0.45778
878.529	0.45768
878.759	0.45757
878.989	0.45747
879.219	0.45744
879.449	0.45752
879.679	0.4577
879.909	0.45799
880.139	0.45833
880.369	0.45868
880.599	0.45898
880.829	0.45918
881.059	0.45924
881.289	0.45918
881.518	0.45901
881.748	0.45881
881.978	0.45862
882.208	0.45852
882.438	0.45855
882.668	0.45871
882.898	0.45899
883.127	0.45933
883.357	0.45967
883.587	0.45992
883.817	0.46004
884.046	0.45998
884.276	0.45975
884.506	0.45937
884.736	0.45892
884.965	0.45843
885.195	0.45799
885.425	0.45765
885.654	0.45743
885.884	0.45737
886.114	0.45746
886.343	0.45768
886.573	0.45802
886.802	0.45844
887.032	0.45893
887.261	0.45943
887.491	0.45991
887.721	0.46032
887.95	0.46062
888.18	0.46078
888.409	0.46077
888.638	0.46059
888.868	0.46029
889.097	0.45991
889.327	0.45951
889.556	0.45918
889.786	0.45896
890.015	0.45888
890.244	0.45895
890.474	0.45913
890.703	0.45937
890.932	0.45961
891.162	0.4598
891.391	0.45988
891.62	0.45985
891.85	0.45974
892.079	0.45958
892.308	0.45942
892.537	0.45932
892.767	0.45932
892.996	0.45943
893.225	0.45965
893.454	0.45994
893.683	0.46029
893.912	0.46064
894.142	0.46097
894.371	0.46126
894.6	0.4615
894.829	0.46168
895.058	0.46181
895.287	0.46189
895.516	0.46192
895.745	0.46188
895.974	0.46178
896.203	0.46161
896.432	0.46137
896.661	0.46109
896.89	0.46077
897.119	0.46046
897.348	0.46017
897.577	0.45992
897.806	0.45972
898.035	0.45957
898.264	0.45947
898.493	0.4594
898.721	0.45935
898.95	0.45935
899.179	0.45939
899.408	0.45948
899.637	0.45965
899.865	0.45991
900.094	0.46025
900.323	0.46066
900.552	0.46109
900.78	0.46152
901.009	0.46189
901.238	0.46217
901.467	0.46234
901.695	0.46239
901.924	0.46234
902.153	0.46223
902.381	0.4621
902.61	0.46201
902.838	0.46198
903.067	0.46203
903.296	0.46216
903.524	0.46232
903.753	0.46248
903.981	0.4626
904.21	0.46263
904.438	0.46254
904.667	0.46235
904.895	0.46206
905.124	0.46171
905.352	0.46137
905.581	0.46108
905.809	0.46088
906.037	0.46081
906.266	0.46085
906.494	0.461
906.723	0.46123
906.951	0.46147
907.179	0.46171
907.408	0.46191
907.636	0.46205
907.864	0.46213
908.093	0.46218
908.321	0.46221
908.549	0.46225
908.777	0.46232
909.005	0.46241
909.234	0.46253
909.462	0.46265
909.69	0.46276
909.918	0.46283
910.146	0.46285
910.375	0.46283
910.603	0.46277
910.831	0.46269
911.059	0.46262
911.287	0.46258
911.515	0.4626
911.743	0.46268
911.971	0.46282
912.199	0.463
912.427	0.46321
912.655	0.46341
912.883	0.4636
913.111	0.46374
913.339	0.46382
913.567	0.46385
913.795	0.46381
914.023	0.46371
914.251	0.46355
914.479	0.46336
914.707	0.46315
914.934	0.46293
915.162	0.46272
915.39	0.46256
915.618	0.46246
915.846	0.46243
916.074	0.46248
916.301	0.4626
916.529	0.46278
916.757	0.46299
916.985	0.46319
917.212	0.46336
917.44	0.46348
917.668	0.46353
917.895	0.46351
918.123	0.46344
918.351	0.46336
918.578	0.46329
918.806	0.46327
919.034	0.46333
919.261	0.46346
919.489	0.46367
919.716	0.46392
919.944	0.46417
920.171	0.46438
920.399	0.46451
920.627	0.46454
920.854	0.46446
921.081	0.46428
921.309	0.46402
921.536	0.46373
921.764	0.46344
921.991	0.46318
922.219	0.46299
922.446	0.46288
922.673	0.46286
922.901	0.46291
923.128	0.46303
923.356	0.4632
923.583	0.46342
923.81	0.46368
924.037	0.46395
924.265	0.46424
924.492	0.46451
924.719	0.46475
924.947	0.46494
925.174	0.46505
925.401	0.46507
925.628	0.46502
925.855	0.46491
926.083	0.46476
926.31	0.46463
926.537	0.46453
926.764	0.46448
926.991	0.46449
927.218	0.46453
927.445	0.46455
927.672	0.46452
927.899	0.46439
928.127	0.46413
928.354	0.46374
928.581	0.46325
928.808	0.46271
929.035	0.46219
929.262	0.46177
929.488	0.46148
929.715	0.46136
929.942	0.46139
930.169	0.46154
930.396	0.46173
930.623	0.46191
930.85	0.46202
931.077	0.46203
931.304	0.46193
931.531	0.46177
931.757	0.46157
931.984	0.46141
932.211	0.46133
932.438	0.46136
932.664	0.4615
932.891	0.46175
933.118	0.46204
933.345	0.46233
933.571	0.46257
933.798	0.46271
934.025	0.46274
934.251	0.46266
934.478	0.46249
934.705	0.46226
934.931	0.46201
935.158	0.46177
935.385	0.46158
935.611	0.46145
935.838	0.46137
936.064	0.46134
936.291	0.46134
936.517	0.46135
936.744	0.46136
936.97	0.46134
937.197	0.4613
937.423	0.46125
937.65	0.46119
937.876	0.46114
938.103	0.46111
938.329	0.46111
938.555	0.46114
938.782	0.46118
939.008	0.46122
939.235	0.46123
939.461	0.46119
939.687	0.46108
939.914	0.4609
940.14	0.46066
940.366	0.46039
940.592	0.46013
940.819	0.45992
941.045	0.4598
941.271	0.45978
941.497	0.45985
941.724	0.45998
941.95	0.46012
942.176	0.4602
942.402	0.46019
942.628	0.46005
942.854	0.45976
943.08	0.45934
943.307	0.45885
943.533	0.45834
943.759	0.45787
943.985	0.4575
944.211	0.45725
944.437	0.45711
944.663	0.45707
944.889	0.45707
945.115	0.45706
945.341	0.457
945.567	0.45685
945.793	0.4566
946.019	0.45627
946.245	0.4559
946.47	0.45552
946.696	0.45518
946.922	0.45492
947.148	0.45475
947.374	0.45468
947.6	0.45468
947.826	0.45473
948.051	0.45479
948.277	0.45485
948.503	0.45486
948.729	0.45483
948.954	0.45475
949.18	0.45462
949.406	0.45446
949.632	0.45429
949.857	0.45411
950.083	0.45394
950.309	0.45377
950.534	0.4536
950.76	0.45343
950.985	0.45323
951.211	0.45302
951.437	0.45277
951.662	0.45251
951.888	0.45225
952.113	0.452
952.339	0.45179
952.564	0.45162
952.79	0.4515
953.015	0.45142
953.241	0.45137
953.466	0.45131
953.692	0.45122
953.917	0.45107
954.143	0.45085
954.368	0.45055
954.593	0.45019
954.819	0.44979
955.044	0.44939
955.27	0.44902
955.495	0.44869
955.72	0.44842
955.946	0.4482
956.171	0.44801
956.396	0.44783
956.621	0.44763
956.847	0.44739
957.072	0.4471
957.297	0.44678
957.522	0.44645
957.747	0.44614
957.973	0.44589
958.198	0.44571
958.423	0.44563
958.648	0.44564
958.873	0.44574
959.098	0.44589
959.323	0.44607
959.549	0.44625
959.774	0.44639
959.999	0.44648
960.224	0.44649
960.449	0.4464
960.674	0.44623
960.899	0.44596
961.124	0.44563
961.349	0.44524
961.574	0.44484
961.799	0.44446
962.023	0.44414
962.248	0.4439
962.473	0.44377
962.698	0.44376
962.923	0.44384
963.148	0.444
963.373	0.4442
963.597	0.44438
963.822	0.44453
964.047	0.4446
964.272	0.4446
964.497	0.44452
964.721	0.44438
964.946	0.4442
965.171	0.44401
965.396	0.44383
965.62	0.44366
965.845	0.44353
966.07	0.44342
966.294	0.44333
966.519	0.44326
966.744	0.4432
966.968	0.44317
967.193	0.44315
967.417	0.44315
967.642	0.44316
967.866	0.44318
968.091	0.44318
968.316	0.44315
968.54	0.44309
968.765	0.44298
968.989	0.44284
969.213	0.44269
969.438	0.44255
969.662	0.44246
969.887	0.44244
970.111	0.44252
970.336	0.44269
970.56	0.44296
970.784	0.44328
971.009	0.44363
971.233	0.44395
971.457	0.44421
971.682	0.44437
971.906	0.44441
972.13	0.44433
972.355	0.44413
972.579	0.44385
972.803	0.44351
973.027	0.44315
973.251	0.44281
973.476	0.44251
973.7	0.44227
973.924	0.44209
974.148	0.44196
974.372	0.44187
974.596	0.44182
974.821	0.44177
975.045	0.44172
975.269	0.44167
975.493	0.44162
975.717	0.44159
975.941	0.44158
976.165	0.44159
976.389	0.44163
976.613	0.44167
976.837	0.44171
977.061	0.44173
977.285	0.4417
977.509	0.44162
977.733	0.4415
977.957	0.44136
978.18	0.44124
978.404	0.44115
978.628	0.44113
978.852	0.44118
979.076	0.44129
979.3	0.44144
979.524	0.44158
979.747	0.44169
979.971	0.44174
980.195	0.44172
980.419	0.44166
980.642	0.4416
980.866	0.4416
981.09	0.44169
981.314	0.44191
981.537	0.44226
981.761	0.44273
981.985	0.44326
982.208	0.4438
982.432	0.4443
982.655	0.4447
982.879	0.445
983.103	0.4452
983.326	0.44532
983.55	0.44541
983.773	0.44549
983.997	0.44556
984.22	0.44562
984.444	0.44564
984.667	0.4456
984.891	0.44546
985.114	0.44523
985.338	0.44492
985.561	0.44459
985.785	0.4443
986.008	0.44413
986.231	0.4441
986.455	0.44426
986.678	0.44456
986.901	0.44497
987.125	0.4454
987.348	0.44576
987.571	0.446
987.795	0.44608
988.018	0.44601
988.241	0.44584
988.464	0.44562
988.688	0.44543
988.911	0.44533
989.134	0.44535
989.357	0.44549
989.58	0.44572
989.803	0.446
990.027	0.44628
990.25	0.4465
990.473	0.44664
990.696	0.44671
990.919	0.44673
991.142	0.44671
991.365	0.4467
991.588	0.44672
991.811	0.44678
992.034	0.4469
992.257	0.44706
992.48	0.44727
992.703	0.44753
992.926	0.44785
993.149	0.44824
993.372	0.4487
993.595	0.44922
993.818	0.44978
994.041	0.45034
994.264	0.45085
994.486	0.45124
994.709	0.45146
994.932	0.45149
995.155	0.45131
995.378	0.45096
995.6	0.45048
995.823	0.44995
996.046	0.44943
996.269	0.44899
996.491	0.44869
996.714	0.44853
996.937	0.44853
997.16	0.44866
997.382	0.44888
997.605	0.44916
997.828	0.44945
998.05	0.44973
998.273	0.44997
998.495	0.45015
998.718	0.45028
998.941	0.45037
999.163	0.45042
999.386	0.45046
999.608	0.45049
999.831	0.45055
1000.05	0.45065
1000.28	0.4508
1000.5	0.451
1000.72	0.45123
1000.94	0.45146
1001.17	0.45169
1001.39	0.45187
1001.61	0.45197
1001.83	0.45199
1002.05	0.45194
1002.28	0.45185
1002.5	0.45174
1002.72	0.45167
1002.94	0.45166
1003.17	0.45175
1003.39	0.45193
1003.61	0.4522
1003.83	0.45252
1004.06	0.45286
1004.28	0.45314
1004.5	0.45335
1004.72	0.45345
1004.94	0.45344
1005.17	0.45332
1005.39	0.45313