400.707	0.04662
400.825	0.04621
400.943	0.04584
401.06	0.04556
401.178	0.04536
401.296	0.04524
401.413	0.04519
401.531	0.04517
401.649	0.04518
401.767	0.0452
401.884	0.04522
402.002	0.04524
402.12	0.04526
402.237	0.04527
402.355	0.04528
402.473	0.0453
402.59	0.0453
402.708	0.04531
402.825	0.04531
402.943	0.04532
403.061	0.04533
403.178	0.04534
403.296	0.04536
403.414	0.04539
403.531	0.04543
403.649	0.04548
403.766	0.04554
403.884	0.04561
404.001	0.04568
404.119	0.04577
404.237	0.04588
404.354	0.046
404.472	0.04614
404.589	0.04629
404.707	0.04645
404.824	0.0466
404.942	0.04675
405.059	0.04689
405.177	0.04701
405.294	0.0471
405.412	0.04717
405.529	0.04722
405.647	0.04725
405.764	0.04726
405.882	0.04726
405.999	0.04725
406.117	0.04724
406.234	0.04722
406.351	0.0472
406.469	0.04719
406.586	0.04718
406.704	0.04718
406.821	0.04718
406.939	0.04719
407.056	0.0472
407.173	0.04721
407.291	0.04722
407.408	0.04722
407.525	0.04721
407.643	0.04721
407.76	0.0472
407.878	0.04719
407.995	0.04718
408.112	0.04717
408.23	0.04716
408.347	0.04716
408.464	0.04716
408.581	0.04716
408.699	0.04716
408.816	0.04717
408.933	0.04718
409.051	0.04719
409.168	0.0472
409.285	0.04721
409.402	0.04722
409.52	0.04724
409.637	0.04724
409.754	0.04724
409.871	0.04724
409.989	0.04724
410.106	0.04724
410.223	0.04723
410.34	0.04723
410.458	0.04723
410.575	0.04724
410.692	0.04724
410.809	0.04725
410.926	0.04726
411.043	0.04727
411.161	0.04729
411.278	0.0473
411.395	0.04732
411.512	0.04733
411.629	0.04735
411.746	0.04737
411.863	0.04739
411.981	0.0474
412.098	0.04741
412.215	0.04741
412.332	0.04741
412.449	0.04741
412.566	0.04741
412.683	0.04741
412.8	0.04742
412.917	0.04742
413.034	0.04743
413.151	0.04744
413.268	0.04745
413.385	0.04747
413.502	0.04749
413.619	0.0475
413.737	0.04753
413.854	0.04755
413.971	0.04757
414.088	0.04759
414.205	0.04762
414.321	0.04764
414.438	0.04766
414.555	0.04767
414.672	0.04769
414.789	0.0477
414.906	0.04771
415.023	0.04773
415.14	0.04774
415.257	0.04775
415.374	0.04777
415.491	0.04778
415.608	0.04779
415.725	0.04781
415.842	0.04782
415.959	0.04784
416.075	0.04785
416.192	0.04786
416.309	0.04788
416.426	0.0479
416.543	0.04791
416.66	0.04793
416.777	0.04795
416.893	0.04796
417.01	0.04798
417.127	0.048
417.244	0.04802
417.361	0.04804
417.477	0.04806
417.594	0.04808
417.711	0.0481
417.828	0.04812
417.945	0.04814
418.061	0.04817
418.178	0.0482
418.295	0.04823
418.412	0.04827
418.528	0.0483
418.645	0.04833
418.762	0.04835
418.879	0.04837
418.995	0.04838
419.112	0.04839
419.229	0.0484
419.345	0.04841
419.462	0.04843
419.579	0.04845
419.695	0.04847
419.812	0.0485
419.929	0.04854
420.045	0.04857
420.162	0.04859
420.279	0.04862
420.395	0.04863
420.512	0.04865
420.629	0.04866
420.745	0.04867
420.862	0.04868
420.978	0.0487
421.095	0.04872
421.212	0.04875
421.328	0.04878
421.445	0.0488
421.561	0.04883
421.678	0.04885
421.794	0.04887
421.911	0.04888
422.027	0.04889
422.144	0.04891
422.261	0.04893
422.377	0.04895
422.494	0.04897
422.61	0.049
422.727	0.04903
422.843	0.04907
422.96	0.04911
423.076	0.04914
423.192	0.04918
423.309	0.04922
423.425	0.04925
423.542	0.04928
423.658	0.04931
423.775	0.04933
423.891	0.04934
424.008	0.04935
424.124	0.04935
424.24	0.04935
424.357	0.04936
424.473	0.04936
424.59	0.04937
424.706	0.04938
424.822	0.0494
424.939	0.04941
425.055	0.04944
425.171	0.04946
425.288	0.04948
425.404	0.0495
425.52	0.04952
425.637	0.04954
425.753	0.04956
425.869	0.04957
425.986	0.04959
426.102	0.04961
426.218	0.04962
426.335	0.04964
426.451	0.04966
426.567	0.04968
426.683	0.04969
426.8	0.04971
426.916	0.04973
427.032	0.04974
427.148	0.04975
427.265	0.04977
427.381	0.04978
427.497	0.0498
427.613	0.04981
427.73	0.04982
427.846	0.04982
427.962	0.04983
428.078	0.04984
428.194	0.04985
428.31	0.04986
428.427	0.04987
428.543	0.04989
428.659	0.04991
428.775	0.04994
428.891	0.04996
429.007	0.04999
429.123	0.05001
429.24	0.05002
429.356	0.05003
429.472	0.05003
429.588	0.05003
429.704	0.05003
429.82	0.05004
429.936	0.05006
430.052	0.05008
430.168	0.05011
430.284	0.05014
430.4	0.05017
430.516	0.0502
430.632	0.05022
430.749	0.05023
430.865	0.05024
430.981	0.05025
431.097	0.05026
431.213	0.05027
431.329	0.05028
431.445	0.05029
431.561	0.05028
431.676	0.05026
431.792	0.0502
431.908	0.05009
432.024	0.04995
432.14	0.04976
432.256	0.04955
432.323	0.04928
432.439	0.04906
432.555	0.04887
432.671	0.04871
432.787	0.0486
432.903	0.04854
433.019	0.04851
433.135	0.04852
433.251	0.04855
433.367	0.04858
433.483	0.04862
433.599	0.04864
433.715	0.04866
433.831	0.04868
433.947	0.04869
434.063	0.04871
434.179	0.04873
434.295	0.04876
434.411	0.04879
434.527	0.04883
434.643	0.04887
434.759	0.0489
434.875	0.04893
434.991	0.04896
435.106	0.04898
435.222	0.04899
435.338	0.04901
435.454	0.04902
435.57	0.04904
435.686	0.04906
435.802	0.04908
435.918	0.0491
436.033	0.04912
436.149	0.04914
436.265	0.04916
436.381	0.04918
436.497	0.0492
436.613	0.04922
436.728	0.04923
436.844	0.04925
436.96	0.04927
437.076	0.04928
437.191	0.0493
437.307	0.04932
437.423	0.04934
437.539	0.04936
437.655	0.04938
437.77	0.0494
437.886	0.04941
438.002	0.04943
438.117	0.04945
438.233	0.04948
438.349	0.0495
438.465	0.04953
438.58	0.04955
438.696	0.04959
438.812	0.04962
438.927	0.04965
439.043	0.04968
439.159	0.0497
439.274	0.04972
439.39	0.04973
439.506	0.04974
439.621	0.04975
439.737	0.04976
439.853	0.04978
439.968	0.0498
440.084	0.04983
440.199	0.04986
440.315	0.04989
440.431	0.04992
440.546	0.04995
440.662	0.04997
440.777	0.04998
440.893	0.04999
441.008	0.05
441.124	0.05001
441.239	0.05002
441.355	0.05003
441.47	0.05004
441.586	0.05007
441.702	0.05009
441.817	0.05012
441.933	0.05014
442.048	0.05016
442.163	0.05017
442.279	0.05019
442.394	0.0502
442.51	0.05021
442.625	0.05022
442.741	0.05024
442.856	0.05026
442.972	0.05029
443.087	0.05032
443.203	0.05035
443.318	0.05038
443.433	0.05042
443.549	0.05046
443.664	0.0505
443.78	0.05053
443.895	0.05056
444.01	0.05059
444.126	0.05062
444.241	0.05064
444.356	0.05065
444.472	0.05066
444.587	0.05067
444.702	0.05068
444.818	0.05068
444.933	0.05069
445.048	0.05071
445.164	0.05073
445.279	0.05075
445.394	0.05078
445.51	0.0508
445.625	0.05083
445.74	0.05086
445.855	0.05088
445.971	0.0509
446.086	0.05092
446.201	0.05094
446.316	0.05096
446.432	0.05098
446.547	0.051
446.662	0.05102
446.777	0.05104
446.892	0.05106
447.008	0.05108
447.123	0.0511
447.238	0.05112
447.353	0.05114
447.468	0.05116
447.583	0.05118
447.699	0.0512
447.814	0.05121
447.929	0.05122
448.044	0.05123
448.159	0.05124
448.274	0.05125
448.389	0.05126
448.504	0.05127
448.62	0.05129
448.735	0.0513
448.85	0.05132
448.965	0.05135
449.08	0.05137
449.195	0.0514
449.31	0.05142
449.425	0.05145
449.54	0.05146
449.655	0.05148
449.77	0.05149
449.885	0.0515
450	0.05151
450.115	0.05152
450.23	0.05153
450.345	0.05156
450.46	0.05158
450.575	0.05161
450.69	0.05165
450.805	0.05168
450.92	0.05171
451.035	0.05173
451.15	0.05175
451.265	0.05176
451.38	0.05176
451.495	0.05175
451.61	0.05175
451.725	0.05175
451.839	0.05175
451.954	0.05176
452.069	0.05177
452.184	0.05179
452.299	0.05181
452.414	0.05183
452.529	0.05185
452.644	0.05186
452.758	0.05187
452.873	0.05188
452.988	0.0519
453.103	0.05191
453.218	0.05193
453.333	0.05195
453.447	0.05198
453.562	0.052
453.677	0.05203
453.792	0.05205
453.906	0.05206
454.021	0.05207
454.136	0.05207
454.251	0.05206
454.366	0.05206
454.48	0.05205
454.595	0.05205
454.71	0.05205
454.824	0.05205
454.939	0.05206
455.054	0.05206
455.169	0.05207
455.283	0.05208
455.398	0.05208
455.513	0.05209
455.627	0.0521
455.742	0.05211
455.857	0.05212
455.971	0.05213
456.086	0.05214
456.201	0.05214
456.315	0.05215
456.43	0.05215
456.544	0.05214
456.659	0.05214
456.774	0.05215
456.888	0.05216
457.003	0.05217
457.117	0.05219
457.232	0.0522
457.347	0.05221
457.461	0.0522
457.576	0.05216
457.69	0.05209
457.805	0.05199
457.919	0.05186
458.034	0.05171
458.044	0.05147
458.159	0.05131
458.273	0.05116
458.388	0.05103
458.503	0.05094
458.618	0.05087
458.732	0.05083
458.847	0.05081
458.962	0.05081
459.076	0.05082
459.191	0.05083
459.306	0.05084
459.421	0.05084
459.535	0.05084
459.65	0.05085
459.765	0.05085
459.879	0.05086
459.994	0.05088
460.108	0.0509
460.223	0.05092
460.338	0.05095
460.452	0.05098
460.567	0.05101
460.682	0.05105
460.796	0.05108
460.911	0.05111
461.025	0.05114
461.14	0.05116
461.255	0.05119
461.369	0.05121
461.484	0.05124
461.598	0.05125
461.713	0.05127
461.827	0.05128
461.942	0.05129
462.056	0.0513
462.171	0.0513
462.285	0.05131
462.4	0.05131
462.514	0.0513
462.629	0.0513
462.743	0.05129
462.858	0.05129
462.972	0.05128
463.087	0.05127
463.201	0.05126
463.316	0.05125
463.43	0.05124
463.545	0.05123
463.659	0.05122
463.774	0.05122
463.888	0.05121
464.002	0.05121
464.117	0.05121
464.231	0.05122
464.346	0.05123
464.46	0.05124
464.574	0.05125
464.689	0.05126
464.803	0.05127
464.917	0.05128
465.032	0.05128
465.146	0.05127
465.26	0.05127
465.375	0.05126
465.489	0.05125
465.603	0.05125
465.718	0.05124
465.832	0.05124
465.946	0.05124
466.061	0.05124
466.175	0.05124
466.289	0.05124
466.403	0.05124
466.518	0.05123
466.632	0.05123
466.746	0.05122
466.86	0.05121
466.975	0.0512
467.089	0.05119
467.203	0.05118
467.317	0.05117
467.431	0.05117
467.546	0.05117
467.66	0.05116
467.774	0.05116
467.888	0.05117
468.002	0.05117
468.116	0.05117
468.231	0.05118
468.345	0.05119
468.459	0.0512
468.573	0.05121
468.687	0.05122
468.801	0.05124
468.915	0.05124
469.029	0.05125
469.144	0.05126
469.258	0.05126
469.372	0.05126
469.486	0.05126
469.6	0.05125
469.714	0.05124
469.828	0.05123
469.942	0.05122
470.056	0.05121
470.17	0.0512
470.284	0.05119
470.398	0.05118
470.512	0.05118
470.626	0.05118
470.74	0.05118
470.854	0.05118
470.968	0.05118
471.082	0.05119
471.196	0.05119
471.31	0.05119
471.424	0.05119
471.538	0.05119
471.652	0.05119
471.766	0.05118
471.88	0.05118
471.994	0.05118
472.108	0.05118
472.221	0.05118
472.335	0.05119
472.449	0.0512
472.563	0.05121
472.677	0.05121
472.791	0.05122
472.905	0.05122
473.019	0.05122
473.132	0.05122
473.246	0.05122
473.36	0.05123
473.474	0.05123
473.588	0.05124
473.702	0.05125
473.815	0.05125
473.929	0.05126
474.043	0.05125
474.157	0.05125
474.27	0.05123
474.384	0.05121
474.498	0.05119
474.612	0.05118
474.726	0.05117
474.839	0.05116
474.953	0.05117
475.067	0.05118
475.18	0.05119
475.294	0.05121
475.408	0.05123
475.522	0.05124
475.635	0.05125
475.749	0.05126
475.863	0.05126
475.976	0.05126
476.09	0.05127
476.204	0.05127
476.317	0.05127
476.431	0.05128
476.545	0.05128
476.658	0.05129
476.772	0.05129
476.885	0.0513
476.999	0.0513
477.113	0.05131
477.226	0.05132
477.34	0.05133
477.453	0.05135
477.567	0.05137
477.68	0.05139
477.794	0.05142
477.908	0.05145
478.021	0.05147
478.135	0.05149
478.248	0.0515
478.362	0.05151
478.475	0.05152
478.589	0.05152
478.702	0.05152
478.816	0.05151
478.929	0.05151
479.043	0.05151
479.156	0.0515
479.27	0.0515
479.383	0.05149
479.496	0.05149
479.61	0.05149
479.723	0.05148
479.837	0.05147
479.95	0.05146
480.064	0.05145
480.177	0.05144
480.29	0.05143
480.404	0.05142
480.517	0.05142
480.631	0.05143
480.744	0.05144
480.857	0.05146
480.971	0.05148
481.084	0.0515
481.197	0.05152
481.311	0.05154
481.424	0.05154
481.537	0.05155
481.651	0.05155
481.764	0.05154
481.877	0.05154
481.991	0.05155
482.104	0.05155
482.217	0.05156
482.33	0.05157
482.444	0.05158
482.557	0.0516
482.67	0.05161
482.783	0.05161
482.897	0.05162
483.01	0.05163
483.123	0.05163
483.236	0.05163
483.35	0.05164
483.463	0.05165
483.576	0.05166
483.689	0.05168
483.802	0.05169
483.915	0.05171
484.029	0.05172
484.142	0.05173
484.255	0.05173
484.368	0.05173
484.481	0.05173
484.594	0.05172
484.707	0.05171
484.821	0.0517
484.934	0.0517
485.047	0.05169
485.16	0.0517
485.273	0.0517
485.386	0.05171
485.499	0.05172
485.612	0.05174
485.725	0.05175
485.838	0.05176
485.951	0.05177
486.064	0.05178
486.177	0.05179
486.29	0.05179
486.403	0.05179
486.516	0.0518
486.629	0.05181
486.742	0.05182
486.855	0.05183
486.968	0.05185
487.081	0.05187
487.194	0.05188
487.307	0.0519
487.42	0.05191
487.533	0.05192
487.646	0.05193
487.759	0.05193
487.872	0.05194
487.985	0.05194
488.098	0.05195
488.211	0.05196
488.324	0.05198
488.436	0.052
488.549	0.05202
488.662	0.05204
488.775	0.05206
488.888	0.05209
489.001	0.0521
489.114	0.05212
489.226	0.05213
489.339	0.05214
489.452	0.05215
489.565	0.05216
489.678	0.05217
489.79	0.05218
489.903	0.05219
490.016	0.05221
490.129	0.05222
490.242	0.05224
490.354	0.05226
490.467	0.05228
490.58	0.0523
490.693	0.05231
490.805	0.05233
490.918	0.05235
491.031	0.05237
491.143	0.05239
491.256	0.05242
491.369	0.05246
491.482	0.05249
491.594	0.05253
491.707	0.05256
491.82	0.05259
491.932	0.05262
492.045	0.05265
492.158	0.05267
492.27	0.05268
492.383	0.0527
492.495	0.05272
492.608	0.05274
492.721	0.05277
492.833	0.05279
492.946	0.05282
493.058	0.05284
493.171	0.05287
493.284	0.05289
493.396	0.05291
493.509	0.05293
493.621	0.05295
493.734	0.05296
493.846	0.05298
493.959	0.05301
494.071	0.05304
494.184	0.05307
494.296	0.05311
494.409	0.05315
494.521	0.05319
494.634	0.05323
494.746	0.05326
494.859	0.05329
494.971	0.05332
495.084	0.05334
495.196	0.05337
495.309	0.05339
495.421	0.05341
495.534	0.05344
495.646	0.05347
495.758	0.0535
495.871	0.05354
495.983	0.05358
496.096	0.05363
496.208	0.05367
496.32	0.05372
496.433	0.05376
496.545	0.0538
496.657	0.05383
496.77	0.05386
496.882	0.05388
496.994	0.05391
497.107	0.05394
497.219	0.05397
497.331	0.054
497.444	0.05404
497.556	0.05408
497.668	0.05412
497.781	0.05417
497.893	0.05421
498.005	0.05425
498.117	0.05429
498.23	0.05433
498.342	0.05437
498.454	0.05442
498.566	0.05446
498.679	0.05451
498.791	0.05456
498.903	0.05462
499.015	0.05468
499.127	0.05474
499.24	0.0548
499.352	0.05486
499.464	0.05492
499.576	0.05498
499.688	0.05503
499.8	0.05509
499.913	0.05514
500.025	0.05519
500.137	0.05524
500.249	0.05528
500.361	0.05533
500.473	0.05537
500.585	0.05541
500.697	0.05545
500.81	0.0555
500.922	0.05555
501.034	0.05561
501.146	0.05567
501.258	0.05573
501.37	0.05579
501.482	0.05586
501.594	0.05593
501.706	0.05599
501.818	0.05606
501.93	0.05612
502.042	0.05618
502.154	0.05624
502.266	0.05631
502.378	0.05637
502.49	0.05643
502.602	0.0565
502.714	0.05657
502.826	0.05664
502.938	0.05671
503.05	0.05679
503.162	0.05688
503.274	0.05696
503.386	0.05705
503.497	0.05714
503.609	0.05723
503.721	0.05731
503.833	0.05739
503.945	0.05746
504.057	0.05753
504.169	0.0576
504.281	0.05767
504.392	0.05774
504.504	0.05781
504.616	0.0579
504.728	0.05799
504.84	0.05808
504.952	0.05818
505.063	0.05828
505.175	0.05837
505.287	0.05846
505.399	0.05855
505.511	0.05863
505.622	0.05871
505.734	0.05879
505.846	0.05887
505.958	0.05895
506.069	0.05904
506.181	0.05913
506.293	0.05922
506.405	0.05931
506.516	0.0594
506.628	0.0595
506.74	0.05959
506.851	0.05968
506.963	0.05978
507.075	0.05987
507.186	0.05996
507.298	0.06006
507.41	0.06016
507.521	0.06026
507.633	0.06036
507.745	0.06047
507.856	0.06058
507.968	0.0607
508.08	0.06082
508.191	0.06095
508.303	0.06108
508.414	0.0612
508.526	0.06132
508.638	0.06144
508.749	0.06155
508.861	0.06166
508.972	0.06176
509.084	0.06187
509.195	0.06198
509.307	0.0621
509.418	0.06222
509.53	0.06236
509.641	0.06249
509.753	0.06263
509.864	0.06277
509.976	0.06291
510.087	0.06304
510.199	0.06316
510.31	0.06329
510.422	0.06341
510.533	0.06352
510.645	0.06364
510.756	0.06377
510.868	0.0639
510.979	0.06403
511.09	0.06417
511.202	0.06432
511.313	0.06447
511.425	0.06462
511.536	0.06477
511.647	0.06492
511.759	0.06507
511.87	0.06521
511.981	0.06536
512.093	0.0655
512.204	0.06565
512.316	0.0658
512.427	0.06595
512.538	0.0661
512.649	0.06626
512.761	0.06641
512.872	0.06656
512.983	0.06672
513.095	0.06688
513.206	0.06703
513.317	0.0672
513.428	0.06736
513.54	0.06754
513.651	0.06771
513.762	0.06789
513.873	0.06808
513.985	0.06826
514.096	0.06844
514.207	0.06862
514.318	0.06879
514.429	0.06897
514.541	0.06914
514.652	0.06932
514.763	0.0695
514.874	0.06968
514.985	0.06986
515.097	0.07005
515.208	0.07024
515.319	0.07042
515.43	0.0706
515.541	0.07078
515.652	0.07095
515.763	0.07112
515.874	0.07129
515.985	0.07147
516.097	0.07165
516.208	0.07184
516.319	0.07204
516.43	0.07223
516.541	0.07243
516.652	0.07263
516.763	0.07282
516.874	0.07301
516.985	0.0732
517.096	0.07338
517.207	0.07356
517.318	0.07374
517.429	0.07393
517.54	0.07412
517.651	0.07433
517.762	0.07454
517.873	0.07475
517.984	0.07497
518.095	0.07519
518.206	0.0754
518.317	0.07562
518.428	0.07584
518.539	0.07605
518.649	0.07625
518.76	0.07646
518.871	0.07667
518.982	0.07687
519.093	0.07707
519.204	0.07726
519.315	0.07745
519.426	0.07764
519.537	0.07782
519.647	0.07801
519.758	0.07819
519.869	0.07838
519.98	0.07858
520.091	0.07879
520.202	0.079
520.312	0.07922
520.423	0.07944
520.534	0.07967
520.645	0.07988
520.755	0.08009
520.866	0.08029
520.977	0.08047
521.088	0.08065
521.198	0.08082
521.309	0.08099
521.42	0.08117
521.531	0.08135
521.641	0.08154
521.752	0.08174
521.863	0.08195
521.974	0.08216
522.084	0.08236
522.195	0.08257
522.306	0.08277
522.416	0.08297
522.527	0.08316
522.638	0.08336
522.748	0.08356
522.859	0.08377
522.969	0.08397
523.08	0.08418
523.191	0.08439
523.301	0.0846
523.412	0.08479
523.522	0.08498
523.633	0.08516
523.744	0.08533
523.854	0.0855
523.965	0.08566
524.075	0.08583
524.186	0.08601
524.296	0.08618
524.407	0.08636
524.517	0.08654
524.628	0.08672
524.738	0.08689
524.849	0.08707
524.959	0.08724
525.07	0.08741
525.18	0.08759
525.291	0.08777
525.401	0.08795
525.512	0.08814
525.622	0.08832
525.733	0.08851
525.843	0.08868
525.954	0.08885
526.064	0.08901
526.174	0.08916
526.285	0.0893
526.395	0.08944
526.506	0.08957
526.616	0.08971
526.726	0.08984
526.837	0.08998
526.947	0.09013
527.057	0.09028
527.168	0.09043
527.278	0.09058
527.388	0.09073
527.499	0.09087
527.609	0.09101
527.719	0.09114
527.83	0.09127
527.94	0.0914
528.05	0.09152
528.161	0.09164
528.271	0.09176
528.381	0.09188
528.491	0.09201
528.602	0.09213
528.712	0.09226
528.822	0.09239
528.932	0.09252
529.043	0.09266
529.153	0.09279
529.263	0.09292
529.373	0.09305
529.483	0.09317
529.594	0.0933
529.704	0.09341
529.814	0.09353
529.924	0.09363
530.034	0.09373
530.144	0.09382
530.254	0.09391
530.365	0.094
530.475	0.09408
530.585	0.09417
530.695	0.09426
530.805	0.09435
530.915	0.09445
531.025	0.09456
531.135	0.09466
531.245	0.09477
531.355	0.09487
531.466	0.09497
531.576	0.09507
531.686	0.09517
531.796	0.09526
531.906	0.09535
532.016	0.09544
532.126	0.09552
532.236	0.0956
532.346	0.09567
532.456	0.09574
532.566	0.0958
532.676	0.09586
532.786	0.09592
532.896	0.09599
533.006	0.09606
533.115	0.09613
533.225	0.09621
533.335	0.0963
533.445	0.09637
533.555	0.09645
533.665	0.09651
533.775	0.09657
533.885	0.09662
533.995	0.09666
534.105	0.0967
534.214	0.09674
534.324	0.09677
534.434	0.09682
534.544	0.09686
534.654	0.09691
534.764	0.09697
534.874	0.09702
534.983	0.09708
535.093	0.09714
535.203	0.09719
535.313	0.09725
535.423	0.0973
535.532	0.09734
535.642	0.09739
535.752	0.09743
535.862	0.09746
535.971	0.0975
536.081	0.09753
536.191	0.09756
536.301	0.0976
536.41	0.09763
536.52	0.09767
536.63	0.09771
536.739	0.09775
536.849	0.09778
536.959	0.09782
537.069	0.09785
537.178	0.09787
537.288	0.0979
537.398	0.09794
537.507	0.09798
537.617	0.09803
537.726	0.09808
537.836	0.09815
537.946	0.09821
538.055	0.09828
538.165	0.09834
538.274	0.09839
538.384	0.09842
538.494	0.09844
538.603	0.09845
538.713	0.09845
538.822	0.09845
538.932	0.09845
539.041	0.09845
539.151	0.09847
539.26	0.09849
539.37	0.09851
539.48	0.09854
539.589	0.09858
539.699	0.09861
539.808	0.09865
539.917	0.09869
540.027	0.09873
540.136	0.09878
540.246	0.09883
540.355	0.09889
540.465	0.09895
540.574	0.099
540.684	0.09906
540.793	0.0991
540.903	0.09913
541.012	0.09915
541.121	0.09916
541.231	0.09917
541.34	0.09917
541.449	0.09919
541.559	0.0992
541.668	0.09923
541.778	0.09927
541.887	0.09931
541.996	0.09935
542.106	0.0994
542.215	0.09944
542.324	0.09947
542.434	0.09951
542.543	0.09953
542.652	0.09956
542.761	0.09958
542.871	0.09961
542.98	0.09964
543.089	0.09967
543.199	0.0997
543.308	0.09973
543.417	0.09976
543.526	0.09978
543.635	0.09981
543.745	0.09984
543.854	0.09987
543.963	0.09991
544.072	0.09995
544.181	0.1
544.291	0.10006
544.4	0.10012
544.509	0.10018
544.618	0.10023
544.727	0.10027
544.836	0.1003
544.946	0.10033
545.055	0.10034
545.164	0.10035
545.273	0.10036
545.382	0.10038
545.491	0.10041
545.6	0.10045
545.709	0.1005
545.818	0.10056
545.928	0.10062
546.037	0.10069
546.146	0.10075
546.255	0.1008
546.364	0.10085
546.473	0.10089
546.582	0.10093
546.691	0.10098
546.8	0.10102
546.909	0.10107
547.018	0.10113
547.127	0.10119
547.236	0.10125
547.345	0.10131
547.454	0.10136
547.563	0.10141
547.672	0.10145
547.781	0.10149
547.89	0.10152
547.998	0.10154
548.107	0.10155
548.216	0.10157
548.325	0.1016
548.434	0.10163
548.543	0.10167
548.652	0.10172
548.761	0.10178
548.87	0.10185
548.978	0.10193
549.087	0.10201
549.196	0.10208
549.305	0.10214
549.414	0.10219
549.523	0.10222
549.632	0.10225
549.74	0.10226
549.849	0.10227
549.958	0.10229
550.067	0.10232
550.175	0.10235
550.284	0.1024
550.393	0.10245
550.502	0.1025
550.611	0.10255
550.719	0.10259
550.828	0.10262
550.937	0.10265
551.045	0.10266
551.154	0.10267
551.263	0.10267
551.372	0.10268
551.48	0.1027
551.589	0.10272
551.698	0.10275
551.806	0.10279
551.915	0.10284
552.024	0.1029
552.132	0.10296
552.241	0.10301
552.349	0.10307
552.458	0.10312
552.567	0.10317
552.675	0.10321
552.784	0.10325
552.893	0.10327
553.001	0.10329
553.11	0.1033
553.218	0.10331
553.327	0.10332
553.435	0.10333
553.544	0.10335
553.652	0.10337
553.761	0.1034
553.869	0.10343
553.978	0.10346
554.087	0.10349
554.195	0.10351
554.304	0.10352
554.412	0.10351
554.52	0.1035
554.629	0.10348
554.737	0.10346
554.846	0.10344
554.954	0.10342
555.063	0.10341
555.171	0.1034
555.28	0.1034
555.388	0.10341
555.496	0.10342
555.605	0.10343
555.713	0.10344
555.822	0.10344
555.93	0.10344
556.038	0.10344
556.147	0.10343
556.255	0.10342
556.363	0.1034
556.472	0.10338
556.58	0.10335
556.688	0.10332
556.797	0.10329
556.905	0.10326
557.013	0.10322
557.122	0.10319
557.23	0.10317
557.338	0.10315
557.447	0.10314
557.555	0.10314
557.663	0.10314
557.771	0.10314
557.88	0.10314
557.988	0.10314
558.096	0.10312
558.204	0.10309
558.312	0.10304
558.421	0.10298
558.529	0.10291
558.637	0.10284
558.745	0.10277
558.853	0.10271
558.962	0.10266
559.07	0.10262
559.178	0.10259
559.286	0.10257
559.394	0.10255
559.502	0.10253
559.61	0.10251
559.719	0.10248
559.827	0.10243
559.935	0.10238
560.043	0.10232
560.151	0.10225
560.259	0.10218
560.367	0.10212
560.475	0.10205
560.583	0.10198
560.691	0.10191
560.799	0.10184
560.907	0.10177
561.015	0.10171
561.123	0.10165
561.231	0.10159
561.339	0.10153
561.447	0.10148
561.555	0.10143
561.663	0.10138
561.771	0.10133
561.879	0.10127
561.987	0.10121
562.095	0.10115
562.203	0.10108
562.311	0.101
562.419	0.10093
562.527	0.10086
562.635	0.10079
562.743	0.10073
562.851	0.10067
562.959	0.10062
563.067	0.10056
563.174	0.1005
563.282	0.10044
563.39	0.10037
563.498	0.1003
563.606	0.10021
563.714	0.10012
563.822	0.10002
563.929	0.09992
564.037	0.09982
564.145	0.09972
564.253	0.09962
564.361	0.09952
564.468	0.09942
564.576	0.09933
564.684	0.09924
564.792	0.09916
564.899	0.09908
565.007	0.099
565.115	0.09892
565.223	0.09884
565.33	0.09876
565.438	0.09867
565.546	0.09857
565.653	0.09847
565.761	0.09836
565.869	0.09825
565.977	0.09815
566.084	0.09804
566.192	0.09794
566.3	0.09785
566.407	0.09777
566.515	0.09768
566.622	0.0976
566.73	0.0975
566.838	0.0974
566.945	0.09728
567.053	0.09715
567.161	0.09701
567.268	0.09687
567.376	0.09672
567.483	0.09659
567.591	0.09647
567.698	0.09636
567.806	0.09626
567.914	0.09617
568.021	0.09609
568.129	0.09601
568.236	0.09592
568.344	0.09582
568.451	0.09571
568.559	0.09559
568.666	0.09545
568.774	0.09531
568.966	0.09523
569.074	0.09508
569.182	0.09494
569.29	0.0948
569.398	0.09466
569.506	0.09454
569.613	0.09442
569.721	0.0943
569.829	0.09419
569.937	0.09409
570.044	0.094
570.152	0.09391
570.26	0.09382
570.368	0.09373
570.475	0.09364
570.583	0.09355
570.691	0.09345
570.798	0.09334
570.906	0.09323
571.014	0.0931
571.122	0.09297
571.229	0.09284
571.337	0.0927
571.445	0.09257
571.552	0.09245
571.66	0.09233
571.767	0.09222
571.875	0.09211
571.983	0.09201
572.09	0.09191
572.198	0.0918
572.305	0.09169
572.413	0.09157
572.521	0.09145
572.628	0.09132
572.736	0.09119
572.843	0.09106
572.951	0.09094
573.058	0.09083
573.166	0.09072
573.273	0.09061
573.381	0.09052
573.489	0.09043
573.596	0.09034
573.704	0.09025
573.811	0.09017
573.918	0.09008
574.026	0.09
574.133	0.08991
574.241	0.08983
574.348	0.08974
574.456	0.08965
574.563	0.08955
574.671	0.08945
574.778	0.08934
574.885	0.08923
574.993	0.08912
575.1	0.08901
575.208	0.0889
575.315	0.08879
575.422	0.08869
575.53	0.08859
575.637	0.0885
575.744	0.08842
575.852	0.08833
575.959	0.08825
576.066	0.08817
576.174	0.08809
576.281	0.08802
576.388	0.08794
576.496	0.08787
576.603	0.08779
576.71	0.08771
576.817	0.08763
576.925	0.08755
577.032	0.08746
577.139	0.08737
577.246	0.08728
577.354	0.08719
577.461	0.08712
577.568	0.08705
577.675	0.08698
577.783	0.08693
577.89	0.08687
577.997	0.08682
578.104	0.08676
578.211	0.08669
578.318	0.08662
578.426	0.08653
578.533	0.08644
578.64	0.08635
578.747	0.08625
578.854	0.08616
578.961	0.08608
579.068	0.086
579.175	0.08593
579.283	0.08587
579.39	0.08581
579.497	0.08575
579.604	0.08569
579.711	0.08563
579.818	0.08557
579.925	0.08551
580.032	0.08544
580.139	0.08537
580.246	0.08531
580.353	0.08525
580.46	0.08518
580.567	0.08512
580.674	0.08507
580.781	0.08501
580.888	0.08496
580.995	0.08491
581.102	0.08486
581.209	0.08481
581.316	0.08475
581.423	0.08469
581.53	0.08462
581.637	0.08455
581.744	0.08447
581.85	0.0844
581.957	0.08434
582.064	0.08429
582.171	0.08425
582.278	0.08422
582.385	0.08419
582.492	0.08417
582.599	0.08415
582.705	0.08412
582.812	0.08408
582.919	0.08402
583.026	0.08394
583.133	0.08386
583.24	0.08377
583.346	0.08368
583.453	0.0836
583.56	0.08352
583.667	0.08346
583.773	0.08341
583.88	0.08336
583.987	0.08333
584.094	0.08329
584.2	0.08326
584.307	0.08323
584.414	0.08319
584.521	0.08316
584.627	0.08312
584.734	0.08309
584.841	0.08306
584.947	0.08302
585.054	0.08299
585.161	0.08295
585.267	0.08291
585.374	0.08286
585.481	0.08281
585.587	0.08275
585.694	0.08269
585.801	0.08264
585.907	0.08258
586.014	0.08253
586.12	0.08249
586.227	0.08245
586.334	0.08241
586.44	0.08237
586.547	0.08234
586.653	0.0823
586.76	0.08227
586.866	0.08223
586.973	0.08218
587.079	0.08214
587.186	0.0821
587.292	0.08205
587.399	0.08201
587.505	0.08196
587.612	0.08192
587.718	0.08188
587.825	0.08184
587.931	0.08179
588.038	0.08176
588.144	0.08172
588.251	0.08169
588.357	0.08166
588.464	0.08164
588.57	0.08162
588.676	0.08159
588.783	0.08157
588.889	0.08154
588.996	0.0815
589.102	0.08145
589.208	0.0814
589.315	0.08134
589.421	0.08128
589.527	0.08123
589.634	0.08118
589.74	0.08114
589.846	0.08111
589.953	0.08109
590.059	0.08107
590.165	0.08106
590.272	0.08104
590.378	0.08102
590.484	0.081
590.591	0.08097
590.697	0.08094
590.803	0.0809
590.909	0.08087
591.016	0.08084
591.122	0.08081
591.228	0.08079
591.334	0.08077
591.44	0.08075
591.547	0.08073
591.653	0.0807
591.759	0.08067
591.865	0.08063
591.971	0.08059
592.078	0.08054
592.184	0.0805
592.29	0.08046
592.396	0.08042
592.502	0.08038
592.608	0.08035
592.714	0.08033
592.82	0.08031
592.927	0.08031
593.033	0.0803
593.139	0.0803
593.245	0.0803
593.351	0.08029
593.457	0.08029
593.563	0.08027
593.669	0.08025
593.775	0.08022
593.881	0.08018
593.987	0.08015
594.093	0.08011
594.199	0.08008
594.305	0.08005
594.411	0.08003
594.517	0.08002
594.623	0.08
594.729	0.07999
594.835	0.07997
594.941	0.07995
595.047	0.07992
595.153	0.07988
595.259	0.07985
595.365	0.07981
595.471	0.07977
595.577	0.07973
595.682	0.07971
595.788	0.07969
595.894	0.07968
596	0.07968
596.106	0.07968
596.212	0.07969
596.318	0.07971
596.423	0.07972
596.529	0.07973
596.635	0.07973
596.741	0.07973
596.847	0.07972
596.953	0.0797
597.058	0.07967
597.164	0.07965
597.27	0.07962
597.376	0.07959
597.482	0.07957
597.587	0.07955
597.693	0.07954
597.799	0.07953
597.904	0.07952
598.01	0.07951
598.116	0.07949
598.222	0.07947
598.327	0.07944
598.433	0.07941
598.539	0.07937
598.644	0.07933
598.75	0.0793
598.856	0.07926
598.961	0.07923
599.067	0.07921
599.173	0.07919
599.278	0.07918
599.384	0.07917
599.49	0.07916
599.595	0.07915
599.701	0.07914
599.806	0.07913
599.912	0.07912
600.018	0.0791
600.123	0.07909
600.229	0.07907
600.334	0.07905
600.44	0.07903
600.545	0.079
600.651	0.07897
600.756	0.07894
600.862	0.07891
600.967	0.07888
601.073	0.07886
601.178	0.07883
601.284	0.07882
601.389	0.07881
601.495	0.0788
601.6	0.0788
601.706	0.07881
601.811	0.0788
601.917	0.0788
602.022	0.07878
602.127	0.07876
602.233	0.07873
602.338	0.07869
602.444	0.07864
602.549	0.07859
602.654	0.07855
602.76	0.07851
602.865	0.07848
602.971	0.07846
603.076	0.07844
603.181	0.07843
603.287	0.07843
603.392	0.07842
603.497	0.07841
603.603	0.07839
603.708	0.07836
603.813	0.07833
603.918	0.07829
604.024	0.07825
604.129	0.07821
604.234	0.07817
604.34	0.07813
604.445	0.07809
604.55	0.07806
604.655	0.07803
604.761	0.078
604.866	0.07798
604.971	0.07795
605.076	0.07793
605.181	0.07791
605.287	0.07789
605.392	0.07787
605.497	0.07784
605.602	0.07782
605.707	0.07779
605.812	0.07776
605.918	0.07773
606.023	0.07769
606.128	0.07765
606.233	0.07761
606.338	0.07758
606.443	0.07754
606.548	0.07751
606.653	0.07748
606.758	0.07746
606.863	0.07745
606.969	0.07744
607.074	0.07744
607.179	0.07745
607.284	0.07746
607.389	0.07748
607.494	0.0775
607.456	0.0774
607.562	0.0774
607.668	0.0774
607.774	0.07738
607.88	0.07735
607.986	0.07731
608.092	0.07726
608.198	0.0772
608.304	0.07714
608.41	0.07708
608.516	0.07703
608.622	0.07698
608.728	0.07694
608.834	0.07691
608.94	0.07688
609.046	0.07685
609.152	0.07683
609.258	0.07681
609.364	0.07678
609.47	0.07676
609.576	0.07674
609.682	0.07672
609.788	0.0767
609.894	0.07667
609.999	0.07665
610.105	0.07662
610.211	0.07658
610.317	0.07655
610.423	0.07651
610.529	0.07646
610.635	0.07642
610.741	0.07637
610.846	0.07633
610.952	0.07629
611.058	0.07625
611.164	0.07622
611.27	0.07618
611.375	0.07614
611.481	0.07611
611.587	0.07607
611.693	0.07603
611.798	0.07599
611.904	0.07595
612.01	0.07591
612.116	0.07586
612.221	0.07582
612.327	0.07578
612.433	0.07573
612.539	0.07568
612.644	0.07563
612.75	0.07558
612.856	0.07553
612.961	0.07548
613.067	0.07544
613.173	0.0754
613.278	0.07537
613.384	0.07535
613.49	0.07533
613.595	0.07531
613.701	0.0753
613.806	0.07528
613.912	0.07525
614.018	0.07521
614.123	0.07517
614.229	0.07512
614.334	0.07507
614.44	0.07501
614.545	0.07496
614.651	0.07492
614.757	0.07488
614.862	0.07485
614.968	0.07483
615.073	0.0748
615.179	0.07477
615.284	0.07474
615.39	0.07471
615.495	0.07467
615.601	0.07463
615.706	0.07459
615.812	0.07454
615.917	0.0745
616.022	0.07446
616.128	0.07442
616.233	0.07438
616.339	0.07435
616.444	0.07432
616.55	0.07429
616.655	0.07426
616.76	0.07424
616.866	0.07422
616.971	0.0742
617.076	0.0742
617.182	0.07419
617.287	0.07419
617.392	0.07419
617.498	0.07419
617.603	0.07418
617.708	0.07417
617.814	0.07415
617.919	0.07413
618.024	0.07411
618.13	0.07408
618.235	0.07405
618.34	0.07402
618.445	0.07398
618.551	0.07395
618.656	0.07391
618.761	0.07387
618.866	0.07384
618.972	0.07381
619.077	0.07377
619.182	0.07374
619.287	0.07372
619.392	0.07369
619.498	0.07367
619.603	0.07365
619.708	0.07363
619.813	0.07361
619.918	0.07359
620.023	0.07357
620.129	0.07355
620.234	0.07352
620.339	0.0735
620.444	0.07348
620.549	0.07347
620.654	0.07345
620.759	0.07345
620.864	0.07344
620.969	0.07343
621.074	0.07342
621.179	0.0734
621.284	0.07338
621.39	0.07336
621.495	0.07335
621.6	0.07333
621.705	0.07331
621.81	0.0733
621.915	0.07329
622.02	0.07328
622.125	0.07326
622.23	0.07324
622.335	0.07321
622.439	0.07317
622.544	0.07313
622.649	0.07308
622.754	0.07304
622.859	0.07301
622.964	0.07299
623.069	0.07299
623.174	0.073
623.279	0.07301
623.384	0.07303
623.489	0.07305
623.593	0.07307
623.698	0.07307
623.803	0.07307
623.908	0.07306
624.013	0.07304
624.118	0.07302
624.223	0.073
624.327	0.07298
624.432	0.07297
624.537	0.07297
624.642	0.07297
624.747	0.07297
624.851	0.07296
624.956	0.07296
625.061	0.07296
625.166	0.07296
625.27	0.07296
625.375	0.07296
625.48	0.07297
625.584	0.07298
625.689	0.07299
625.794	0.07301
625.899	0.07303
626.003	0.07305
626.108	0.07307
626.213	0.07309
626.317	0.0731
626.422	0.07311
626.527	0.07311
626.631	0.07311
626.736	0.07311
626.84	0.07311
626.945	0.07311
627.05	0.0731
627.154	0.07309
627.259	0.07308
627.363	0.07307
627.468	0.07305
627.573	0.07303
627.677	0.07301
627.782	0.07299
627.886	0.07296
627.991	0.07294
628.095	0.07292
628.2	0.07291
628.304	0.07291
628.409	0.07291
628.513	0.07293
628.618	0.07295
628.722	0.07298
628.827	0.073
628.931	0.07303
629.036	0.07305
629.14	0.07307
629.245	0.07308
629.349	0.0731
629.453	0.07311
629.558	0.07311
629.662	0.07312
629.767	0.07313
629.871	0.07314
629.975	0.07314
630.08	0.07315
630.184	0.07315
630.288	0.07314
630.393	0.07314
630.497	0.07313
630.602	0.07313
630.706	0.07313
630.81	0.07313
630.914	0.07313
631.019	0.07314
631.123	0.07315
631.227	0.07316
631.332	0.07317
631.436	0.07318
631.54	0.07319
631.644	0.0732
631.749	0.0732
631.853	0.07319
631.957	0.07318
632.061	0.07317
632.166	0.07315
632.27	0.07313
632.374	0.07311
632.478	0.07309
632.582	0.07307
632.686	0.07305
632.791	0.07303
632.895	0.07301
632.999	0.073
633.103	0.07299
633.207	0.07297
633.311	0.07295
633.415	0.07293
633.52	0.07291
633.624	0.07289
633.728	0.07287
633.832	0.07285
633.936	0.07284
634.04	0.07283
634.144	0.07283
634.248	0.07282
634.352	0.07281
634.456	0.07279
634.56	0.07277
634.664	0.07274
634.768	0.07271
634.872	0.07267
634.976	0.07263
635.08	0.07259
635.184	0.07255
635.288	0.07252
635.392	0.07249
635.496	0.07247
635.6	0.07245
635.704	0.07244
635.808	0.07242
635.912	0.07241
636.016	0.07239
636.12	0.07237
636.223	0.07235
636.327	0.07232
636.431	0.07228
636.535	0.07224
636.639	0.0722
636.743	0.07216
636.847	0.07211
636.95	0.07206
637.054	0.07201
637.158	0.07196
637.262	0.07191
637.366	0.07186
637.47	0.07181
637.573	0.07176
637.677	0.07171
637.781	0.07166
637.885	0.07162
637.988	0.07157
638.092	0.07152
638.196	0.07148
638.3	0.07144
638.403	0.07141
638.507	0.07137
638.611	0.07133
638.715	0.07128
638.818	0.07123
638.922	0.07118
639.026	0.07112
639.129	0.07107
639.233	0.07101
639.337	0.07096
639.44	0.07092
639.544	0.07087
639.647	0.07083
639.751	0.07079
639.855	0.07074
639.958	0.07069
640.062	0.07063
640.165	0.07056
640.269	0.0705
640.373	0.07043
640.476	0.07037
640.58	0.07031
640.683	0.07026
640.787	0.07021
640.89	0.07016
640.994	0.07012
641.097	0.07007
641.201	0.07001
641.304	0.06995
641.408	0.06989
641.511	0.06982
641.615	0.06975
641.718	0.06968
641.822	0.06961
641.925	0.06954
642.029	0.06948
642.132	0.06942
642.236	0.06936
642.339	0.0693
642.442	0.06925
642.546	0.0692
642.649	0.06915
642.753	0.0691
642.856	0.06905
642.959	0.069
643.063	0.06895
643.166	0.06889
643.269	0.06883
643.373	0.06877
643.476	0.0687
643.579	0.06862
643.683	0.06855
643.786	0.06848
643.889	0.06842
643.993	0.06835
644.096	0.06829
644.199	0.06824
644.302	0.06818
644.406	0.06812
644.509	0.06807
644.612	0.06801
644.715	0.06795
644.819	0.0679
644.922	0.06785
645.025	0.0678
645.128	0.06775
645.231	0.06771
645.334	0.06767
645.438	0.06763
645.541	0.06759
645.644	0.06755
645.747	0.06751
645.85	0.06747
645.953	0.06742
646.057	0.06738
646.16	0.06733
646.263	0.06728
646.366	0.06723
646.469	0.06718
646.572	0.06713
646.675	0.06707
646.778	0.06701
646.881	0.06695
646.984	0.06689
647.087	0.06683
647.19	0.06678
647.293	0.06673
647.396	0.06669
647.499	0.06665
647.602	0.06661
647.705	0.06658
647.808	0.06654
647.911	0.06649
648.014	0.06645
648.117	0.0664
648.22	0.06634
648.323	0.06629
648.426	0.06624
648.529	0.06619
648.632	0.06614
648.735	0.06611
648.838	0.06607
648.941	0.06604
649.044	0.06602
649.146	0.066
649.249	0.06598
649.352	0.06596
649.455	0.06594
649.558	0.06592
649.661	0.0659
649.764	0.06587
649.866	0.06583
649.969	0.06579
650.072	0.06574
650.175	0.0657
650.278	0.06565
650.38	0.06561
650.483	0.06558
650.586	0.06556
650.689	0.06555
650.791	0.06555
650.894	0.06555
650.997	0.06554
651.1	0.06554
651.202	0.06552
651.305	0.0655
651.408	0.06547
651.51	0.06544
651.613	0.06541
651.716	0.06538
651.818	0.06535
651.921	0.06532
652.024	0.06529
652.126	0.06526
652.229	0.06523
652.332	0.06521
652.434	0.06518
652.537	0.06515
652.639	0.06512
652.742	0.06509
652.845	0.06507
652.947	0.06505
653.05	0.06502
653.152	0.065
653.255	0.06498
653.357	0.06496
653.46	0.06494
653.562	0.06493
653.665	0.06493
653.767	0.06493
653.87	0.06494
653.972	0.06494
654.075	0.06493
654.177	0.06491
654.28	0.06489
654.382	0.06486
654.485	0.06482
654.587	0.06479
654.69	0.06477
654.792	0.06475
654.894	0.06474
654.997	0.06473
655.099	0.06472
655.202	0.0647
655.304	0.06468
655.406	0.06464
655.509	0.06461
655.611	0.06457
655.714	0.06455
655.816	0.06452
655.918	0.06451
656.021	0.0645
656.123	0.06447
656.225	0.06444
656.327	0.06438
656.43	0.06432
656.532	0.06426
656.634	0.06421
656.737	0.06421
656.839	0.06424
656.941	0.06431
657.043	0.06438
657.146	0.06443
657.248	0.06438
657.35	0.06417
657.452	0.06377
657.554	0.06313
657.657	0.06225
657.759	0.06116
657.861	0.05993
670.893	0.06907
671.134	0.06793
671.375	0.06691
671.616	0.06607
671.857	0.06545
672.098	0.06505
672.339	0.06485
672.58	0.06479
672.821	0.06484
673.062	0.06492
673.303	0.06501
673.544	0.06509
673.785	0.06514
674.026	0.06518
674.266	0.06522
674.507	0.06527
674.748	0.06535
674.989	0.06544
675.23	0.06555
675.471	0.06566
675.711	0.06576
675.952	0.06584
676.193	0.06589
676.434	0.06592
676.674	0.06593
676.915	0.06594
677.156	0.06595
677.397	0.06597
677.637	0.06601
677.878	0.06607
678.119	0.06613
678.359	0.0662
678.6	0.06626
678.84	0.06632
679.081	0.06638
679.322	0.06643
679.562	0.06649
679.803	0.06657
680.043	0.06666
680.284	0.06678
680.524	0.06692
680.765	0.06709
681.006	0.06728
681.246	0.06748
681.487	0.06769
681.727	0.0679
681.967	0.06811
682.208	0.06831
682.448	0.0685
682.689	0.06868
682.929	0.06885
683.17	0.06903
683.41	0.06922
683.65	0.06941
683.891	0.06963
684.131	0.06986
684.371	0.07011
684.612	0.07038
684.852	0.07067
685.092	0.07097
685.333	0.07128
685.573	0.0716
685.813	0.07191
686.053	0.07223
686.294	0.07254
686.534	0.07287
686.774	0.07321
687.014	0.07356
687.254	0.07394
687.495	0.07436
687.735	0.07481
687.975	0.07529
688.215	0.07581
688.455	0.07637
688.695	0.07695
688.935	0.07756
689.175	0.07819
689.415	0.07885
689.656	0.07952
689.896	0.08021
690.136	0.08093
690.376	0.08166
690.616	0.08242
690.856	0.08319
691.096	0.08399
691.336	0.08482
691.576	0.08567
691.816	0.08655
692.055	0.08747
692.295	0.08842
692.535	0.08942
692.775	0.09047
693.015	0.09156
693.255	0.09269
693.495	0.09385
693.735	0.09502
693.974	0.09621
694.214	0.0974
694.454	0.09859
694.694	0.09978
694.934	0.10097
695.173	0.10219
695.413	0.10343
695.653	0.10471
695.893	0.10603
696.132	0.10739
696.372	0.10879
696.612	0.11023
696.851	0.11169
697.091	0.11317
697.331	0.11466
697.57	0.11614
697.81	0.11763
698.05	0.11912
698.289	0.12061
698.529	0.12211
698.768	0.12363
699.008	0.12517
699.247	0.12675
699.487	0.12836
699.727	0.13001
699.966	0.13169
700.206	0.1334
700.445	0.13513
700.685	0.13687
700.924	0.13861
701.163	0.14035
701.403	0.14209
701.642	0.14383
701.882	0.14557
702.121	0.14733
702.361	0.14912
702.6	0.15094
702.839	0.1528
703.079	0.1547
703.318	0.15661
703.557	0.15853
703.797	0.16044
704.036	0.16231
704.275	0.16415
704.514	0.16594
704.754	0.1677
704.993	0.16945
705.232	0.17119
705.471	0.17297
705.711	0.17478
705.95	0.17665
706.189	0.17856
706.428	0.18051
706.667	0.18249
706.906	0.18447
707.146	0.18644
707.385	0.18837
707.624	0.19027
707.863	0.19214
708.102	0.19398
708.341	0.19583
708.58	0.19768
708.819	0.19957
709.058	0.2015
709.297	0.20347
709.536	0.20548
709.775	0.20753
710.014	0.20959
710.253	0.21165
710.492	0.2137
710.731	0.21574
710.97	0.21776
711.209	0.21977
711.448	0.22176
711.687	0.22377
711.926	0.22579
712.164	0.22783
712.403	0.22991
712.642	0.23202
712.881	0.23417
713.12	0.23634
713.359	0.23854
713.597	0.24074
713.836	0.24294
714.075	0.24513
714.314	0.24731
714.552	0.24948
714.791	0.25162
715.03	0.25375
715.268	0.25586
715.507	0.25796
715.746	0.26003
715.984	0.26208
716.223	0.2641
716.462	0.26609
716.7	0.26805
716.939	0.26998
717.178	0.2719
717.416	0.27382
717.655	0.27576
717.893	0.27774
718.132	0.27977
718.37	0.28187
718.609	0.28403
718.847	0.28625
719.086	0.2885
719.324	0.29076
719.563	0.29302
719.801	0.29526
720.04	0.29748
720.278	0.29966
720.517	0.30183
720.755	0.30399
720.993	0.30616
721.232	0.30834
721.47	0.31054
721.708	0.31275
721.947	0.31495
722.185	0.31713
722.423	0.31929
722.662	0.32143
722.9	0.32355
723.138	0.32567
723.377	0.32782
723.615	0.32999
723.853	0.3322
724.091	0.33443
724.329	0.33666
724.568	0.33885
724.806	0.34096
725.044	0.34297
725.282	0.34488
725.52	0.34669
725.758	0.34844
725.997	0.35019
726.235	0.35198
726.473	0.35387
726.711	0.35588
726.949	0.35801
727.187	0.36024
727.425	0.36251
727.663	0.36476
727.901	0.36694
728.139	0.36901
728.377	0.37094
728.615	0.37274
728.853	0.37444
729.091	0.37609
729.329	0.37772
729.567	0.37936
729.805	0.38103
730.043	0.38272
730.281	0.38441
730.518	0.38607
730.756	0.38768
730.994	0.38924
731.232	0.39075
731.47	0.39225
731.708	0.39376
731.945	0.39533
732.183	0.39698
732.421	0.39874
732.659	0.40058
732.896	0.40247
733.134	0.40437
733.372	0.40622
733.61	0.40798
733.847	0.40959
734.085	0.41107
734.323	0.41241
734.56	0.41367
734.798	0.41488
735.036	0.41611
735.273	0.4174
735.511	0.4188
735.748	0.42033
735.986	0.42196
736.224	0.42369
736.461	0.42545
736.699	0.4272
736.936	0.42889
737.174	0.43047
737.411	0.43192
737.649	0.43323
737.886	0.43441
738.124	0.43547
738.361	0.43645
738.598	0.43739
738.836	0.4383
739.073	0.43922
739.311	0.44015
739.548	0.44112
739.785	0.44211
740.023	0.44313
740.26	0.44417
740.497	0.44523
740.735	0.4463
740.972	0.44737
741.209	0.44843
741.447	0.44949
741.684	0.45051
741.921	0.45149
742.158	0.45243
742.396	0.45333
742.633	0.45418
742.87	0.45502
743.107	0.45585
743.344	0.4567
743.582	0.4576
743.819	0.45854
744.056	0.45952
744.293	0.46053
744.53	0.46154
744.767	0.46253
745.004	0.46347
745.241	0.46435
745.478	0.46516
745.715	0.46592
745.953	0.46664
746.19	0.46735
746.427	0.46808
746.664	0.46882
746.901	0.4696
747.137	0.47038
747.374	0.47115
747.611	0.47188
747.848	0.47255
748.085	0.47314
748.322	0.47366
748.559	0.47412
748.796	0.47456
749.033	0.47501
749.27	0.4755
749.506	0.47607
749.743	0.47672
749.98	0.47745
750.217	0.47823
750.454	0.47902
750.69	0.47979
750.927	0.4805
751.164	0.48112
751.401	0.48163
751.637	0.48205
751.874	0.48239
752.111	0.48269
752.347	0.48296
752.584	0.48325
752.821	0.48357
753.057	0.48393
753.294	0.48433
753.531	0.48475
753.767	0.48518
754.004	0.48559
754.24	0.48596
754.477	0.48628
754.714	0.48656
754.95	0.4868
755.187	0.48702
755.423	0.48726
755.66	0.48753
755.896	0.48786
756.133	0.48827
756.369	0.48875
756.606	0.48932
756.842	0.48993
757.078	0.49056
757.315	0.49118
757.551	0.49175
757.788	0.49223
758.024	0.49261
758.26	0.4929
758.497	0.49311
758.733	0.49329
758.969	0.49347
759.206	0.49371
759.442	0.49403
759.678	0.49444
759.914	0.49494
760.151	0.49548
760.387	0.49601
760.623	0.49646
760.859	0.49678
761.096	0.49695
761.332	0.49696
761.568	0.49687
761.804	0.49672
762.04	0.49661
762.276	0.49659
762.512	0.49672
762.749	0.49702
762.985	0.49747
763.221	0.498
763.457	0.49854
763.693	0.49901
763.929	0.49934
764.165	0.49949
764.401	0.49945
764.637	0.49926
764.873	0.49897
765.109	0.49865
765.345	0.49837
765.581	0.49819
765.817	0.49814
766.053	0.49825
766.289	0.4985
766.524	0.49889
766.76	0.4994
766.996	0.49999
767.232	0.50063
767.468	0.50129
767.704	0.50191
767.94	0.50246
768.175	0.50287
768.411	0.50311
768.647	0.50317
768.883	0.50303
769.118	0.50275
769.354	0.50237
769.59	0.50197
769.826	0.50165
770.061	0.50146
770.297	0.50144
770.533	0.5016
770.768	0.50191
771.004	0.50231
771.24	0.50273
771.475	0.50309
771.711	0.50336
771.946	0.50352
772.182	0.50358
772.418	0.50359
772.653	0.5036
772.889	0.50368
773.124	0.50385
773.36	0.50415
773.595	0.50454
773.831	0.50501
774.066	0.50551
774.302	0.50599
774.537	0.50642
774.773	0.50678
775.008	0.50705
775.243	0.50725
775.479	0.50737
775.714	0.50743
775.95	0.50743
776.185	0.50737
776.42	0.50725
776.656	0.50707
776.891	0.50684
777.126	0.50658
777.362	0.5063
777.597	0.50603
777.832	0.50579
778.067	0.50561
778.303	0.5055
778.538	0.50545
778.773	0.50547
779.008	0.50554
779.243	0.50567
779.479	0.50585
779.714	0.50609
779.949	0.50639
780.184	0.50677
780.419	0.50721
780.654	0.50771
780.889	0.50824
781.124	0.50876
781.36	0.50923
781.595	0.5096
781.83	0.50984
782.065	0.50993
782.3	0.50989
782.535	0.50975
782.77	0.50955
783.005	0.50935
783.24	0.50921
783.475	0.50917
783.709	0.50925
783.944	0.50944
784.179	0.50971
784.414	0.51001
784.649	0.51028
784.884	0.51048
785.119	0.51058
785.354	0.51056
785.588	0.51044
785.823	0.51026
786.058	0.51007
786.293	0.50992
786.528	0.50987
786.762	0.50993
786.997	0.51011
787.232	0.51038
787.467	0.51071
787.701	0.51105
787.936	0.51135
788.171	0.51159
788.405	0.51174
788.64	0.51182
788.875	0.51185
789.109	0.51186
789.344	0.51189
789.579	0.51194
789.813	0.51204
790.048	0.51217
790.282	0.51231
790.517	0.51244
790.751	0.51253
790.986	0.51257
791.22	0.51256
791.455	0.51252
791.689	0.51247
791.924	0.51245
792.158	0.51249
792.393	0.51261
792.627	0.51281
792.862	0.5131
793.096	0.51344
793.33	0.51381
793.565	0.51416
793.799	0.51447
794.034	0.51471
794.268	0.51487
794.502	0.51494
794.737	0.51493
794.971	0.51487
795.205	0.51475
795.439	0.51461
795.674	0.51446
795.908	0.51432
796.142	0.5142
796.376	0.51411
796.611	0.51407
796.845	0.51409
797.079	0.51417
797.313	0.51432
797.547	0.51453
797.781	0.51477
798.016	0.51504
798.25	0.51528
798.484	0.51549
798.718	0.51563
798.952	0.5157
799.186	0.5157
799.42	0.51568
799.654	0.51565
799.888	0.51566
800.122	0.51575
800.356	0.51593
800.59	0.5162
800.824	0.51652
801.058	0.51687
801.292	0.51717
801.526	0.51738
801.76	0.51746
801.994	0.5174
802.228	0.51721
802.461	0.51693
802.695	0.5166
802.929	0.51627
803.163	0.51601
803.397	0.51583
803.631	0.51574
803.864	0.51575
804.098	0.51585
804.332	0.51601
804.566	0.51624
804.799	0.51653
805.033	0.51691
805.267	0.51738
805.501	0.51793
805.734	0.51854
805.968	0.51915
806.202	0.51968
806.435	0.52003
806.669	0.52011
806.903	0.51984
807.136	0.5192
807.37	0.51823
807.603	0.51699
807.837	0.51564
808.07	0.51433
808.304	0.51321
808.538	0.51243
808.771	0.51204
808.89	0.51199
809.124	0.5124
809.358	0.5131
809.592	0.51397
809.826	0.51488
810.06	0.51573
810.294	0.51646
810.529	0.51704
810.763	0.51748
810.997	0.51781
811.231	0.51807
811.465	0.5183
811.699	0.51851
811.933	0.5187
812.167	0.51886
812.401	0.51896
812.635	0.51897
812.869	0.51888
813.102	0.51872
813.336	0.5185
813.57	0.51828
813.804	0.51811
814.038	0.51805
814.272	0.51812
814.506	0.51836
814.74	0.51873
814.973	0.51922
815.207	0.51975
815.441	0.52029
815.675	0.52076
815.909	0.52112
816.142	0.52136
816.376	0.52148
816.61	0.52148
816.843	0.5214
817.077	0.52129
817.311	0.52117
817.545	0.52107
817.778	0.52101
818.012	0.52099
818.245	0.52099
818.479	0.521
818.713	0.52098
818.946	0.52093
819.18	0.52082
819.413	0.52067
819.647	0.52048
819.881	0.52028
820.114	0.52009
820.348	0.51996
820.581	0.51989
820.815	0.51993
821.048	0.52006
821.281	0.52028
821.515	0.52055
821.748	0.52086
821.982	0.52114
822.215	0.52137
822.449	0.5215
822.682	0.52153
822.915	0.52145
823.149	0.5213
823.382	0.52111
823.615	0.52093
823.849	0.52081
824.082	0.52079
824.315	0.5209
824.548	0.52112
824.782	0.52144
825.015	0.52182
825.248	0.5222
825.481	0.52254
825.715	0.52281
825.948	0.52298
826.181	0.52306
826.414	0.52308
826.647	0.52308
826.88	0.52308
827.114	0.52313
827.347	0.52323
827.58	0.52337
827.813	0.52352
828.046	0.52364
828.279	0.52369
828.512	0.52364
828.745	0.52347
828.978	0.52319
829.211	0.52284
829.444	0.52246
829.677	0.52211
829.91	0.52185
830.143	0.52173
830.376	0.52177
830.609	0.52197
830.842	0.52231
831.075	0.52275
831.307	0.52324
831.54	0.52373
831.773	0.52417
832.006	0.52452
832.239	0.52477
832.472	0.52492
832.704	0.52498
832.937	0.52496
833.17	0.5249
833.403	0.52482
833.635	0.52474
833.868	0.52469
834.101	0.52468
834.334	0.52471
834.566	0.52478
834.799	0.52489
835.032	0.52504
835.264	0.52521
835.497	0.5254
835.729	0.52561
835.962	0.52583
836.195	0.52607
836.427	0.5263
836.66	0.52652
836.892	0.52672
837.125	0.52688
837.357	0.52698
837.59	0.52701
837.822	0.52696
838.055	0.52684
838.287	0.52665
838.52	0.52644
838.752	0.52621
838.985	0.526
839.217	0.52583
839.45	0.52571
839.682	0.52565
839.914	0.52564
840.147	0.52564
840.379	0.52564
840.611	0.52562
840.844	0.52558
841.076	0.52553
841.308	0.52548
841.541	0.52547
841.773	0.52552
842.005	0.52567
842.237	0.52592
842.469	0.52626
842.702	0.52667
842.934	0.52713
843.166	0.52759
843.398	0.52803
843.63	0.52844
843.863	0.52881
844.095	0.52915
844.327	0.52947
844.559	0.52978
844.791	0.53008
845.023	0.53033
845.255	0.53051
845.487	0.53056
845.719	0.53045
845.951	0.53016
846.183	0.52969
846.415	0.5291
846.647	0.52846
846.879	0.52785
847.111	0.52739
847.343	0.52714
847.575	0.52715
847.807	0.52744
848.039	0.52796
848.271	0.52864
848.503	0.52938
848.734	0.53011
848.966	0.53075
849.198	0.53126
849.43	0.53164
849.662	0.5319
849.893	0.53208
850.125	0.53221
850.357	0.53233
850.589	0.53242
850.82	0.53247
851.052	0.53244
851.284	0.53229
851.516	0.53201
851.747	0.53159
851.979	0.53106
852.211	0.53048
852.442	0.52993
852.674	0.52948
852.905	0.52919
853.137	0.5291
853.369	0.52922
853.6	0.52951
853.832	0.52991
854.063	0.53036
854.295	0.53079
854.526	0.53114
854.758	0.5314
854.989	0.53158
855.221	0.5317
855.452	0.53182
855.684	0.532
855.915	0.53227
856.147	0.53266
856.378	0.53317
856.609	0.53378
856.841	0.53444
857.072	0.53508
857.303	0.53563
857.535	0.53605
857.766	0.53626
857.997	0.53627
858.229	0.53605
858.46	0.53564
858.691	0.53508
858.923	0.53441
859.154	0.5337
859.385	0.53299
859.616	0.53235
859.847	0.53181
860.079	0.5314
860.31	0.53114
860.541	0.53103
860.772	0.53107
861.003	0.53125
861.234	0.53155
861.465	0.53194
861.696	0.53239
861.928	0.53286
862.159	0.53332
862.39	0.53373
862.621	0.53406
862.852	0.53431
863.083	0.53446
863.314	0.53452
863.545	0.53452
863.776	0.53447
864.007	0.5344
864.238	0.53432
864.468	0.53425
864.699	0.53418
864.93	0.53411
865.161	0.53402
865.392	0.53392
865.623	0.53381
865.854	0.53369
866.085	0.53361
866.315	0.53358
866.546	0.53364
866.777	0.53382
867.008	0.53412
867.238	0.53453
867.469	0.53502
867.7	0.53555
867.931	0.53606
868.161	0.5365
868.392	0.53684
868.623	0.53705
868.853	0.53712
869.084	0.53709
869.315	0.53699
869.545	0.53684
869.776	0.5367
870.006	0.53658
870.237	0.5365
870.468	0.53644
870.698	0.5364
870.929	0.53636
871.159	0.53629
871.39	0.53618
871.62	0.53605
871.851	0.53591
872.081	0.53579
872.312	0.53572
872.542	0.53573
872.773	0.53584
873.003	0.53607
873.233	0.53639
873.464	0.5368
873.694	0.53724
873.924	0.53768
874.155	0.53807
874.385	0.53837
874.615	0.53857
874.846	0.53864
875.076	0.5386
875.306	0.53847
875.537	0.53827
875.767	0.53805
875.997	0.53783
876.227	0.53764
876.457	0.53751
876.688	0.53745
876.918	0.53744
877.148	0.53747
877.378	0.53751
877.608	0.53753
877.838	0.53752
878.068	0.53746
878.299	0.53735
878.529	0.53724
878.759	0.53715
878.989	0.53714
879.219	0.53725
879.449	0.53751
879.679	0.53792
879.909	0.53846
880.139	0.53907
880.369	0.53969
880.599	0.54025
880.829	0.54068
881.059	0.54094
881.289	0.54102
881.518	0.54097
881.748	0.54083
881.978	0.54067
882.208	0.54058
882.438	0.54059
882.668	0.54071
882.898	0.54092
883.127	0.54117
883.357	0.54136
883.587	0.54144
883.817	0.54133
884.046	0.541
884.276	0.54047
884.506	0.53978
884.736	0.53899
884.965	0.5382
885.195	0.53749
885.425	0.53692
885.654	0.53655
885.884	0.5364
886.114	0.53646
886.343	0.53673
886.573	0.53719
886.802	0.53779
887.032	0.53849
887.261	0.53925
887.491	0.54001
887.721	0.54071
887.95	0.54129
888.18	0.54169
888.409	0.54189
888.638	0.54189
888.868	0.5417
889.097	0.54138
889.327	0.54101
889.556	0.54066
889.786	0.54039
890.015	0.54023
890.244	0.5402
890.474	0.54025
890.703	0.54033
890.932	0.54036
891.162	0.54029
891.391	0.54009
891.62	0.53976
891.85	0.53933
892.079	0.53888
892.308	0.53847
892.537	0.53818
892.767	0.53806
892.996	0.53814
893.225	0.5384
893.454	0.53882
893.683	0.53934
893.912	0.53991
894.142	0.5405
894.371	0.54107
894.6	0.5416
894.829	0.54208
895.058	0.54251
895.287	0.54288
895.516	0.54316
895.745	0.54334
895.974	0.54341
896.203	0.54333
896.432	0.54312
896.661	0.54278
896.89	0.54234
897.119	0.54182
897.348	0.54127
897.577	0.54072
897.806	0.54019
898.035	0.5397
898.264	0.53927
898.493	0.53889
898.721	0.53857
898.95	0.53833
899.179	0.53818
899.408	0.53816
899.637	0.53827
899.865	0.53854
900.094	0.53896
900.323	0.53951
900.552	0.54015
900.78	0.54081
901.009	0.54144
901.238	0.54199
901.467	0.54241
901.695	0.54271
901.924	0.54287
902.153	0.54295
902.381	0.54298
902.61	0.543
902.838	0.54304
903.067	0.54313
903.296	0.54324
903.524	0.54336
903.753	0.54343
903.981	0.5434
904.21	0.54324
904.438	0.54292
904.667	0.54246
904.895	0.54188
905.124	0.54126
905.352	0.54065
905.581	0.54013
905.809	0.53976
906.037	0.53957
906.266	0.53957
906.494	0.53975
906.723	0.54005
906.951	0.54044
907.179	0.54085
907.408	0.54124
907.636	0.5416
907.864	0.54191
908.093	0.54219
908.321	0.54245
908.549	0.54271
908.777	0.54298
909.005	0.54325
909.234	0.5435
909.462	0.5437
909.69	0.54382
909.918	0.54384
910.146	0.54373
910.375	0.54351
910.603	0.5432
910.831	0.54284
911.059	0.54248
911.287	0.54218
911.515	0.54195
911.743	0.54183
911.971	0.54181
912.199	0.54189
912.427	0.54204
912.655	0.54223
912.883	0.54245
913.111	0.54265
913.339	0.54285
913.567	0.54301
913.795	0.54315
914.023	0.54325
914.251	0.54333
914.479	0.54337
914.707	0.54338
914.934	0.54336
915.162	0.54331
915.39	0.54326
915.618	0.54322
915.846	0.5432
916.074	0.54322
916.301	0.54328
916.529	0.54338
916.757	0.54349
916.985	0.54359
917.212	0.54364
917.44	0.54363
917.668	0.54354
917.895	0.54337
918.123	0.54315
918.351	0.5429
918.578	0.54267
918.806	0.54252
919.034	0.54247
919.261	0.54254
919.489	0.54273
919.716	0.54301
919.944	0.54335
920.171	0.54369
920.399	0.54398
920.627	0.54419
920.854	0.5443
921.081	0.5443
921.309	0.54421
921.536	0.54407
921.764	0.54391
921.991	0.54375
922.219	0.54363
922.446	0.54355
922.673	0.54352
922.901	0.54354
923.128	0.5436
923.356	0.54369
923.583	0.54381
923.81	0.54396
924.037	0.54412
924.265	0.54429
924.492	0.54445
924.719	0.54457
924.947	0.54464
925.174	0.54464
925.401	0.54455
925.628	0.5444
925.855	0.54422
926.083	0.54403
926.31	0.54389
926.537	0.54384
926.764	0.54389
926.991	0.54404
927.218	0.54425
927.445	0.54448
927.672	0.54466
927.899	0.54473
928.127	0.54465
928.354	0.54442
928.581	0.54406
928.808	0.54362
929.035	0.54317
929.262	0.54279
929.488	0.54251
929.715	0.54237
929.942	0.54236
930.169	0.54242
930.396	0.5425
930.623	0.54254
930.85	0.54248
931.077	0.54231
931.304	0.54204
931.531	0.5417
931.757	0.54135
931.984	0.54106
932.211	0.54089
932.438	0.54086
932.664	0.54099
932.891	0.54124
933.118	0.54157
933.345	0.54192
933.571	0.54224
933.798	0.5425
934.025	0.54265
934.251	0.54272
934.478	0.5427
934.705	0.54264
934.931	0.54255
935.158	0.54247
935.385	0.54242
935.611	0.5424
935.838	0.54241
936.064	0.54242
936.291	0.54242
936.517	0.54239
936.744	0.54231
936.97	0.54217
937.197	0.54198
937.423	0.54175
937.65	0.54151
937.876	0.54129
938.103	0.54111
938.329	0.541
938.555	0.54095
938.782	0.54098
939.008	0.54104
939.235	0.5411
939.461	0.54114
939.687	0.54112
939.914	0.54102
940.14	0.54086
940.366	0.54065
940.592	0.54044
940.819	0.54028
941.045	0.54021
941.271	0.54026
941.497	0.54042
941.724	0.54067
941.95	0.54095
942.176	0.54119
942.402	0.54132
942.628	0.54129
942.854	0.54109
943.08	0.54073
943.307	0.54025
943.533	0.53971
943.759	0.53918
943.985	0.53872
944.211	0.53837
944.437	0.53813
944.663	0.53797
944.889	0.53785
945.115	0.53772
945.341	0.53753
945.567	0.53726
945.793	0.5369
946.019	0.53647
946.245	0.53602
946.47	0.5356
946.696	0.53526
946.922	0.53504
947.148	0.53495
947.374	0.535
947.6	0.53514
947.826	0.53535
948.051	0.53559
948.277	0.53581
948.503	0.53598
948.729	0.5361
948.954	0.53616
949.18	0.53618
949.406	0.53615
949.632	0.53611
949.857	0.53604
950.083	0.53597
950.309	0.53587
950.534	0.53574
950.76	0.53557
950.985	0.53534
951.211	0.53505
951.437	0.53471
951.662	0.53434
951.888	0.53396
952.113	0.5336
952.339	0.5333
952.564	0.53305
952.79	0.53289
953.015	0.53279
953.241	0.53273
953.466	0.53269
953.692	0.53263
953.917	0.53252
954.143	0.53235
954.368	0.53211
954.593	0.53183
954.819	0.53152
955.044	0.53124
955.27	0.53099
955.495	0.5308
955.72	0.53067
955.946	0.53059
956.171	0.53052
956.396	0.53043
956.621	0.5303
956.847	0.53009
957.072	0.5298
957.297	0.52946
957.522	0.52909
957.747	0.52873
957.973	0.52842
958.198	0.5282
958.423	0.52809
958.648	0.52808
958.873	0.52818
959.098	0.52834
959.323	0.52855
959.549	0.52875
959.774	0.52891
959.999	0.52901
960.224	0.52901
960.449	0.5289
960.674	0.52869
960.899	0.52838
961.124	0.52799
961.349	0.52756
961.574	0.52712
961.799	0.52672
962.023	0.5264
962.248	0.52619
962.473	0.52613
962.698	0.5262
962.923	0.5264
963.148	0.52668
963.373	0.52699
963.597	0.52729
963.822	0.52753
964.047	0.52767
964.272	0.52772
964.497	0.52766
964.721	0.52751
964.946	0.52731
965.171	0.52708
965.396	0.52684
965.62	0.5266
965.845	0.52637
966.07	0.52616
966.294	0.52595
966.519	0.52577
966.744	0.5256
966.968	0.52547
967.193	0.52538
967.417	0.52533
967.642	0.52534
967.866	0.52537
968.091	0.52542
968.316	0.52547
968.54	0.52548
968.765	0.52545
968.989	0.52538
969.213	0.52529
969.438	0.5252
969.662	0.52516
969.887	0.5252
970.111	0.52534
970.336	0.52561
970.56	0.52597
970.784	0.52641
971.009	0.52687
971.233	0.52729
971.457	0.52761
971.682	0.5278
971.906	0.52782
972.13	0.52767
972.355	0.52736
972.579	0.52693
972.803	0.52642
973.027	0.5259
973.251	0.52541
973.476	0.52498
973.7	0.52465
973.924	0.52441
974.148	0.52426
974.372	0.52419
974.596	0.52417
974.821	0.52418
975.045	0.5242
975.269	0.52422
975.493	0.52425
975.717	0.52427
975.941	0.5243
976.165	0.52434
976.389	0.52439
976.613	0.52443
976.837	0.52444
977.061	0.5244
977.285	0.52432
977.509	0.52418
977.733	0.524
977.957	0.52381
978.18	0.52364
978.404	0.52352
978.628	0.52348
978.852	0.52351
979.076	0.52362
979.3	0.52376
979.524	0.52389
979.747	0.52399
979.971	0.52402
980.195	0.52398
980.419	0.52392
980.642	0.52386
980.866	0.52387
981.09	0.524
981.314	0.52428
981.537	0.52472
981.761	0.52528
981.985	0.52591
982.208	0.52654
982.432	0.52711
982.655	0.52756
982.879	0.52788
983.103	0.52807
983.326	0.52816
983.55	0.5282
983.773	0.52821
983.997	0.52823
984.22	0.52823
984.444	0.5282
984.667	0.52812
984.891	0.52794
985.114	0.52768
985.338	0.52734
985.561	0.52699
985.785	0.52668
986.008	0.5265
986.231	0.52647
986.455	0.52663
986.678	0.52694
986.901	0.52734
987.125	0.52775
987.348	0.52808
987.571	0.52826
987.795	0.52826
988.018	0.52811
988.241	0.52784
988.464	0.52755
988.688	0.52732
988.911	0.52721
989.134	0.52725
989.357	0.52744
989.58	0.52774
989.803	0.52809
990.027	0.52842
990.25	0.52867
990.473	0.52881
990.696	0.52885
990.919	0.5288
991.142	0.52871
991.365	0.52861
991.588	0.52855
991.811	0.52854
992.034	0.5286
992.257	0.52874
992.48	0.52894
992.703	0.52923
992.926	0.5296
993.149	0.53005
993.372	0.5306
993.595	0.53122
993.818	0.53188
994.041	0.53253
994.264	0.53309
994.486	0.53351
994.709	0.53372
994.932	0.5337
995.155	0.53344
995.378	0.53297
995.6	0.53236
995.823	0.53169
996.046	0.53104
996.269	0.5305
996.491	0.5301
996.714	0.52988
996.937	0.52983
997.16	0.52992
997.382	0.53013
997.605	0.53041
997.828	0.53071
998.05	0.53101
998.273	0.53127
998.495	0.53149
998.718	0.53164
998.941	0.53174
999.163	0.53178
999.386	0.5318
999.608	0.5318
999.831	0.53183
1000.05	0.5319
1000.28	0.53205
1000.5	0.53225
1000.72	0.53251
1000.94	0.53279
1001.17	0.53304
1001.39	0.53322
1001.61	0.53329
1001.83	0.53324
1002.05	0.53307
1002.28	0.53285
1002.5	0.53261
1002.72	0.53243
1002.94	0.53237
1003.17	0.53248
1003.39	0.53275
1003.61	0.53317
1003.83	0.53366
1004.06	0.53418
1004.28	0.53461
1004.5	0.53492
1004.72	0.53506
1004.94	0.53502
1005.17	0.53484
1005.39	0.53454
