400.605	0.01818
400.722	0.01813
400.84	0.01815
400.958	0.01814
401.075	0.01825
401.193	0.01821
401.311	0.01824
401.429	0.01826
401.546	0.01834
401.664	0.01835
401.782	0.01841
401.899	0.01845
402.017	0.01842
402.135	0.01841
402.252	0.01852
402.37	0.01851
402.488	0.01868
402.605	0.01855
402.723	0.01864
402.841	0.01869
402.958	0.01877
403.076	0.01882
403.194	0.01881
403.311	0.01899
403.429	0.01894
403.546	0.01896
403.664	0.01901
403.782	0.019
403.899	0.01908
404.017	0.01912
404.134	0.01924
404.252	0.01926
404.369	0.01925
404.487	0.01925
404.604	0.01932
404.722	0.01941
404.839	0.01948
404.957	0.01952
405.074	0.01963
405.192	0.01968
405.309	0.01967
405.427	0.01978
405.544	0.01982
405.662	0.01978
405.779	0.01987
405.897	0.01995
406.014	0.01998
406.132	0.01998
406.249	0.01995
406.367	0.02005
406.484	0.02006
406.601	0.02008
406.719	0.02014
406.836	0.02021
406.954	0.02026
407.071	0.02029
407.188	0.02032
407.306	0.02039
407.423	0.02042
407.541	0.0205
407.658	0.02051
407.775	0.02054
407.893	0.02063
408.01	0.02064
408.127	0.02065
408.245	0.02074
408.362	0.0208
408.479	0.02083
408.597	0.02101
408.714	0.02102
408.831	0.02107
408.949	0.02107
409.066	0.02113
409.183	0.02125
409.3	0.02141
409.418	0.02133
409.535	0.02142
409.652	0.02149
409.769	0.02152
409.887	0.02169
410.004	0.02165
410.121	0.02189
410.238	0.02192
410.355	0.02196
410.473	0.02202
410.59	0.02206
410.707	0.02215
410.824	0.02231
410.941	0.02238
411.059	0.02241
411.176	0.02249
411.293	0.02253
411.41	0.02265
411.527	0.02273
411.644	0.02284
411.761	0.02293
411.879	0.02301
411.996	0.02304
412.113	0.02311
412.23	0.02328
412.347	0.02328
412.464	0.02334
412.581	0.02344
412.698	0.02353
412.815	0.02356
412.932	0.02372
413.049	0.02375
413.166	0.0237
413.284	0.02388
413.401	0.02396
413.518	0.024
413.635	0.02406
413.752	0.02404
413.869	0.02427
413.986	0.02425
414.103	0.02434
414.22	0.02444
414.337	0.02437
414.454	0.02446
414.571	0.02445
414.688	0.02447
414.804	0.02452
414.921	0.02462
415.038	0.02465
415.155	0.02462
415.272	0.02474
415.389	0.02478
415.506	0.02475
415.623	0.02483
415.74	0.02486
415.857	0.02478
415.974	0.02486
416.091	0.0248
416.207	0.02485
416.324	0.0249
416.441	0.02499
416.558	0.02494
416.675	0.0249
416.792	0.02493
416.908	0.02493
417.025	0.02488
417.142	0.02496
417.259	0.02492
417.376	0.02496
417.493	0.02489
417.609	0.02495
417.726	0.02493
417.843	0.02492
417.96	0.02495
418.076	0.02496
418.193	0.02496
418.31	0.02496
418.427	0.02493
418.543	0.02491
418.66	0.02492
418.777	0.02491
418.894	0.02492
419.01	0.02493
419.127	0.02492
419.244	0.02489
419.36	0.02495
419.477	0.02497
419.594	0.02497
419.71	0.02499
419.827	0.025
419.944	0.02506
420.06	0.02507
420.177	0.02507
420.294	0.02504
420.41	0.02511
420.527	0.02508
420.644	0.02514
420.76	0.02521
420.877	0.02518
420.993	0.02522
421.139	0.02367
421.256	0.02368
421.373	0.02369
421.489	0.02372
421.606	0.02378
421.723	0.02376
421.839	0.0238
421.956	0.02381
422.073	0.02393
422.189	0.02392
422.306	0.02402
422.423	0.02402
422.539	0.02406
422.656	0.02405
422.772	0.02413
422.889	0.02417
423.006	0.02423
423.122	0.02426
423.239	0.02431
423.355	0.02434
423.472	0.02436
423.589	0.02439
423.705	0.0245
423.822	0.02452
423.938	0.02454
424.055	0.02463
424.171	0.02461
424.288	0.02471
424.404	0.02467
424.521	0.02473
424.637	0.02477
424.754	0.02481
424.87	0.02487
424.987	0.02494
425.103	0.02507
425.22	0.02505
425.336	0.02513
425.453	0.02517
425.569	0.02523
425.686	0.02525
425.802	0.02527
425.919	0.02529
426.035	0.02538
426.152	0.02546
426.268	0.02542
426.384	0.02546
426.501	0.02552
426.617	0.02556
426.734	0.02552
426.85	0.02557
426.966	0.0255
427.083	0.02561
427.199	0.02556
427.315	0.02556
427.432	0.02555
427.548	0.02554
427.664	0.02552
427.781	0.0256
427.897	0.02564
428.013	0.02552
428.13	0.02556
428.246	0.02556
428.362	0.02557
428.479	0.02556
428.595	0.02558
428.711	0.02555
428.827	0.02558
428.944	0.02561
429.06	0.02559
429.176	0.02565
429.293	0.02562
429.409	0.02561
429.525	0.02568
429.641	0.02574
429.757	0.02573
429.874	0.02567
429.99	0.02569
430.106	0.02572
430.222	0.0258
430.338	0.02576
430.455	0.02586
430.571	0.02584
430.687	0.02586
430.803	0.02588
430.919	0.02589
431.035	0.026
431.151	0.02592
431.268	0.02595
431.384	0.02598
431.5	0.02605
431.616	0.02604
431.732	0.02603
431.848	0.02616
431.964	0.02613
432.08	0.02617
432.196	0.02622
432.312	0.02623
432.429	0.02628
432.545	0.02631
432.661	0.02632
432.777	0.02638
432.893	0.0264
433.009	0.02641
433.125	0.02641
433.241	0.02652
433.357	0.0265
433.473	0.02653
433.589	0.02658
433.705	0.02662
433.821	0.02664
433.937	0.02669
434.053	0.02666
434.169	0.02683
434.285	0.02683
434.4	0.02682
434.516	0.02683
434.632	0.02696
434.748	0.02689
434.864	0.02696
434.98	0.02702
435.096	0.027
435.212	0.02703
435.328	0.02711
435.444	0.02716
435.56	0.02722
435.675	0.02724
435.791	0.02724
435.907	0.02731
436.023	0.02728
436.139	0.02737
436.255	0.02741
436.37	0.02745
436.486	0.0275
436.602	0.02755
436.718	0.02755
436.834	0.0276
436.95	0.02764
437.065	0.02773
437.181	0.02772
437.297	0.02772
437.413	0.02776
437.528	0.0278
437.644	0.02781
437.76	0.02785
437.876	0.02788
437.991	0.02798
438.107	0.02793
438.223	0.02803
438.338	0.02803
438.454	0.02814
438.57	0.02812
438.686	0.02814
438.801	0.02815
438.917	0.02822
439.033	0.02817
439.148	0.02822
439.264	0.02832
439.38	0.02832
439.495	0.02833
439.611	0.02835
439.726	0.02846
439.842	0.02838
439.958	0.0285
440.073	0.02848
440.189	0.02853
440.305	0.02852
440.42	0.0285
440.536	0.02864
440.651	0.02863
440.767	0.0287
440.882	0.02869
440.998	0.02873
441.114	0.02875
441.229	0.02873
441.345	0.0288
441.46	0.02878
441.576	0.02882
441.691	0.02883
441.807	0.02889
441.922	0.02892
442.038	0.02891
442.153	0.02891
442.269	0.02902
442.384	0.02904
442.5	0.02907
442.615	0.02904
442.73	0.02908
442.846	0.02905
442.961	0.02912
443.077	0.02915
443.192	0.02908
443.308	0.02916
443.423	0.0292
443.538	0.02925
443.654	0.02921
443.769	0.02926
443.885	0.02928
444	0.02935
444.115	0.02929
444.231	0.02927
444.346	0.0294
444.461	0.02942
444.577	0.02941
444.692	0.02948
444.807	0.0295
444.923	0.02948
445.038	0.02955
445.153	0.02959
445.269	0.02959
445.384	0.0296
445.499	0.02962
445.614	0.02964
445.73	0.02961
445.845	0.02966
445.96	0.02964
446.075	0.02968
446.191	0.02968
446.306	0.02977
446.421	0.02978
446.536	0.02977
446.652	0.02974
446.767	0.02979
446.882	0.02984
446.997	0.02984
447.112	0.02988
447.228	0.02986
447.343	0.02992
447.458	0.02992
447.573	0.02991
447.688	0.03
447.803	0.02998
447.919	0.02999
448.034	0.03001
448.149	0.02998
448.264	0.03004
448.379	0.03002
448.494	0.03006
448.609	0.03009
448.724	0.03016
448.839	0.03009
448.954	0.03015
449.07	0.03008
449.185	0.03014
449.3	0.03021
449.415	0.03017
449.53	0.0302
449.645	0.03018
449.76	0.03024
449.875	0.0302
449.99	0.03028
450.105	0.03028
450.22	0.03027
450.335	0.03029
450.45	0.03027
450.565	0.0303
450.68	0.03027
450.795	0.03036
450.91	0.03032
451.025	0.03034
451.14	0.03031
451.255	0.03034
451.369	0.03033
451.484	0.03035
451.599	0.03037
451.714	0.0304
451.829	0.0304
451.944	0.03045
452.059	0.03041
452.174	0.03041
452.289	0.03045
452.404	0.03043
452.518	0.03039
452.633	0.03042
452.748	0.03046
452.863	0.03044
452.978	0.03048
453.093	0.03039
453.207	0.0304
453.322	0.03042
453.437	0.03051
453.552	0.03043
453.667	0.03049
453.781	0.0305
453.896	0.03052
454.011	0.03044
454.126	0.03043
454.24	0.03042
454.355	0.03048
454.47	0.03046
454.585	0.03044
454.699	0.03044
454.814	0.03046
454.929	0.03048
455.044	0.03049
455.158	0.03048
455.273	0.03041
455.388	0.03047
455.502	0.03053
455.617	0.03047
455.732	0.03056
455.846	0.03051
455.961	0.03045
456.076	0.03049
456.19	0.03049
456.305	0.03045
456.42	0.03046
456.534	0.03055
456.649	0.03044
456.763	0.03044
456.878	0.03041
456.993	0.03043
457.13	0.02976
457.245	0.02975
457.36	0.02973
457.475	0.02973
457.589	0.02978
457.704	0.02981
457.819	0.02974
457.934	0.02978
458.049	0.02974
458.163	0.02971
458.278	0.02971
458.393	0.02974
458.508	0.02967
458.622	0.02972
458.737	0.02968
458.852	0.02967
458.966	0.02964
459.081	0.02967
459.196	0.02965
459.311	0.02966
459.425	0.02967
459.54	0.02971
459.655	0.02963
459.769	0.0296
459.884	0.02961
459.999	0.02963
460.113	0.02965
460.228	0.02959
460.343	0.02965
460.457	0.0296
460.572	0.0296
460.686	0.0296
460.801	0.02962
460.916	0.02966
461.03	0.02959
461.145	0.02965
461.259	0.02955
461.374	0.02959
461.488	0.02963
461.603	0.02966
461.718	0.02958
461.832	0.02963
461.947	0.02957
462.061	0.02969
462.176	0.02967
462.29	0.02965
462.405	0.02963
462.519	0.02961
462.634	0.02959
462.748	0.02958
462.863	0.02955
462.977	0.02957
463.092	0.02962
463.206	0.02963
463.321	0.02963
463.435	0.02958
463.549	0.0295
463.664	0.02951
463.778	0.02958
463.893	0.02956
464.007	0.02955
464.121	0.02955
464.236	0.02956
464.35	0.02955
464.465	0.02951
464.579	0.02946
464.693	0.02951
464.808	0.02953
464.922	0.0295
465.036	0.02949
465.151	0.02953
465.265	0.02951
465.379	0.02948
465.494	0.02951
465.608	0.02948
465.722	0.02944
465.837	0.02945
465.951	0.02955
466.065	0.02942
466.18	0.02947
466.294	0.02948
466.408	0.02952
466.522	0.02943
466.637	0.02949
466.751	0.02949
466.865	0.02946
466.979	0.02945
467.094	0.02944
467.208	0.02949
467.322	0.02943
467.436	0.0294
467.55	0.02943
467.664	0.02939
467.779	0.02943
467.893	0.02933
468.007	0.02945
468.121	0.02948
468.235	0.02941
468.349	0.02941
468.464	0.02939
468.578	0.02941
468.692	0.02942
468.806	0.02943
468.92	0.02941
469.034	0.02943
469.148	0.02936
469.262	0.02936
469.376	0.02933
469.491	0.02943
469.605	0.02943
469.719	0.02938
469.833	0.02935
469.947	0.0294
470.061	0.0294
470.175	0.02943
470.289	0.02939
470.403	0.02939
470.517	0.0294
470.631	0.02933
470.745	0.02937
470.859	0.0294
470.973	0.02942
471.087	0.0294
471.201	0.02938
471.315	0.02939
471.429	0.02935
471.543	0.02941
471.657	0.02942
471.77	0.02943
471.884	0.02939
471.998	0.02933
472.112	0.02937
472.226	0.02934
472.34	0.02938
472.454	0.02938
472.568	0.02936
472.682	0.02941
472.796	0.02937
472.909	0.0294
473.023	0.02938
473.137	0.02943
473.251	0.02942
473.365	0.02943
473.479	0.02941
473.592	0.02942
473.706	0.02943
473.82	0.0294
473.934	0.02937
474.048	0.02941
474.161	0.02941
474.275	0.02946
474.389	0.02948
474.503	0.02945
474.616	0.02942
474.73	0.02944
474.844	0.02945
474.958	0.02943
475.071	0.02945
475.185	0.02947
475.299	0.0294
475.413	0.02948
475.526	0.02948
475.64	0.02952
475.754	0.02945
475.867	0.0295
475.981	0.02947
476.095	0.02949
476.208	0.02948
476.322	0.02947
476.436	0.02951
476.549	0.02946
476.663	0.02947
476.776	0.02953
476.89	0.0295
477.004	0.02954
477.117	0.02951
477.231	0.02956
477.344	0.02955
477.458	0.02952
477.572	0.02953
477.685	0.02952
477.799	0.02961
477.912	0.02957
478.026	0.02957
478.139	0.02958
478.253	0.02958
478.366	0.02955
478.48	0.02958
478.593	0.02963
478.707	0.02958
478.82	0.02966
478.934	0.02963
479.047	0.02959
479.161	0.02957
479.274	0.02959
479.388	0.02958
479.501	0.02961
479.615	0.02966
479.728	0.02964
479.841	0.02961
479.955	0.02964
480.068	0.02961
480.182	0.02962
480.295	0.02963
480.409	0.02963
480.522	0.02969
480.635	0.02971
480.749	0.02972
480.862	0.02976
480.975	0.02977
481.089	0.0297
481.202	0.02965
481.315	0.0297
481.429	0.02975
481.542	0.02977
481.655	0.02977
481.769	0.02978
481.882	0.02977
481.995	0.02972
482.109	0.02978
482.222	0.02984
482.335	0.02981
482.448	0.02983
482.562	0.02981
482.675	0.02985
482.788	0.02983
482.901	0.02983
483.015	0.02977
483.128	0.02983
483.241	0.02992
483.354	0.02987
483.467	0.02984
483.581	0.02987
483.694	0.02989
483.807	0.02987
483.92	0.02994
484.033	0.02986
484.146	0.02991
484.26	0.02992
484.373	0.02987
484.486	0.02991
484.599	0.02994
484.712	0.0299
484.825	0.02994
484.938	0.02999
485.051	0.03001
485.165	0.03
485.278	0.03002
485.391	0.03006
485.504	0.03
485.617	0.03003
485.73	0.03009
485.843	0.03002
485.956	0.03002
486.069	0.03007
486.182	0.03008
486.295	0.03006
486.408	0.03008
486.521	0.03013
486.634	0.03015
486.747	0.03017
486.86	0.03019
486.973	0.03021
487.086	0.03024
487.199	0.03019
487.312	0.03027
487.425	0.03027
487.538	0.03029
487.651	0.03035
487.764	0.03035
487.877	0.03034
487.989	0.0304
488.102	0.03035
488.215	0.0304
488.328	0.0304
488.441	0.03047
488.554	0.03043
488.667	0.0305
488.78	0.0305
488.893	0.03052
489.005	0.03052
489.118	0.03053
489.231	0.03056
489.344	0.03064
489.457	0.03055
489.57	0.03063
489.682	0.03065
489.795	0.03071
489.908	0.03073
490.021	0.03069
490.133	0.03073
490.246	0.03076
490.359	0.03079
490.472	0.03076
490.584	0.03083
490.697	0.03091
490.81	0.03089
490.923	0.03094
491.035	0.03088
491.148	0.03095
491.261	0.03101
491.374	0.03103
491.486	0.03109
491.599	0.03106
491.712	0.03113
491.824	0.03112
491.937	0.03122
492.05	0.03121
492.162	0.03119
492.275	0.03124
492.387	0.03129
492.5	0.03131
492.613	0.03133
492.725	0.03139
492.838	0.0314
492.951	0.03142
493.063	0.03143
493.176	0.03151
493.288	0.03156
493.401	0.03157
493.513	0.03164
493.626	0.03164
493.738	0.03173
493.851	0.03175
493.964	0.03175
494.076	0.03175
494.189	0.03177
494.301	0.03185
494.414	0.03188
494.526	0.03193
494.639	0.03193
494.751	0.03202
494.864	0.03203
494.976	0.03206
495.088	0.03208
495.201	0.0322
495.313	0.03221
495.426	0.03221
495.538	0.03231
495.651	0.03236
495.763	0.03233
495.875	0.03244
495.988	0.03244
496.1	0.03244
496.213	0.03247
496.325	0.03252
496.437	0.0326
496.55	0.03268
496.662	0.03272
496.774	0.03275
496.887	0.03274
496.999	0.0329
497.111	0.03288
497.224	0.03294
497.336	0.03299
497.448	0.03304
497.561	0.03308
497.673	0.0331
497.785	0.03307
497.898	0.03315
498.01	0.03332
498.122	0.03331
498.234	0.03338
498.347	0.03342
498.459	0.03346
498.571	0.03347
498.683	0.03351
498.795	0.03359
498.908	0.03371
499.02	0.03369
499.132	0.03378
499.244	0.03383
499.356	0.03381
499.469	0.03396
499.581	0.03398
499.693	0.03403
499.805	0.03407
499.917	0.03415
500.029	0.03424
500.142	0.03427
500.254	0.0343
500.366	0.03435
500.478	0.03441
500.59	0.03458
500.702	0.03454
500.814	0.0346
500.926	0.03465
501.038	0.03469
501.15	0.03485
501.262	0.03489
501.375	0.03495
501.487	0.03504
501.599	0.03508
501.711	0.03516
501.823	0.03519
501.935	0.03522
502.047	0.03527
502.159	0.03538
502.271	0.03549
502.383	0.03556
502.495	0.03566
502.607	0.03568
502.719	0.03568
502.831	0.03583
502.942	0.03591
503.054	0.03597
503.166	0.03611
503.278	0.03615
503.39	0.03624
503.495	0.03642
503.607	0.03648
503.72	0.03658
503.832	0.03666
503.944	0.03677
504.056	0.03679
504.169	0.03687
504.281	0.03697
504.393	0.03706
504.505	0.03713
504.617	0.03712
504.73	0.03727
504.842	0.03738
504.954	0.03746
505.066	0.03749
505.178	0.0376
505.291	0.03769
505.403	0.03776
505.515	0.03783
505.627	0.03802
505.739	0.03806
505.851	0.03818
505.963	0.03826
506.076	0.03834
506.188	0.0384
506.3	0.03846
506.412	0.03863
506.524	0.03867
506.636	0.03879
506.748	0.03889
506.86	0.03891
506.972	0.03904
507.084	0.03914
507.196	0.03914
507.308	0.03941
507.42	0.03939
507.532	0.03954
507.644	0.03961
507.756	0.03974
507.868	0.03988
507.98	0.03998
508.092	0.04013
508.204	0.04021
508.316	0.0402
508.428	0.04041
508.54	0.04047
508.652	0.04052
508.764	0.04065
508.876	0.04082
508.988	0.04084
509.1	0.04098
509.212	0.0411
509.324	0.04115
509.436	0.04129
509.548	0.04144
509.659	0.04153
509.771	0.04161
509.883	0.04181
509.995	0.04187
510.107	0.04199
510.219	0.04207
510.331	0.04223
510.442	0.04225
510.554	0.04242
510.666	0.04257
510.778	0.04268
510.89	0.04276
511.001	0.04284
511.113	0.043
511.225	0.04307
511.337	0.04316
511.449	0.04339
511.56	0.04342
511.672	0.04361
511.784	0.04369
511.896	0.04384
512.007	0.04395
512.119	0.04408
512.231	0.04413
512.342	0.04435
512.454	0.04444
512.566	0.04452
512.678	0.04478
512.789	0.04488
512.901	0.04496
513.013	0.04509
513.124	0.04529
513.236	0.04542
513.347	0.0456
513.459	0.04565
513.571	0.04577
513.682	0.04594
513.794	0.04615
513.906	0.04621
514.017	0.04633
514.129	0.04657
514.24	0.04669
514.352	0.04677
514.464	0.04692
514.575	0.04708
514.687	0.04726
514.798	0.04737
514.91	0.04752
515.021	0.04761
515.133	0.04783
515.244	0.04797
515.356	0.04798
515.467	0.04822
515.579	0.04843
515.69	0.04848
515.802	0.04863
515.913	0.04888
516.025	0.049
516.136	0.04918
516.248	0.04934
516.359	0.04947
516.471	0.04961
516.582	0.04975
516.693	0.04992
516.805	0.05009
516.916	0.05038
517.028	0.05042
517.139	0.05059
517.25	0.05075
517.362	0.0509
517.473	0.05103
517.584	0.05119
517.696	0.05134
517.807	0.05143
517.919	0.0517
518.03	0.05179
518.141	0.05204
518.253	0.05211
518.364	0.0524
518.475	0.05248
518.586	0.05259
518.698	0.05282
518.809	0.05287
518.92	0.05314
519.032	0.05327
519.143	0.05336
519.254	0.05358
519.365	0.05376
519.477	0.05395
519.588	0.05402
519.699	0.05425
519.81	0.05443
519.921	0.05454
520.033	0.05464
520.144	0.05493
520.255	0.05503
520.366	0.05522
520.477	0.05534
520.589	0.05561
520.7	0.05569
520.811	0.05583
520.922	0.056
521.033	0.05614
521.144	0.05638
521.255	0.05643
521.366	0.0567
521.478	0.05682
521.589	0.05698
521.7	0.05709
521.811	0.05726
521.922	0.05738
522.033	0.0576
522.144	0.05772
522.255	0.05786
522.366	0.05814
522.477	0.05816
522.588	0.05838
522.699	0.0584
522.81	0.05864
522.921	0.0588
523.032	0.05891
523.143	0.05903
523.254	0.05921
523.365	0.05937
523.476	0.05946
523.587	0.05967
523.698	0.05982
523.809	0.0599
523.92	0.06005
524.031	0.06026
524.142	0.06039
524.253	0.06039
524.364	0.06061
524.475	0.06069
524.586	0.0609
524.696	0.06104
524.807	0.06111
524.918	0.06124
525.029	0.06141
525.14	0.06154
525.251	0.06162
525.362	0.06174
525.472	0.06182
525.583	0.06201
525.694	0.06211
525.805	0.06227
525.916	0.06248
526.027	0.06252
526.137	0.06262
526.248	0.06267
526.359	0.0628
526.47	0.06294
526.58	0.06303
526.691	0.06308
526.802	0.06326
526.913	0.06336
527.023	0.0635
527.134	0.06361
527.245	0.06369
527.356	0.06384
527.466	0.06394
527.577	0.06395
527.688	0.06408
527.798	0.06421
527.909	0.06428
528.02	0.06427
528.13	0.06447
528.241	0.06451
528.352	0.06454
528.462	0.06471
528.573	0.06477
528.684	0.06477
528.794	0.06491
528.905	0.06499
529.015	0.06507
529.126	0.06512
529.237	0.06518
529.347	0.06525
529.458	0.06539
529.568	0.06539
529.679	0.06545
529.789	0.06551
529.9	0.06551
530.011	0.06562
530.121	0.0656
530.232	0.06576
530.342	0.06581
530.453	0.06582
530.563	0.06583
530.674	0.06594
530.784	0.06593
530.895	0.066
531.005	0.06597
531.115	0.06608
531.226	0.06616
531.336	0.06617
531.447	0.06618
531.557	0.06621
531.668	0.0662
531.778	0.06618
531.889	0.06618
531.999	0.06621
532.109	0.06614
532.22	0.06633
532.33	0.06622
532.44	0.06629
532.551	0.06631
532.661	0.06626
532.772	0.06623
532.882	0.0663
532.992	0.06626
533.103	0.06623
533.213	0.06639
533.323	0.06626
533.433	0.0663
533.544	0.06634
533.654	0.06619
533.764	0.06619
533.875	0.0662
533.985	0.06622
534.095	0.06621
534.205	0.06613
534.316	0.06612
534.426	0.06621
534.536	0.06609
534.646	0.066
534.757	0.06611
534.867	0.06605
534.977	0.06604
535.087	0.06592
535.197	0.066
535.307	0.06599
535.418	0.06597
535.528	0.06598
535.638	0.06597
535.748	0.06581
535.858	0.06589
535.968	0.06581
536.079	0.06579
536.189	0.06579
536.299	0.06572
536.409	0.06573
536.519	0.06569
536.629	0.06562
536.739	0.06556
536.849	0.06555
536.959	0.06551
537.069	0.06555
537.179	0.06553
537.289	0.06554
537.399	0.0655
537.509	0.06541
537.619	0.06535
537.729	0.06535
537.839	0.06541
537.949	0.06542
538.059	0.06539
538.169	0.06534
538.279	0.06531
538.389	0.06533
538.499	0.06533
538.609	0.06539
538.719	0.06536
538.829	0.06526
538.939	0.06524
539.049	0.06528
539.159	0.06525
539.269	0.06522
539.379	0.06518
539.489	0.06518
539.599	0.06526
539.708	0.06522
539.818	0.06518
539.928	0.0653
540.038	0.06536
540.148	0.0652
540.258	0.06528
540.368	0.06527
540.477	0.06525
540.587	0.06527
540.697	0.06538
540.807	0.06539
540.917	0.06532
541.026	0.06532
541.136	0.06546
541.246	0.06545
541.356	0.0655
541.465	0.06543
541.575	0.06546
541.685	0.06553
541.795	0.0656
541.904	0.06558
542.014	0.06558
542.124	0.06567
542.234	0.06561
542.343	0.06567
542.453	0.06575
542.563	0.06574
542.672	0.06586
542.782	0.06584
542.892	0.06592
543.001	0.06597
543.111	0.06605
543.221	0.06601
543.33	0.06613
543.44	0.06613
543.549	0.06625
543.659	0.0663
543.769	0.06626
543.878	0.06633
543.988	0.06639
544.097	0.0665
544.207	0.06658
544.316	0.0666
544.426	0.06661
544.536	0.06668
544.645	0.06674
544.755	0.06679
544.864	0.06698
544.974	0.06705
545.083	0.06702
545.193	0.06707
545.302	0.06718
545.412	0.06724
545.521	0.06733
545.631	0.06742
545.74	0.06762
545.85	0.06749
545.959	0.06762
546.068	0.06764
546.178	0.06778
546.287	0.06782
546.397	0.06796
546.506	0.068
546.615	0.0681
546.725	0.06812
546.834	0.06834
546.944	0.06823
547.053	0.06845
547.162	0.06849
547.272	0.06863
547.381	0.06868
547.49	0.06883
547.6	0.06879
547.709	0.06883
547.818	0.06906
547.928	0.06894
548.037	0.06913
548.146	0.06919
548.256	0.06925
548.365	0.06928
548.474	0.06941
548.583	0.06956
548.693	0.06969
548.802	0.06979
548.911	0.0699
549.02	0.06991
549.13	0.06993
549.239	0.07007
549.348	0.07002
549.457	0.07027
549.566	0.0703
549.676	0.07037
549.785	0.07052
549.894	0.07054
550.003	0.07057
550.112	0.0706
550.222	0.0708
550.331	0.07093
550.44	0.07094
550.549	0.07103
550.658	0.07115
550.767	0.07121
550.876	0.07121
550.985	0.07127
551.094	0.07144
551.204	0.07141
551.313	0.07141
551.422	0.0716
551.531	0.07166
551.64	0.07181
551.749	0.07177
551.858	0.07188
551.967	0.0719
552.076	0.07205
552.185	0.072
552.294	0.07209
552.403	0.07228
552.512	0.07228
552.621	0.07228
552.73	0.07243
552.839	0.07243
552.948	0.07253
553.057	0.07254
553.166	0.07269
553.275	0.07273
553.384	0.07281
553.493	0.07286
553.601	0.07292
553.71	0.07304
553.819	0.07302
553.928	0.07301
554.037	0.07313
554.146	0.07324
554.255	0.07332
554.364	0.07337
554.473	0.07331
554.581	0.07339
554.69	0.07353
554.799	0.07352
554.908	0.0736
555.017	0.07354
555.126	0.07363
555.234	0.07374
555.343	0.07371
555.452	0.07378
555.561	0.07375
555.669	0.07383
555.778	0.07382
555.887	0.07396
555.996	0.07402
556.104	0.07394
556.213	0.07405
556.322	0.07392
556.431	0.07399
556.539	0.07416
556.648	0.07409
556.757	0.07412
556.865	0.07414
556.974	0.07419
557.083	0.0743
557.191	0.07426
557.3	0.07427
557.409	0.07429
557.517	0.0743
557.626	0.07437
557.735	0.07429
557.843	0.07439
557.952	0.07431
558.061	0.07436
558.169	0.07442
558.278	0.07442
558.386	0.07448
558.495	0.07454
558.603	0.07453
558.712	0.07445
558.821	0.07445
558.929	0.07442
559.038	0.07445
559.146	0.0745
559.255	0.0745
559.363	0.07448
559.472	0.07442
559.58	0.07443
559.689	0.0745
559.797	0.07444
559.906	0.07438
560.014	0.07438
560.123	0.07452
560.231	0.07442
560.339	0.07441
560.448	0.07446
560.556	0.07448
560.665	0.07445
560.773	0.07438
560.882	0.0744
560.99	0.0744
561.098	0.07436
561.207	0.07445
561.315	0.07433
561.423	0.07437
561.532	0.0744
561.64	0.07439
561.749	0.07429
561.857	0.0743
561.965	0.0742
562.074	0.07414
562.182	0.07416
562.29	0.07421
562.398	0.07414
562.507	0.07418
562.615	0.07415
562.723	0.07407
562.832	0.07415
562.94	0.07401
563.048	0.07407
563.156	0.07405
563.265	0.07392
563.373	0.0739
563.481	0.07398
563.589	0.07383
563.697	0.07386
563.806	0.07391
563.914	0.07376
564.022	0.0738
564.13	0.07368
564.238	0.07362
564.347	0.07364
564.455	0.07358
564.563	0.07357
564.671	0.07357
564.779	0.07356
564.887	0.07356
564.995	0.07346
565.103	0.0735
565.212	0.07341
565.32	0.07349
565.428	0.0734
565.536	0.0733
565.644	0.07329
565.752	0.07324
565.86	0.07315
565.968	0.07306
566.076	0.07307
566.184	0.07308
566.292	0.07297
566.4	0.07297
566.508	0.07291
566.616	0.07301
566.724	0.07291
566.832	0.07288
566.94	0.07276
567.048	0.07285
567.156	0.07275
567.264	0.07265
567.372	0.07264
567.48	0.07267
567.588	0.07246
567.696	0.07261
567.804	0.0723
567.912	0.07243
568.019	0.07252
568.127	0.07228
568.235	0.07225
568.343	0.07224
568.451	0.07216
568.559	0.07217
568.667	0.07213
568.775	0.07206
568.882	0.07204
568.99	0.07205
569.098	0.07196
569.206	0.07202
569.314	0.07198
569.421	0.07186
569.529	0.07186
569.637	0.07176
569.745	0.07174
569.853	0.0716
569.96	0.07156
570.068	0.0716
570.176	0.0715
570.284	0.07144
570.391	0.07148
570.499	0.07139
570.607	0.07138
570.714	0.07143
570.822	0.07139
570.93	0.07122
571.038	0.07128
571.145	0.07119
571.253	0.07123
571.361	0.07113
571.468	0.07111
571.576	0.07101
571.683	0.07113
571.791	0.07106
571.899	0.07106
572.006	0.07094
572.114	0.07088
572.222	0.07084
572.329	0.07075
572.437	0.07074
572.544	0.07077
572.652	0.07071
572.759	0.07078
572.867	0.07068
572.975	0.07067
573.082	0.07059
573.19	0.07059
573.297	0.07055
573.405	0.07034
573.512	0.07042
573.62	0.07043
573.727	0.07043
573.835	0.07036
573.942	0.07033
574.05	0.07024
574.157	0.07029
574.265	0.07026
574.372	0.07018
574.479	0.07015
574.587	0.07012
574.694	0.07015
574.802	0.07011
574.909	0.0701
575.016	0.06999
575.124	0.06996
575.231	0.06993
575.339	0.06995
575.446	0.06998
575.553	0.06994
575.661	0.06996
575.768	0.0699
575.875	0.06986
575.983	0.0697
576.09	0.06967
576.197	0.0697
576.305	0.06966
576.412	0.0697
576.519	0.06969
576.627	0.0697
576.734	0.06974
576.841	0.06958
576.948	0.06956
577.056	0.06956
577.163	0.06949
577.27	0.0696
577.377	0.06954
577.485	0.0695
577.592	0.06945
577.699	0.06946
577.806	0.06943
577.913	0.06943
578.021	0.06929
578.128	0.06943
578.235	0.06926
578.342	0.06935
578.449	0.06925
578.556	0.06919
578.664	0.06916
578.771	0.06909
578.878	0.06915
578.985	0.06921
579.092	0.06918
579.199	0.06914
579.306	0.06908
579.413	0.06919
579.52	0.06907
579.627	0.06915
579.734	0.06903
579.842	0.06905
579.949	0.06891
580.056	0.06892
580.163	0.06901
580.27	0.06893
580.377	0.06875
580.484	0.06887
580.591	0.06888
580.698	0.06887
580.805	0.06878
580.912	0.06881
581.019	0.06881
581.126	0.06871
581.232	0.06882
581.339	0.06872
581.446	0.06879
581.553	0.06865
581.66	0.0686
581.767	0.06858
581.874	0.06863
581.981	0.06853
582.088	0.06857
582.195	0.06855
582.302	0.06849
582.408	0.06847
582.515	0.06852
582.622	0.0684
582.729	0.06843
582.836	0.06831
582.943	0.06835
583.05	0.0683
583.156	0.06822
583.263	0.06826
583.37	0.06822
583.477	0.06815
583.583	0.06824
583.69	0.06809
583.797	0.06808
583.904	0.06818
584.011	0.06809
584.117	0.06811
584.224	0.06809
584.331	0.068
584.437	0.06793
584.544	0.0679
584.651	0.06798
584.758	0.06792
584.864	0.06782
584.971	0.06799
585.078	0.06796
585.184	0.06789
585.291	0.06784
585.398	0.06778
585.504	0.06772
585.611	0.06773
585.718	0.06782
585.824	0.06769
585.931	0.06766
586.037	0.06756
586.144	0.0676
586.251	0.0675
586.357	0.0676
586.464	0.06749
586.57	0.06745
586.677	0.0674
586.783	0.06747
586.89	0.06743
586.996	0.06729
587.103	0.06739
587.209	0.06727
587.316	0.06727
587.422	0.06725
587.529	0.06728
587.635	0.06725
587.742	0.06726
587.848	0.06716
587.955	0.06708
588.061	0.06716
588.168	0.06706
588.274	0.067
588.381	0.06705
588.487	0.06697
588.594	0.06697
588.7	0.06693
588.806	0.06686
588.913	0.0669
589.019	0.0668
589.125	0.06688
589.232	0.06682
589.338	0.06682
589.445	0.06672
589.551	0.0667
589.657	0.06661
589.764	0.06662
589.87	0.06657
589.976	0.06651
590.083	0.06656
590.189	0.06645
590.295	0.06643
590.401	0.06646
590.508	0.06645
590.614	0.06627
590.72	0.06619
590.826	0.06621
590.933	0.06622
591.039	0.06619
591.145	0.06623
591.251	0.06614
591.358	0.06613
591.464	0.06606
591.57	0.06616
591.676	0.06594
591.782	0.06597
591.889	0.06592
591.995	0.06596
592.101	0.06593
592.207	0.0659
592.313	0.06582
592.419	0.06574
592.525	0.06565
592.632	0.06572
592.738	0.06577
592.844	0.06571
592.95	0.06562
593.056	0.06558
593.162	0.06556
593.268	0.06572
593.374	0.06558
593.48	0.06546
593.586	0.06537
593.692	0.06556
593.798	0.06539
593.904	0.06542
594.01	0.0653
594.117	0.0653
594.223	0.06521
594.329	0.06512
594.435	0.06523
594.54	0.06507
594.646	0.0652
594.752	0.06516
594.858	0.0651
594.964	0.06506
595.07	0.06504
595.176	0.06493
595.282	0.06491
595.388	0.06491
595.494	0.06487
595.6	0.06488
595.706	0.06487
595.812	0.06473
595.918	0.06473
596.023	0.06469
596.129	0.0647
596.235	0.06467
596.341	0.06463
596.447	0.06458
596.553	0.06458
596.659	0.06457
596.764	0.06452
596.87	0.06451
596.976	0.06452
597.082	0.06443
597.188	0.0644
597.293	0.06428
597.399	0.06423
597.505	0.06417
597.611	0.06424
597.716	0.06413
597.822	0.06402
597.928	0.06401
598.034	0.06394
598.139	0.06391
598.245	0.0639
598.351	0.06395
598.456	0.06382
598.562	0.06382
598.668	0.06371
598.773	0.06367
598.879	0.06363
598.985	0.06363
599.09	0.06354
599.196	0.06352
599.302	0.06342
599.407	0.06347
599.513	0.06334
599.618	0.06331
599.724	0.06325
599.83	0.0632
599.935	0.06318
600.041	0.06317
600.146	0.06309
600.252	0.06301
600.358	0.06303
600.463	0.06285
600.569	0.06278
600.674	0.06279
600.78	0.06284
600.885	0.06275
600.991	0.06265
601.096	0.06265
601.202	0.06255
601.307	0.06247
601.413	0.0626
601.518	0.06236
601.624	0.06243
601.729	0.06231
601.834	0.06227
601.94	0.06216
602.045	0.06208
602.151	0.06204
602.256	0.06204
602.362	0.06198
602.467	0.06186
602.572	0.06177
602.678	0.06172
602.783	0.06176
602.888	0.06166
602.994	0.06165
603.099	0.06166
603.205	0.06152
603.31	0.06142
603.415	0.06137
603.521	0.06133
603.626	0.06126
603.731	0.06127
603.836	0.06112
603.942	0.06119
604.047	0.06114
604.152	0.06097
604.258	0.06094
604.363	0.06091
604.468	0.06082
604.573	0.06083
604.679	0.06068
604.784	0.06075
604.889	0.06064
604.994	0.06057
605.099	0.06054
605.205	0.06041
605.31	0.06043
605.415	0.06035
605.52	0.06022
605.625	0.0603
605.73	0.06022
605.836	0.06002
605.941	0.06001
606.046	0.05997
606.151	0.05997
606.256	0.05992
606.361	0.05981
606.466	0.05981
606.571	0.05976
606.694	0.06052
606.8	0.06041
606.906	0.06039
607.012	0.06034
607.118	0.06024
607.224	0.06017
607.331	0.06013
607.437	0.06007
607.543	0.0602
607.649	0.06
607.755	0.05991
607.861	0.05985
607.967	0.05977
608.073	0.05979
608.179	0.05973
608.285	0.05968
608.391	0.05972
608.497	0.05959
608.603	0.05953
608.709	0.05953
608.815	0.0594
608.921	0.05931
609.027	0.05936
609.133	0.05928
609.239	0.0592
609.345	0.05918
609.451	0.05915
609.557	0.05901
609.663	0.05901
609.768	0.05894
609.874	0.05886
609.98	0.05885
610.086	0.05889
610.192	0.05882
610.298	0.05872
610.404	0.05883
610.51	0.0587
610.615	0.05869
610.721	0.05859
610.827	0.0586
610.933	0.0585
611.039	0.05852
611.145	0.05854
611.25	0.05851
611.356	0.05843
611.462	0.05853
611.568	0.05847
611.674	0.05826
611.779	0.05824
611.885	0.05827
611.991	0.05823
612.097	0.05825
612.202	0.0582
612.308	0.05811
612.414	0.0581
612.519	0.05814
612.625	0.05805
612.731	0.05804
612.836	0.05803
612.942	0.05803
613.048	0.05795
613.153	0.05797
613.259	0.05788
613.365	0.05781
613.47	0.05777
613.576	0.05781
613.682	0.05773
613.787	0.05773
613.893	0.05777
613.998	0.05774
614.104	0.05767
614.21	0.05772
614.315	0.05762
614.421	0.05764
614.526	0.05766
614.632	0.05761
614.737	0.05747
614.843	0.05756
614.948	0.05761
615.054	0.05755
615.16	0.05755
615.265	0.0575
615.371	0.05748
615.476	0.05754
615.581	0.05746
615.687	0.05743
615.792	0.05748
615.898	0.05743
616.003	0.05739
616.109	0.05749
616.214	0.05735
616.32	0.05743
616.425	0.05745
616.53	0.05738
616.636	0.05742
616.741	0.05738
616.847	0.05732
616.952	0.05744
617.057	0.05741
617.163	0.05741
617.268	0.05731
617.373	0.05741
617.479	0.05737
617.584	0.05726
617.689	0.05736
617.795	0.05738
617.9	0.05731
618.005	0.05723
618.111	0.05722
618.216	0.05717
618.321	0.05728
618.426	0.05718
618.532	0.05729
618.637	0.05733
618.742	0.0572
618.847	0.05734
618.953	0.05724
619.058	0.05721
619.163	0.05731
619.268	0.0572
619.373	0.05725
619.479	0.05727
619.584	0.05726
619.689	0.05722
619.794	0.05725
619.899	0.05725
620.004	0.05725
620.109	0.0572
620.215	0.05733
620.32	0.05733
620.425	0.0573
620.53	0.05728
620.635	0.05728
620.74	0.05732
620.845	0.05732
620.95	0.05734
621.055	0.05736
621.16	0.05733
621.265	0.05736
621.37	0.05737
621.475	0.05728
621.581	0.05745
621.686	0.05741
621.791	0.05736
621.896	0.05742
622.001	0.05741
622.105	0.05744
622.21	0.05746
622.315	0.05746
622.42	0.05743
622.525	0.05743
622.63	0.05739
622.735	0.0575
622.84	0.05746
622.945	0.05758
623.05	0.05754
623.155	0.05745
623.26	0.05756
623.365	0.05756
623.47	0.05762
623.574	0.05767
623.679	0.05759
623.784	0.05764
623.889	0.0576
623.994	0.05767
624.099	0.05773
624.203	0.05765
624.308	0.05772
624.413	0.05775
624.518	0.05783
624.623	0.05782
624.727	0.05783
624.832	0.05786
624.937	0.05793
625.042	0.05797
625.147	0.058
625.251	0.05795
625.356	0.05791
625.461	0.05794
625.565	0.05806
625.67	0.05801
625.775	0.05812
625.88	0.05808
625.984	0.058
626.089	0.05807
626.194	0.05809
626.298	0.05811
626.403	0.05811
626.508	0.05811
626.612	0.05816
626.717	0.05819
626.821	0.05825
626.926	0.05818
627.031	0.05815
627.135	0.05825
627.24	0.05827
627.344	0.05833
627.449	0.05836
627.554	0.05842
627.658	0.05837
627.763	0.05834
627.867	0.05843
627.972	0.05841
628.076	0.05843
628.181	0.05841
628.285	0.05848
628.39	0.05852
628.494	0.05853
628.599	0.05842
628.703	0.05853
628.808	0.05856
628.912	0.05862
629.017	0.05856
629.121	0.05862
629.226	0.05862
629.33	0.0587
629.434	0.05866
629.539	0.05872
629.643	0.05873
629.748	0.05871
629.852	0.05869
629.956	0.05881
630.061	0.05887
630.165	0.05876
630.27	0.05879
630.374	0.05878
630.478	0.05872
630.583	0.0588
630.687	0.05879
630.791	0.05886
630.895	0.05879
631	0.05889
631.104	0.05869
631.208	0.05876
631.313	0.05874
631.417	0.05875
631.521	0.0588
631.625	0.05873
631.73	0.05876
631.834	0.0587
631.938	0.05873
632.042	0.05862
632.147	0.05864
632.251	0.05871
632.355	0.05863
632.459	0.05862
632.563	0.05862
632.668	0.05861
632.772	0.05853
632.876	0.05864
632.98	0.05856
633.084	0.05854
633.188	0.05843
633.292	0.05843
633.396	0.05847
633.501	0.05845
633.605	0.05838
633.709	0.05836
633.813	0.05834
633.917	0.05825
634.021	0.05816
634.125	0.05815
634.229	0.05821
634.333	0.058
634.437	0.05795
634.541	0.0581
634.645	0.05792
634.749	0.05783
634.853	0.05784
634.957	0.05781
635.061	0.05779
635.165	0.0577
635.269	0.05769
635.373	0.05756
635.477	0.05752
635.581	0.05752
635.685	0.05734
635.789	0.05739
635.893	0.05735
635.997	0.05724
636.101	0.05724
636.205	0.05711
636.308	0.05715
636.412	0.05708
636.516	0.05693
636.62	0.05687
636.724	0.05689
636.828	0.05674
636.932	0.05662
637.035	0.05659
637.139	0.05649
637.243	0.05644
637.347	0.05631
637.451	0.05624
637.554	0.05614
637.658	0.05607
637.762	0.05599
637.866	0.0559
637.97	0.0557
638.073	0.05576
638.177	0.05565
638.281	0.05554
638.385	0.05556
638.488	0.05541
638.592	0.05518
638.696	0.05517
638.799	0.05509
638.903	0.055
639.007	0.05495
639.11	0.05484
639.214	0.05474
639.318	0.05461
639.421	0.05458
639.525	0.05442
639.629	0.05436
639.732	0.05433
639.836	0.05414
639.939	0.05401
640.043	0.05399
640.147	0.05388
640.25	0.05377
640.354	0.05365
640.457	0.05357
640.561	0.05339
640.664	0.05337
640.768	0.05319
640.872	0.05311
640.975	0.05303
641.079	0.05288
641.182	0.0528
641.286	0.05269
641.389	0.05262
641.493	0.05254
641.596	0.0524
641.699	0.05237
641.803	0.05223
641.906	0.05213
642.01	0.05205
642.113	0.05191
642.217	0.05183
642.32	0.05175
642.424	0.05154
642.527	0.05165
642.63	0.05148
642.734	0.05138
642.837	0.05134
642.94	0.05119
643.044	0.05103
643.147	0.05096
643.251	0.05086
643.354	0.05078
643.457	0.05068
643.561	0.05051
643.664	0.05048
643.767	0.05035
643.87	0.05023
643.974	0.05019
644.077	0.05006
644.18	0.05005
644.284	0.04994
644.387	0.04981
644.49	0.04977
644.593	0.04966
644.696	0.04958
644.8	0.04955
644.903	0.04939
645.006	0.04938
645.109	0.04928
645.213	0.04915
645.316	0.04913
645.419	0.04905
645.522	0.04891
645.625	0.04886
645.728	0.04876
645.831	0.04878
645.935	0.04862
646.038	0.0486
646.141	0.04863
646.244	0.04847
646.347	0.0484
646.45	0.04833
646.553	0.0482
646.656	0.04819
646.759	0.04813
646.862	0.04809
646.965	0.04795
647.069	0.04791
647.172	0.04781
647.275	0.04782
647.378	0.04766
647.481	0.04771
647.584	0.0476
647.687	0.04757
647.79	0.04751
647.893	0.04748
647.996	0.04738
648.099	0.04737
648.201	0.04727
648.304	0.04726
648.407	0.04716
648.51	0.04724
648.613	0.04709
648.716	0.04712
648.819	0.04697
648.922	0.04698
649.025	0.04691
649.128	0.0469
649.231	0.04688
649.333	0.04687
649.436	0.04669
649.539	0.0467
649.642	0.04668
649.745	0.04669
649.848	0.0466
649.95	0.04658
650.053	0.04649
650.156	0.04646
650.259	0.04645
650.362	0.04641
650.464	0.04639
650.567	0.04639
650.67	0.04636
650.773	0.04624
650.875	0.04622
650.978	0.04621
651.081	0.04618
651.184	0.04614
651.286	0.04624
651.389	0.04622
651.492	0.04618
651.594	0.04613
651.697	0.04606
651.8	0.046
651.902	0.04608
652.005	0.04601
652.108	0.04596
652.21	0.04591
652.313	0.04593
652.415	0.04589
652.518	0.04584
652.621	0.0459
652.723	0.04585
652.826	0.04573
652.928	0.04577
653.031	0.04577
653.134	0.04566
653.236	0.04567
653.339	0.04564
653.441	0.04564
653.544	0.04558
653.646	0.04555
653.749	0.04553
653.851	0.04561
653.954	0.04555
654.056	0.0455
654.159	0.0455
654.261	0.04538
654.364	0.04545
654.466	0.04541
654.569	0.04539
654.671	0.0454
654.773	0.04541
654.876	0.04522
654.978	0.0453
655.081	0.04524
655.183	0.04519
655.285	0.04518
655.388	0.04517
655.49	0.04513
655.593	0.04503
655.695	0.04505
655.797	0.04507
655.9	0.04497
656.002	0.04495
656.104	0.04487
656.207	0.04493
656.309	0.04482
656.411	0.04473
656.513	0.04481
656.616	0.04478
656.718	0.04471
656.82	0.04466
656.922	0.04463
657.025	0.04458
657.127	0.04455
657.229	0.04448
657.331	0.0444
657.434	0.04442
657.536	0.04437
657.638	0.04427
657.74	0.04422
657.842	0.04421
657.945	0.04408
658.047	0.04412
658.149	0.0441
658.251	0.04401
658.353	0.0439
658.455	0.04393
658.557	0.04388
658.66	0.04386
658.762	0.0438
658.864	0.04381
658.966	0.04372
659.068	0.04364
659.17	0.04352
659.272	0.0436
659.374	0.04352
659.476	0.04341
659.578	0.04342
659.68	0.04339
659.782	0.04325
659.884	0.04324
659.986	0.04316
660.088	0.04309
660.19	0.0431
660.292	0.04304
660.394	0.04296
660.496	0.04295
660.598	0.04283
660.7	0.04279
660.802	0.04283
660.904	0.04271
661.006	0.04267
661.108	0.04258
661.21	0.0425
661.312	0.04237
661.414	0.04244
661.515	0.0423
661.617	0.04235
661.719	0.04221
661.821	0.04227
661.923	0.0422
662.025	0.04204
662.127	0.04201
662.228	0.04201
662.33	0.04193
662.432	0.04192
662.534	0.04182
662.636	0.04179
662.737	0.04172
662.839	0.04161
662.941	0.04165
663.043	0.04155
663.144	0.04157
663.246	0.04152
663.348	0.04145
663.45	0.0414
663.551	0.04127
663.653	0.0413
663.755	0.04131
663.856	0.04117
663.958	0.04117
664.06	0.0411
664.161	0.04109
664.263	0.04097
664.365	0.04094
664.466	0.04091
664.568	0.04091
664.67	0.04074
664.771	0.04072
664.873	0.04067
664.975	0.04067
665.076	0.04064
665.178	0.04059
665.279	0.04058
665.381	0.04053
665.482	0.04053
665.584	0.0405
665.686	0.04045
665.787	0.04034
665.889	0.04039
665.99	0.0404
666.092	0.04028
666.193	0.04028
666.295	0.04033
666.396	0.04029
666.498	0.0402
666.599	0.04022
666.701	0.04021
666.802	0.04019
666.903	0.04011
667.005	0.04012
667.106	0.04009
667.208	0.04007
667.309	0.04002
667.411	0.03999
667.512	0.03991
667.613	0.03991
667.715	0.03992
667.816	0.03982
667.917	0.03983
668.019	0.03982
668.12	0.03976
668.221	0.03975
668.323	0.03978
668.424	0.03974
668.525	0.03967
668.627	0.03976
668.728	0.03969
668.829	0.03969
668.931	0.03973
669.032	0.0397
669.133	0.03969
669.234	0.03966
669.336	0.03969
669.437	0.03967
669.538	0.03963
669.639	0.03965
669.74	0.03968
669.842	0.03964
669.943	0.03959
670.044	0.03959
670.145	0.0396
670.246	0.03958
670.348	0.03957
670.449	0.03957
670.55	0.03963
670.651	0.03956
670.752	0.03961
670.853	0.03954
670.954	0.03953
671.056	0.03946
671.157	0.03952
671.258	0.03951
671.359	0.03952
671.46	0.0396
671.561	0.03948
671.662	0.03955
671.763	0.03953
671.864	0.03962
671.965	0.03961
672.066	0.03961
672.167	0.03964
672.268	0.03969
672.369	0.03968
672.47	0.03962
672.571	0.03973
672.672	0.03972
672.773	0.03974
672.874	0.03977
672.975	0.03975
673.076	0.03976
673.177	0.03977
673.278	0.03977
673.379	0.03979
673.48	0.03994
673.58	0.03982
673.681	0.03981
673.782	0.03987
673.883	0.03986
673.984	0.03977
674.085	0.03986
674.186	0.03993
674.286	0.0399
674.387	0.03993
674.488	0.0399
674.589	0.03995
674.69	0.03997
674.791	0.04007
674.891	0.04013
674.992	0.04014
675.093	0.04018
675.194	0.04022
675.294	0.04023
675.395	0.04028
675.496	0.04026
675.597	0.04039
675.697	0.04039
675.798	0.04046
675.899	0.04041
675.999	0.04047
676.1	0.0405
676.201	0.04046
676.302	0.04051
676.402	0.04053
676.503	0.04055
676.603	0.0406
676.704	0.04058
676.805	0.04064
676.905	0.04069
677.006	0.04072
677.107	0.04073
677.207	0.04076
677.308	0.04072
677.408	0.04079
677.509	0.04078
677.609	0.04081
677.71	0.0409
677.811	0.04095
677.911	0.04098
678.012	0.041
678.112	0.04105
678.213	0.04122
678.313	0.04117
678.414	0.0412
678.514	0.04126
678.615	0.04147
678.715	0.04142
678.816	0.04156
678.916	0.04152
679.017	0.04167
679.117	0.04173
679.217	0.04168
679.318	0.04168
679.418	0.04177
679.519	0.04181
679.619	0.04191
679.719	0.04191
679.82	0.04204
679.92	0.04201
680.021	0.04196
680.121	0.04206
680.221	0.04215
680.322	0.04226
680.422	0.0423
680.522	0.04238
680.623	0.04239
680.723	0.04247
680.823	0.04254
680.923	0.04263
681.024	0.04264
681.124	0.04277
681.224	0.04279
681.325	0.0429
681.425	0.04304
681.525	0.04307
681.625	0.04321
681.725	0.04326
681.826	0.04335
681.926	0.0436
682.026	0.04363
682.126	0.04373
682.226	0.0438
682.327	0.04397
682.427	0.04397
682.527	0.04416
682.627	0.04419
682.727	0.04426
682.827	0.04432
682.927	0.04442
683.028	0.0446
683.128	0.04466
683.228	0.04474
683.328	0.04479
683.428	0.04495
683.528	0.04499
683.628	0.04512
683.728	0.04524
683.828	0.04532
683.928	0.04542
684.028	0.04559
684.128	0.04573
684.228	0.04587
684.328	0.04596
684.428	0.04611
684.528	0.04626
684.628	0.04643
684.728	0.04657
684.828	0.04674
684.928	0.04698
685.028	0.04714
685.128	0.0473
685.228	0.04752
685.328	0.04762
685.428	0.04794
685.528	0.04802
685.628	0.04825
685.727	0.04838
685.827	0.04858
685.927	0.04865
686.027	0.04882
686.127	0.04901
686.227	0.04915
686.327	0.04942
686.426	0.04956
686.526	0.04971
686.626	0.0499
686.726	0.05018
686.826	0.05033
686.926	0.05049
687.025	0.05077
687.125	0.051
687.225	0.05122
687.325	0.0514
687.424	0.05164
687.524	0.05193
687.624	0.05211
687.724	0.05232
687.823	0.05251
687.923	0.05288
688.023	0.05306
688.122	0.05339
688.222	0.05371
688.322	0.05404
688.421	0.05431
688.521	0.05454
688.621	0.05482
688.72	0.05505
688.82	0.05539
688.92	0.05561
689.019	0.05598
689.119	0.05608
689.218	0.05644
689.318	0.0567
689.417	0.05701
689.517	0.05734
689.617	0.05755
689.716	0.05788
689.816	0.05806
689.915	0.0584
690.015	0.05873
690.114	0.05908
690.214	0.05944
690.313	0.05974
690.413	0.05997
690.512	0.06042
690.612	0.06073
690.711	0.06103
690.811	0.06138
690.91	0.0617
691.01	0.06212
691.109	0.06255
691.208	0.0629
691.308	0.06332
691.407	0.06369
691.507	0.06407
691.606	0.06443
691.705	0.06494
691.805	0.06536
691.904	0.06564
692.004	0.06615
692.103	0.0664
692.202	0.06689
692.302	0.06718
692.401	0.06764
692.5	0.06802
692.6	0.06833
692.699	0.06879
692.798	0.06912
692.897	0.06953
692.997	0.06978
693.096	0.07044
693.195	0.07076
693.295	0.07123
693.394	0.07166
693.493	0.07206
693.592	0.07239
693.691	0.07286
693.791	0.07334
693.89	0.07365
693.989	0.07417
694.088	0.07465
694.187	0.07524
694.287	0.0754
694.386	0.07609
694.485	0.07666
694.584	0.07701
694.683	0.07753
694.782	0.07802
694.881	0.07866
694.981	0.07912
695.08	0.07961
695.179	0.08015
695.278	0.08058
695.377	0.08121
695.476	0.08176
695.575	0.08223
695.674	0.08257
695.773	0.08305
695.872	0.08356
695.971	0.08395
696.07	0.08458
696.169	0.08504
696.268	0.08544
696.367	0.08574
696.466	0.08642
696.565	0.08678
696.664	0.08734
696.763	0.08798
696.862	0.08846
696.961	0.08914
697.06	0.0896
697.159	0.09014
697.258	0.09079
697.357	0.09153
697.456	0.09201
697.554	0.09259
697.653	0.09337
697.752	0.09391
697.851	0.09451
697.95	0.09523
698.049	0.09564
698.148	0.09621
698.246	0.09692
698.345	0.09741
698.444	0.09785
698.543	0.09857
698.642	0.09911
698.74	0.09963
698.839	0.10008
698.938	0.1004
699.037	0.10118
699.136	0.10179
699.234	0.1022
699.333	0.10266
699.432	0.10328
699.53	0.10414
699.629	0.10487
699.728	0.10545
699.827	0.10624
699.925	0.10683
700.024	0.10754
700.123	0.1081
700.221	0.10896
700.32	0.10955
700.419	0.1102
700.517	0.11073
700.616	0.11142
700.715	0.11199
700.813	0.11264
700.912	0.11283
701.01	0.11381
701.109	0.11409
701.208	0.11487
701.306	0.1152
701.405	0.1162
701.503	0.11674
701.602	0.11768
701.7	0.11832
701.799	0.11928
701.897	0.11984
701.996	0.12068
702.094	0.12141
702.193	0.12199
702.291	0.12278
702.39	0.12309
702.488	0.12395
702.587	0.1243
702.685	0.12501
702.784	0.12543
702.882	0.12609
702.981	0.12702
703.079	0.12776
703.177	0.12852
703.276	0.12918
703.374	0.13015
703.473	0.13089
703.571	0.13159
703.669	0.13261
703.768	0.13318
703.866	0.1339
703.964	0.13434
704.031	0.13483
704.27	0.13653
704.51	0.13828
704.749	0.13991
704.988	0.14178
705.227	0.14332
705.467	0.14484
705.706	0.14653
705.945	0.14822
706.184	0.1499
706.423	0.15171
706.663	0.15338
706.902	0.15518
707.141	0.15673
707.38	0.15849
707.619	0.16024
707.858	0.16178
708.097	0.16346
708.336	0.16504
708.575	0.16661
708.814	0.16843
709.054	0.17017
709.293	0.1717
709.532	0.17319
709.771	0.17517
710.01	0.17685
710.248	0.17839
710.487	0.17966
710.726	0.18137
710.965	0.18271
711.204	0.18422
711.443	0.18594
711.682	0.18755
711.921	0.18908
712.16	0.19048
712.399	0.19191
712.637	0.19346
712.876	0.19451
713.115	0.1964
713.354	0.19762
713.593	0.19907
713.831	0.2008
714.07	0.20151
714.309	0.20268
714.548	0.20423
714.786	0.20562
715.025	0.20685
715.264	0.20834
715.503	0.20902
715.741	0.21065
715.98	0.21189
716.219	0.21289
716.457	0.21409
716.696	0.21554
716.934	0.21645
717.173	0.21775
717.412	0.21833
717.65	0.21954
717.889	0.2209
718.127	0.22179
718.366	0.22313
718.604	0.22355
718.843	0.22476
719.081	0.22595
719.32	0.22703
719.558	0.22792
719.797	0.2289
720.035	0.22986
720.274	0.23029
720.512	0.23157
720.75	0.23273
720.989	0.23336
721.227	0.2345
721.466	0.23498
721.704	0.23571
721.942	0.23666
722.181	0.23768
722.419	0.23891
722.657	0.23926
722.895	0.24043
723.134	0.24075
723.372	0.24154
723.61	0.24246
723.849	0.24283
724.087	0.24341
724.325	0.24419
724.563	0.24497
724.801	0.24541
725.04	0.24609
725.278	0.24716
725.516	0.24768
725.754	0.24871
725.992	0.24989
726.23	0.25037
726.468	0.25132
726.706	0.25186
726.944	0.2532
727.183	0.25345
727.421	0.25426
727.659	0.25425
727.897	0.25515
728.135	0.25544
728.373	0.25568
728.611	0.25637
728.849	0.25663
729.087	0.25699
729.324	0.25767
729.562	0.25865
729.8	0.25843
730.038	0.25927
730.276	0.25984
730.514	0.2603
730.752	0.26091
730.99	0.26133
731.228	0.26169
731.465	0.26219
731.703	0.26239
731.941	0.26289
732.179	0.26338
732.417	0.26441
732.654	0.2643
732.892	0.26489
733.13	0.26589
733.367	0.26629
733.605	0.26607
733.843	0.26717
734.081	0.26737
734.318	0.26734
734.556	0.26805
734.794	0.26785
735.031	0.26816
735.269	0.26884
735.506	0.26893
735.744	0.26969
735.982	0.26996
736.219	0.27058
736.457	0.27084
736.694	0.27099
736.932	0.27173
737.169	0.27177
737.407	0.27239
737.644	0.2729
737.882	0.27321
738.119	0.27321
738.357	0.27374
738.594	0.27368
738.832	0.2746
739.069	0.27439
739.306	0.2748
739.544	0.27506
739.781	0.27518
740.018	0.27573
740.256	0.27592
740.493	0.27637
740.73	0.27624
740.968	0.27696
741.205	0.27696
741.442	0.27768
741.68	0.27781
741.917	0.2778
742.154	0.27804
742.391	0.27811
742.629	0.27853
742.866	0.27896
743.103	0.27906
743.34	0.27946
743.577	0.27918
743.814	0.27981
744.052	0.28003
744.289	0.28056
744.526	0.28031
744.763	0.28055
745	0.28065
745.237	0.28156
745.474	0.28086
745.711	0.28117
745.948	0.28164
746.185	0.28171
746.422	0.2815
746.659	0.2817
746.896	0.2824
747.133	0.28225
747.37	0.28273
747.607	0.28271
747.844	0.28336
748.081	0.28326
748.318	0.28381
748.555	0.28332
748.792	0.28363
749.029	0.28413
749.265	0.28412
749.502	0.28448
749.739	0.28431
749.976	0.28464
750.213	0.2848
750.449	0.28492
750.686	0.28449
750.923	0.28453
751.16	0.28495
751.396	0.28542
751.633	0.28538
751.87	0.28551
752.107	0.28591
752.343	0.28629
752.58	0.2861
752.817	0.28631
753.053	0.28691
753.29	0.28656
753.527	0.28709
753.763	0.28701
754	0.28707
754.236	0.28739
754.473	0.28772
754.709	0.28727
754.946	0.2877
755.182	0.28794
755.419	0.2878
755.656	0.28722
755.892	0.28808
756.128	0.28798
756.365	0.28734
756.601	0.28835
756.838	0.28817
757.074	0.28835
757.311	0.28818
757.547	0.28846
757.783	0.28893
758.02	0.28897
758.256	0.28883
758.493	0.28969
758.729	0.28981
758.965	0.28946
759.201	0.28935
759.438	0.29017
759.674	0.28966
759.91	0.28995
760.147	0.28979
760.383	0.28995
760.619	0.28933
760.855	0.28961
761.091	0.28926
761.328	0.28991
761.564	0.2901
761.8	0.2899
762.036	0.29038
762.272	0.29004
762.508	0.29047
762.744	0.29026
762.981	0.29045
763.217	0.29089
763.453	0.29078
763.689	0.29139
763.925	0.29149
764.161	0.29162
764.397	0.29085
764.633	0.29134
764.869	0.29107
765.105	0.29174
765.341	0.29149
765.577	0.29147
765.813	0.29186
766.049	0.29186
766.285	0.29185
766.52	0.29249
766.756	0.29235
766.992	0.29284
767.228	0.29233
767.464	0.29282
767.7	0.29272
767.936	0.29283
768.171	0.29307
768.407	0.29332
768.643	0.29288
768.879	0.29278
769.114	0.29279
769.35	0.2933
769.586	0.29359
769.822	0.29304
770.057	0.29346
770.293	0.29331
770.529	0.29375
770.781	0.29474
771.017	0.29481
771.254	0.29483
771.49	0.29477
771.726	0.29545
771.962	0.29558
772.199	0.29539
772.435	0.29554
772.671	0.29518
772.907	0.29565
773.143	0.29551
773.38	0.29575
773.616	0.29578
773.852	0.29645
774.088	0.29629
774.324	0.29611
774.56	0.29621
774.796	0.29667
775.032	0.29629
775.268	0.29686
775.504	0.29689
775.74	0.29648
775.977	0.29689
776.213	0.29706
776.449	0.2972
776.685	0.2967
776.92	0.2967
777.156	0.29694
777.392	0.29749
777.628	0.29682
777.864	0.29729
778.1	0.29706
778.336	0.29753
778.572	0.29787
778.808	0.29704
779.044	0.29715
779.279	0.29763
779.515	0.2975
779.751	0.29739
779.987	0.29855
780.223	0.298
780.458	0.29827
780.694	0.29817
780.93	0.29836
781.166	0.29846
781.401	0.29843
781.637	0.29899
781.873	0.29898
782.109	0.29861
782.344	0.29895
782.58	0.29926
782.816	0.29904
783.051	0.29852
783.287	0.29898
783.522	0.29922
783.758	0.29915
783.994	0.29913
784.229	0.29918
784.465	0.29981
784.7	0.29957
784.936	0.3
785.171	0.29994
785.407	0.29976
785.642	0.30028
785.878	0.30011
786.113	0.30051
786.349	0.29992
786.584	0.30046
786.819	0.30013
787.055	0.30035
787.29	0.29984
787.526	0.301
787.761	0.30047
787.996	0.30065
788.232	0.30057
788.467	0.30081
788.702	0.30061
788.938	0.30089
789.173	0.30109
789.408	0.3012
789.643	0.30092
789.879	0.30159
790.114	0.3014
790.349	0.3012
790.584	0.30152
790.82	0.30146
791.055	0.30206
791.29	0.30184
791.525	0.30225
791.76	0.30185
791.995	0.30192
792.23	0.30142
792.466	0.30205
792.701	0.30211
792.936	0.30213
793.171	0.30191
793.406	0.30184
793.641	0.302
793.876	0.30201
794.111	0.30251
794.346	0.30226
794.581	0.30254
794.816	0.30265
795.051	0.30257
795.286	0.30288
795.521	0.30234
795.756	0.30304
795.99	0.30323
796.225	0.30252
796.46	0.30264
796.695	0.30284
796.93	0.30261
797.165	0.30301
797.4	0.30333
797.634	0.30322
797.869	0.30314
798.104	0.30378
798.339	0.30364
798.574	0.3039
798.808	0.30371
799.043	0.30442
799.278	0.30379
799.512	0.30464
799.747	0.30479
799.982	0.30442
800.216	0.30509
800.451	0.30486
800.686	0.30396
800.92	0.30415
801.155	0.30363
801.39	0.30505
801.624	0.30462
801.859	0.30415
802.093	0.30398
802.328	0.30447
802.562	0.30495
802.797	0.30474
803.031	0.30478
803.266	0.30487
803.5	0.30533
803.735	0.30488
803.969	0.30542
804.204	0.3053
804.438	0.3055
804.673	0.30563
804.907	0.30574
805.141	0.30581
805.376	0.30613
805.61	0.3064
805.844	0.3063
806.079	0.30642
806.313	0.30557
806.547	0.30654
806.782	0.30592
807.016	0.30606
807.25	0.3065
807.484	0.30627
807.719	0.30604
807.953	0.30595
808.187	0.30578
808.421	0.30638
808.655	0.30597
808.89	0.3061
809.124	0.30628
809.358	0.30716
809.592	0.3066
809.826	0.30669
810.06	0.30723
810.294	0.30742
810.528	0.30713
810.763	0.30773
810.997	0.30785
811.231	0.30714
811.465	0.3075
811.699	0.30767
811.933	0.30724
812.167	0.30757
812.401	0.30751
812.635	0.30747
812.868	0.3068
813.102	0.30701
813.336	0.30731
813.57	0.30762
813.804	0.30757
814.038	0.30763
814.272	0.30812
814.506	0.30841
814.74	0.30839
814.973	0.30814
815.207	0.30851
815.441	0.30865
815.675	0.30864
815.908	0.30826
816.142	0.30887
816.376	0.30866
816.61	0.30843
816.843	0.30903
817.077	0.30901
817.311	0.30855
817.544	0.30891
817.778	0.3093
818.012	0.30819
818.245	0.30854
818.479	0.30852
818.713	0.30905
818.946	0.30907
819.18	0.30849
819.413	0.3089
819.647	0.30907
819.88	0.30997
820.114	0.30924
820.347	0.31026
820.581	0.30991
820.814	0.31002
821.048	0.31053
821.281	0.31013
821.515	0.31035
821.748	0.31067
821.982	0.31014
822.215	0.30979
822.448	0.31042
822.682	0.31011
822.915	0.31073
823.149	0.31036
823.382	0.30973
823.615	0.30996
823.849	0.30964
824.082	0.30973
824.315	0.30933
824.548	0.31042
824.782	0.31031
825.015	0.31118
825.248	0.31094
825.481	0.31098
825.715	0.31154
825.948	0.31165
826.181	0.31159
826.414	0.31101
826.647	0.31172
826.88	0.31153
827.113	0.31174
827.347	0.31175
827.58	0.31134
827.813	0.31143
828.046	0.31176
828.279	0.31078
828.512	0.31124
828.745	0.31071
828.978	0.31156
829.211	0.31108
829.444	0.31124
829.677	0.31108
829.91	0.31138
830.143	0.31155
830.376	0.31186
830.609	0.31185
830.842	0.31215
831.074	0.31245
831.307	0.31225
831.54	0.31257
831.773	0.31168
832.006	0.31247
832.239	0.3125
832.471	0.31275
832.704	0.31263
832.937	0.31308
833.17	0.31306
833.403	0.31265
833.635	0.31204
833.868	0.31298
834.101	0.31229
834.333	0.31251
834.566	0.31199
834.799	0.31247
835.031	0.31229
835.264	0.31259
835.497	0.31341
835.729	0.3127
835.962	0.31288
836.195	0.31337
836.427	0.31348
836.66	0.31364
836.892	0.31403
837.125	0.31365
837.357	0.31402
837.59	0.31375
837.822	0.31466
838.055	0.31356
838.287	0.3139
838.52	0.31398
838.752	0.3137
838.985	0.31388
839.217	0.31344
839.449	0.31342
839.682	0.31336
839.914	0.31281
840.147	0.31355
840.379	0.31296
840.611	0.31355
840.844	0.31374
841.076	0.31359
841.308	0.31407
841.54	0.31475
841.773	0.31432
842.005	0.31458
842.237	0.31559
842.469	0.31457
842.702	0.31505
842.934	0.31541
843.166	0.31548
843.398	0.31579
843.63	0.31559
843.862	0.316
844.095	0.31545
844.327	0.31587
844.559	0.31559
844.791	0.31575
845.023	0.31492
845.255	0.31538
845.487	0.31508
845.719	0.3152
845.951	0.31488
846.183	0.31458
846.415	0.31501
846.647	0.31501
846.879	0.31548
847.111	0.31517
847.343	0.31497
847.575	0.31599
847.807	0.31545
848.039	0.31572
848.271	0.31644
848.502	0.31598
848.734	0.31663
848.966	0.31669
849.198	0.31665
849.43	0.31687
849.662	0.31665
849.893	0.317
850.125	0.31732
850.357	0.31658
850.589	0.317
850.82	0.31708
851.052	0.31721
851.284	0.31642
851.516	0.31656
851.747	0.31707
851.979	0.31636
852.211	0.3163
852.442	0.31571
852.674	0.31634
852.905	0.31597
853.137	0.31637
853.369	0.31633
853.6	0.31659
853.832	0.31679
854.063	0.31762
854.295	0.31727
854.526	0.31754
854.758	0.31807
854.989	0.3176
855.221	0.31817
855.452	0.31863
855.684	0.31861
855.915	0.31832
856.146	0.31899
856.378	0.31858
856.609	0.31889
856.841	0.31858
857.072	0.31899
857.303	0.31799
857.535	0.31781
857.766	0.31759
857.997	0.31738
858.229	0.3178
858.46	0.31731
858.691	0.31678
858.922	0.31678
859.154	0.31741
859.385	0.31696
859.616	0.31709
859.847	0.31799
860.078	0.31801
860.31	0.3181
860.541	0.31853
860.772	0.31838
861.003	0.31921
861.234	0.31888
861.465	0.31868
861.696	0.31905
861.927	0.31916
862.159	0.31947
862.39	0.31908
862.621	0.31926
862.852	0.31906
863.083	0.3191
863.314	0.31985
863.545	0.31882
863.776	0.31834
864.007	0.31892
864.237	0.31866
864.468	0.31874
864.699	0.3185
864.93	0.31799
865.161	0.31857
865.392	0.31854
865.623	0.31888
865.854	0.31852
866.084	0.31906
866.315	0.31977
866.546	0.31934
866.777	0.31935
867.008	0.31946
867.238	0.32037
867.469	0.32066
867.7	0.32067
867.931	0.32039
868.161	0.32081
868.392	0.32048
868.623	0.32004
868.853	0.32031
869.084	0.31948
869.315	0.31918
869.545	0.31976
869.776	0.3192
870.006	0.31955
870.237	0.31953
870.468	0.31856
870.698	0.31938
870.929	0.31926
871.159	0.31993
871.39	0.31959
871.62	0.31974
871.851	0.3201
872.081	0.31997
872.312	0.32002
872.542	0.32056
872.772	0.32076
873.003	0.32086
873.233	0.32123
873.464	0.3207
873.694	0.32083
873.924	0.32115
874.155	0.32079
874.385	0.321
874.615	0.32071
874.846	0.3202
875.076	0.32059
875.306	0.32049
875.536	0.32051
875.767	0.32019
875.997	0.32045
876.227	0.31958
876.457	0.31948
876.688	0.32049
876.918	0.32008
877.148	0.32004
877.378	0.32022
877.608	0.31978
877.838	0.32021
878.068	0.32114
878.299	0.32115
878.529	0.32157
878.759	0.32143
878.989	0.32126
879.219	0.32151
879.449	0.32165
879.679	0.32171
879.909	0.3219
880.139	0.32167
880.369	0.32185
880.599	0.32154
880.829	0.32233
881.059	0.32237
881.288	0.32189
881.518	0.32206
881.748	0.32201
881.978	0.32187
882.208	0.32165
882.438	0.32198
882.668	0.3213
882.897	0.32155
883.127	0.32109
883.357	0.32146
883.587	0.32174
883.817	0.32099
884.046	0.32157
884.276	0.32202
884.506	0.32127
884.736	0.32103
884.965	0.3215
885.195	0.32114
885.425	0.32074
885.654	0.32238
885.884	0.32155
886.113	0.32248
886.343	0.32188
886.573	0.32257
886.802	0.32302
887.032	0.32221
887.261	0.32253
887.491	0.32256
887.72	0.32222
887.95	0.3226
888.179	0.32353
888.409	0.32301
888.638	0.32323
888.868	0.32315
889.097	0.32284
889.327	0.32283
889.556	0.32268
889.786	0.32239
890.015	0.32237
890.244	0.32259
890.474	0.32242
890.703	0.32201
890.932	0.32221
891.162	0.32204
891.391	0.3224
891.62	0.32233
891.85	0.32276
892.079	0.32171
892.308	0.3221
892.537	0.32252
892.767	0.32301
892.996	0.32336
893.225	0.3236
893.454	0.32366
893.683	0.32446
893.912	0.32337
894.142	0.32422
894.371	0.32417
894.6	0.32402
894.829	0.3246
895.058	0.32442
895.287	0.32433
895.516	0.32414
895.745	0.32399
895.974	0.32392
896.203	0.32373
896.432	0.32374
896.661	0.32374
896.89	0.32335
897.119	0.32317
897.348	0.32286
897.577	0.32334
897.806	0.32285
898.035	0.32288
898.264	0.32335
898.492	0.32235
898.721	0.32282
898.95	0.32369
899.179	0.32298
899.408	0.3237
899.637	0.32358
899.865	0.32332
900.094	0.32315
900.323	0.32424
900.552	0.32414
900.78	0.32373
901.009	0.32413
901.238	0.32473
901.467	0.32463
901.695	0.32437
901.924	0.32418
902.152	0.32433
902.381	0.32395
902.61	0.32405
902.838	0.32401
903.067	0.32378
903.296	0.32307
903.524	0.3234
903.753	0.32388
903.981	0.3231
904.21	0.32368
904.438	0.32297
904.667	0.32337
904.895	0.32314
905.124	0.32335
905.352	0.32346
905.581	0.3235
905.809	0.32385
906.037	0.32427
906.266	0.32423
906.494	0.32477
906.723	0.32444
906.951	0.32449
907.179	0.3246
907.408	0.32464
907.636	0.32461
907.864	0.32498
908.092	0.32423
908.321	0.32438
908.549	0.32485
908.777	0.32498
909.005	0.32451
909.234	0.32514
909.462	0.32428
909.69	0.32394
909.918	0.32386
910.146	0.32373
910.374	0.32368
910.603	0.32347
910.831	0.32421
911.059	0.32472
911.287	0.32402
911.515	0.324
911.743	0.32438
911.971	0.32386
912.199	0.32363
912.427	0.32398
912.655	0.32454
912.883	0.32504
913.111	0.3256
913.339	0.32509
913.567	0.32503
913.795	0.32542
914.023	0.32467
914.251	0.32551
914.479	0.3253
914.707	0.32483
914.934	0.32477
915.162	0.32534
915.39	0.3252
915.618	0.32482
915.846	0.32478
916.074	0.32462
916.301	0.3242
916.529	0.32442
916.757	0.32399
916.985	0.32392
917.212	0.32423
917.44	0.32322
917.668	0.32308
917.895	0.32395
918.123	0.32349
918.351	0.32377
918.578	0.32401
918.806	0.32391
919.034	0.32404
919.261	0.32403
919.489	0.32445
919.716	0.3244
919.944	0.32478
920.171	0.32465
920.399	0.32447
920.626	0.32501
920.854	0.32476
921.081	0.32486
921.309	0.32492
921.536	0.32491
921.764	0.32457
921.991	0.32426
922.219	0.32483
922.446	0.3242
922.673	0.32472
922.901	0.32388
923.128	0.3244
923.355	0.32378
923.583	0.32413
923.81	0.32415
924.037	0.32383
924.265	0.32343
924.492	0.32373
924.719	0.32369
924.946	0.32392
925.174	0.32387
925.401	0.32411
925.628	0.32475
925.855	0.32386
926.082	0.32446
926.31	0.32411
926.537	0.3245
926.764	0.32478
926.991	0.32465
927.218	0.32498
927.445	0.32422
927.672	0.32479
927.899	0.32475
928.126	0.32445
928.353	0.32444
928.58	0.32418
928.807	0.32423
929.034	0.32405
929.261	0.32365
929.488	0.3238
929.715	0.32398
929.942	0.32358
930.169	0.32342
930.396	0.32353
930.623	0.32305
930.85	0.32311
931.077	0.323
931.304	0.32292
931.53	0.32246
931.757	0.32326
931.984	0.32321
932.211	0.32307
932.438	0.3233
932.664	0.3233
932.891	0.3236
933.118	0.32324
933.345	0.32342
933.571	0.32279
933.798	0.32379
934.025	0.32387
934.251	0.32373
934.478	0.32359
934.705	0.3232
934.931	0.3233
935.158	0.32326
935.384	0.32352
935.611	0.32337
935.838	0.32263
936.064	0.32266
936.291	0.32263
936.517	0.32298
936.744	0.32222
936.97	0.32229
937.197	0.32237
937.423	0.32239
937.65	0.32187
937.876	0.32167
938.103	0.32146
938.329	0.32189
938.555	0.32202
938.782	0.32235
939.008	0.32208
939.234	0.32147
939.461	0.32164
939.687	0.32238
939.913	0.32177
940.14	0.322
940.366	0.32228
940.592	0.32183
940.819	0.32204
941.045	0.32122
941.271	0.32212
941.497	0.32123
941.723	0.32202
941.95	0.3216
942.176	0.32208
942.402	0.32119
942.628	0.32098
942.854	0.32133
943.08	0.32065
943.306	0.32063
943.533	0.32129
943.759	0.32071
943.985	0.32081
944.211	0.3204
944.437	0.32022
944.663	0.32024
944.889	0.31995
945.115	0.32006
945.341	0.32025
945.567	0.31991
945.793	0.3196
946.019	0.31978
946.244	0.31979
946.47	0.31914
946.696	0.31992
946.922	0.31999
947.148	0.32002
947.374	0.3199
947.6	0.31943
947.825	0.32049
948.051	0.32002
948.277	0.31957
948.503	0.31989
948.729	0.31934
948.954	0.31925
949.18	0.31899
949.406	0.31877
949.631	0.31861
949.857	0.31928
950.083	0.3181
950.309	0.3183
950.534	0.31778
950.76	0.31786
950.985	0.31777
951.211	0.31765
951.437	0.31718
951.662	0.31722
951.888	0.31693
952.113	0.31701
952.339	0.31672
952.564	0.31629
952.79	0.31703
953.015	0.31619
953.241	0.31656
953.466	0.31613
953.692	0.31623
953.917	0.31577
954.143	0.31636
954.368	0.31568
954.593	0.31527
954.819	0.31556
955.044	0.31572
955.269	0.31489
955.495	0.31544
955.72	0.3151
955.945	0.31474
956.171	0.31424
956.396	0.314
956.621	0.31376
956.847	0.31371
957.072	0.31354
957.297	0.31371
957.522	0.3131
957.747	0.31343
957.973	0.31329
958.198	0.31227
958.423	0.3131
958.648	0.3129
958.873	0.31237
959.098	0.31237
959.323	0.31282
959.548	0.31167
959.773	0.31213
959.999	0.31156
960.224	0.31215
960.449	0.31237
960.674	0.3117
960.899	0.31132
961.124	0.31248
961.349	0.31167
961.574	0.31186
961.798	0.31177
962.023	0.31147
962.248	0.31086
962.473	0.31175
962.698	0.31164
962.923	0.31145
963.148	0.31112
963.373	0.31123
963.597	0.31151
963.822	0.3109
964.047	0.31079
964.272	0.31047
964.497	0.3103
964.721	0.31062
964.946	0.31062
965.171	0.31027
965.395	0.31082
965.62	0.31043
965.845	0.30968
966.07	0.30981
966.294	0.31003
966.519	0.30989
966.743	0.30995
966.968	0.31026
967.193	0.30983
967.417	0.3104
967.642	0.30988
967.866	0.31036
968.091	0.30977
968.315	0.3093
968.54	0.31003
968.764	0.30955
968.989	0.31038
969.213	0.3098
969.438	0.31
969.662	0.3105
969.887	0.31035
970.111	0.3102
970.336	0.31022
970.56	0.31028
970.784	0.30972
971.009	0.30957
971.233	0.30945
971.457	0.31001
971.682	0.30908
971.906	0.30942
972.13	0.30999
972.354	0.31002
972.579	0.30929
972.803	0.30967
973.027	0.3092
973.251	0.30955
973.476	0.30938
973.7	0.30995
973.924	0.30971
974.148	0.30929
974.372	0.31007
974.596	0.30953
974.82	0.30931
975.045	0.30951
975.269	0.3097
975.493	0.30965
975.717	0.30974
975.941	0.30911
976.165	0.30935
976.389	0.30976
976.613	0.30974
976.837	0.30888
977.061	0.30954
977.285	0.30959
977.509	0.30923
977.733	0.3092
977.957	0.3089
978.18	0.30932
978.404	0.30909
978.628	0.30914
978.852	0.30896
979.076	0.30944
979.3	0.30879
979.523	0.30931
979.747	0.309
979.971	0.30984
980.195	0.3097
980.419	0.30939
980.642	0.30988
980.866	0.30935
981.09	0.30978
981.313	0.30961
981.537	0.31001
981.761	0.30872
981.984	0.30981
982.208	0.30991
982.432	0.3101
982.655	0.3084
982.879	0.30939
983.103	0.30944
983.326	0.30956
983.55	0.30992
983.773	0.30997
983.997	0.30943
984.22	0.30961
984.444	0.31003
984.667	0.31026
984.891	0.30973
985.114	0.31003
985.338	0.31033
985.561	0.30992
985.784	0.30973
986.008	0.30952
986.231	0.31059
986.455	0.31091
986.678	0.31028
986.901	0.31002
987.125	0.31034
987.348	0.30959
987.571	0.31049
987.794	0.30965
988.018	0.30918
988.241	0.30927
988.464	0.31023
988.687	0.31055
988.911	0.31071
989.134	0.31048
989.357	0.31116
989.58	0.31072
989.803	0.31138
990.027	0.31049
990.25	0.31041
990.473	0.31027
990.696	0.31022
990.919	0.31129
991.142	0.31138
991.365	0.31061
991.588	0.31043
991.811	0.31059
992.034	0.31073
992.257	0.31098
992.48	0.31114
992.703	0.31069
992.926	0.31133
993.149	0.31167
993.372	0.31221
993.595	0.31207
993.818	0.31083
994.041	0.31162
994.263	0.312
994.486	0.31143
994.709	0.31179
994.932	0.31089
995.155	0.31134
995.378	0.31198
995.6	0.31134
995.823	0.31199
996.046	0.31258
996.269	0.31287
996.491	0.31214
996.714	0.31199
996.937	0.31229
997.159	0.31208
997.382	0.31243
997.605	0.31331
997.827	0.3129
998.05	0.31248
998.273	0.31301
998.495	0.31267
998.718	0.31332
998.94	0.31338
999.163	0.31216
999.386	0.3133
999.608	0.31344
999.831	0.31281
1000.05	0.3137
1000.28	0.31366
1000.5	0.3135
1000.72	0.31362
1000.94	0.3136
1001.17	0.31373
1001.39	0.31471
1001.61	0.31403
1001.83	0.31434
1002.05	0.31402
1002.28	0.31346
1002.5	0.31414
1002.72	0.31458
1002.94	0.31434
1003.17	0.3141
1003.39	0.3153
1003.61	0.31468
1003.83	0.31445
1004.06	0.31453
1004.28	0.31404
1004.5	0.31379
1004.72	0.3145
1004.94	0.3143
1005.17	0.31407
1005.39	0.31491