400.59	0.01338
400.707	0.0133
400.825	0.01335
400.943	0.01337
401.06	0.01327
401.178	0.0133
401.296	0.01326
401.414	0.01337
401.531	0.01334
401.649	0.01337
401.767	0.01336
401.884	0.01332
402.002	0.01338
402.12	0.01329
402.237	0.01331
402.355	0.01331
402.473	0.01339
402.59	0.0134
402.708	0.01347
402.826	0.01337
402.943	0.01346
403.061	0.01343
403.179	0.01335
403.296	0.01339
403.414	0.01338
403.531	0.01344
403.649	0.01349
403.767	0.01343
403.884	0.01351
404.002	0.01351
404.119	0.01354
404.237	0.01362
404.354	0.01368
404.472	0.01365
404.589	0.01367
404.707	0.01379
404.824	0.01387
404.942	0.01393
405.06	0.01399
405.177	0.01399
405.294	0.01405
405.412	0.01407
405.529	0.01405
405.647	0.01414
405.764	0.01417
405.882	0.01415
405.999	0.01417
406.117	0.01416
406.234	0.01415
406.352	0.01404
406.469	0.01412
406.587	0.01415
406.704	0.01419
406.821	0.01423
406.939	0.01423
407.056	0.01426
407.174	0.0143
407.291	0.01429
407.408	0.01432
407.526	0.0143
407.643	0.01436
407.76	0.01431
407.878	0.01435
407.995	0.0144
408.112	0.01434
408.23	0.0144
408.347	0.01445
408.464	0.01445
408.582	0.01448
408.699	0.0145
408.816	0.01453
408.934	0.01458
409.051	0.01452
409.168	0.01462
409.285	0.01459
409.403	0.01468
409.52	0.01468
409.637	0.01465
409.754	0.01473
409.872	0.01472
409.989	0.01483
410.106	0.0148
410.223	0.01476
410.341	0.01488
410.458	0.01485
410.575	0.01493
410.692	0.01494
410.809	0.01499
410.926	0.01494
411.044	0.01503
411.161	0.01508
411.278	0.01508
411.395	0.01517
411.512	0.01519
411.629	0.0152
411.747	0.01528
411.864	0.01529
411.981	0.01535
412.098	0.01534
412.215	0.01533
412.332	0.01546
412.449	0.01542
412.566	0.01549
412.683	0.0155
412.8	0.01557
412.917	0.01559
413.035	0.01562
413.152	0.01565
413.269	0.01571
413.386	0.01571
413.503	0.01574
413.62	0.01572
413.737	0.01583
413.854	0.01579
413.971	0.01582
414.088	0.01592
414.205	0.01593
414.322	0.01601
414.439	0.01596
414.556	0.01602
414.673	0.01605
414.79	0.01606
414.907	0.01607
415.023	0.01612
415.14	0.01613
415.257	0.0162
415.374	0.01617
415.491	0.01625
415.608	0.01623
415.725	0.01627
415.842	0.01632
415.959	0.01631
416.076	0.01637
416.192	0.01632
416.309	0.01636
416.426	0.01637
416.543	0.01638
416.66	0.01638
416.777	0.01641
416.894	0.01647
417.01	0.0164
417.127	0.01646
417.244	0.01645
417.361	0.01651
417.478	0.01646
417.594	0.01648
417.711	0.01648
417.828	0.01653
417.945	0.01647
418.062	0.01655
418.178	0.01659
418.295	0.01652
418.412	0.01659
418.529	0.01659
418.645	0.01656
418.762	0.01659
418.879	0.0166
418.995	0.01661
419.112	0.0166
419.229	0.01662
419.346	0.01658
419.462	0.0166
419.579	0.01664
419.696	0.01662
419.812	0.01666
419.929	0.01666
420.046	0.01669
420.162	0.01667
420.279	0.01669
420.396	0.01666
420.512	0.01667
420.629	0.01672
420.745	0.01671
420.862	0.0167
420.979	0.01674
421.095	0.01673
421.212	0.01665
421.328	0.01673
421.445	0.01676
421.561	0.01674
421.678	0.01676
421.795	0.01677
421.911	0.01674
422.028	0.01676
422.144	0.01676
422.261	0.01678
422.377	0.01684
422.494	0.01679
422.61	0.01686
422.727	0.01677
422.843	0.01686
422.96	0.01684
423.076	0.01687
423.193	0.01689
423.309	0.01688
423.426	0.01691
423.542	0.0169
423.658	0.01689
423.775	0.01696
423.891	0.01695
424.008	0.01691
424.124	0.01691
424.241	0.01694
424.357	0.01694
424.473	0.01693
424.59	0.01696
424.706	0.01705
424.823	0.01703
424.939	0.01706
425.055	0.01699
425.172	0.017
425.288	0.01709
425.404	0.01705
425.521	0.01707
425.637	0.01705
425.753	0.01707
425.87	0.01711
425.986	0.01708
426.102	0.01707
426.219	0.01712
426.335	0.01714
426.451	0.01715
426.567	0.01712
426.684	0.01714
426.8	0.01716
426.916	0.01716
427.032	0.01718
427.149	0.01717
427.265	0.01721
427.381	0.0172
427.497	0.01721
427.614	0.0172
427.73	0.01721
427.846	0.01715
427.962	0.01722
428.078	0.01722
428.195	0.01719
428.311	0.01726
428.427	0.01728
428.543	0.01726
428.659	0.01725
428.775	0.01731
428.891	0.0173
429.008	0.01732
429.124	0.0173
429.24	0.01731
429.356	0.01733
429.472	0.01731
429.588	0.01727
429.704	0.01731
429.82	0.0173
429.936	0.01732
430.052	0.01731
430.168	0.01731
430.285	0.01734
430.401	0.01733
430.517	0.01736
430.633	0.01733
430.749	0.01739
430.865	0.01736
430.981	0.01736
431.097	0.01738
431.213	0.01733
431.329	0.01736
431.445	0.01739
431.561	0.01739
431.677	0.01744
431.793	0.01742
431.909	0.01736
432.025	0.0174
432.141	0.0174
432.256	0.01742
432.372	0.01743
432.488	0.01741
432.604	0.01746
432.72	0.01746
432.836	0.01746
432.952	0.0175
433.068	0.01749
433.184	0.01752
433.3	0.01753
433.415	0.01754
433.531	0.01757
433.647	0.01756
433.763	0.01757
433.879	0.01759
433.995	0.01761
434.111	0.01757
434.226	0.01763
434.342	0.01757
434.458	0.01764
434.574	0.01762
434.69	0.0176
434.805	0.01767
434.921	0.01766
435.037	0.01765
435.153	0.0177
435.268	0.01772
435.384	0.01771
435.5	0.01774
435.616	0.01781
435.731	0.01779
435.847	0.01778
435.963	0.01781
436.079	0.01786
436.194	0.01784
436.31	0.01782
436.426	0.01789
436.541	0.01791
436.657	0.01793
436.773	0.01794
436.888	0.01797
436.963	0.01723
437.079	0.01722
437.195	0.01726
437.31	0.0173
437.426	0.0173
437.542	0.01727
437.658	0.01735
437.773	0.01731
437.889	0.01737
438.005	0.01737
438.121	0.01735
438.236	0.01739
438.352	0.01743
438.468	0.01743
438.583	0.01741
438.699	0.01748
438.815	0.0175
438.93	0.01744
439.046	0.01751
439.162	0.01751
439.277	0.01756
439.393	0.01756
439.509	0.01756
439.624	0.01753
439.74	0.01758
439.856	0.01759
439.971	0.01762
440.087	0.01762
440.202	0.01761
440.318	0.01764
440.434	0.01765
440.549	0.01765
440.665	0.01769
440.78	0.01766
440.896	0.01775
441.011	0.01772
441.127	0.01769
441.242	0.01774
441.358	0.01772
441.474	0.01776
441.589	0.01778
441.705	0.01777
441.82	0.01776
441.936	0.01777
442.051	0.01776
442.167	0.01784
442.282	0.01782
442.397	0.01782
442.513	0.01784
442.628	0.01786
442.744	0.01785
442.859	0.01785
442.975	0.01784
443.09	0.01793
443.206	0.01787
443.321	0.01795
443.436	0.01791
443.552	0.01793
443.667	0.01797
443.783	0.01796
443.898	0.01794
444.013	0.01793
444.129	0.01792
444.244	0.01795
444.359	0.01792
444.475	0.01794
444.59	0.018
444.705	0.018
444.821	0.01802
444.936	0.01804
445.051	0.01803
445.167	0.01801
445.282	0.01804
445.397	0.01805
445.513	0.01805
445.628	0.01811
445.743	0.01808
445.858	0.01807
445.974	0.0181
446.089	0.0181
446.204	0.01812
446.319	0.01809
446.435	0.01814
446.55	0.01814
446.665	0.01812
446.78	0.01811
446.895	0.01817
447.011	0.01814
447.126	0.01817
447.241	0.01816
447.356	0.01815
447.471	0.01816
447.586	0.01818
447.702	0.01818
447.817	0.01821
447.932	0.01822
448.047	0.01823
448.162	0.0182
448.277	0.0182
448.392	0.01819
448.508	0.01823
448.623	0.01827
448.738	0.01824
448.853	0.01829
448.968	0.01826
449.083	0.01829
449.198	0.01829
449.313	0.01829
449.428	0.01823
449.543	0.01824
449.658	0.01819
449.773	0.01823
449.888	0.01824
450.003	0.01829
450.118	0.01824
450.233	0.0183
450.348	0.01832
450.463	0.01827
450.578	0.01832
450.693	0.01835
450.808	0.01831
450.923	0.01832
451.038	0.01832
451.153	0.01832
451.268	0.01832
451.383	0.01833
451.498	0.01835
451.613	0.01832
451.728	0.01833
451.842	0.01834
451.957	0.01834
452.072	0.01832
452.187	0.01836
452.302	0.01835
452.417	0.01835
452.532	0.01836
452.647	0.01835
452.761	0.01833
452.876	0.01834
452.991	0.01838
453.106	0.01839
453.221	0.01835
453.336	0.01837
453.45	0.01832
453.565	0.01832
453.68	0.01837
453.795	0.01839
453.91	0.01838
454.024	0.01834
454.139	0.01834
454.254	0.01835
454.369	0.01835
454.483	0.01837
454.598	0.01837
454.713	0.01835
454.827	0.01837
454.942	0.0183
455.057	0.01835
455.172	0.01833
455.286	0.01833
455.401	0.01835
455.516	0.01831
455.63	0.01831
455.745	0.01834
455.86	0.01833
455.974	0.01832
456.089	0.01829
456.204	0.01828
456.318	0.01831
456.433	0.0183
456.547	0.01829
456.662	0.01829
456.777	0.01831
456.891	0.01831
457.006	0.0183
457.133	0.01769
457.248	0.01778
457.362	0.01769
457.477	0.01772
457.592	0.01768
457.707	0.01771
457.822	0.01767
457.936	0.01766
458.051	0.01769
458.166	0.01768
458.281	0.01766
458.395	0.01765
458.51	0.01767
458.625	0.01761
458.74	0.01768
458.854	0.01761
458.969	0.01758
459.084	0.01761
459.198	0.01767
459.313	0.01763
459.428	0.01761
459.542	0.01761
459.657	0.01758
459.772	0.01759
459.886	0.0176
460.001	0.01763
460.116	0.01755
460.23	0.01752
460.345	0.01756
460.46	0.01754
460.574	0.01755
460.689	0.01753
460.804	0.01756
460.918	0.01761
461.033	0.0176
461.147	0.01759
461.262	0.01764
461.376	0.01764
461.491	0.01764
461.606	0.01766
461.72	0.01763
461.835	0.01765
461.949	0.01761
462.064	0.01763
462.178	0.0176
462.293	0.01757
462.407	0.01767
462.522	0.01764
462.636	0.01759
462.751	0.0176
462.865	0.01762
462.98	0.0176
463.094	0.01756
463.209	0.01754
463.323	0.01756
463.438	0.01754
463.552	0.01754
463.666	0.01757
463.781	0.01753
463.895	0.01753
464.01	0.01753
464.124	0.01756
464.238	0.01754
464.353	0.01755
464.467	0.01757
464.582	0.01759
464.696	0.01754
464.81	0.01753
464.925	0.0175
465.039	0.0175
465.153	0.01751
465.268	0.01749
465.382	0.01749
465.496	0.01745
465.611	0.01748
465.725	0.01748
465.839	0.01748
465.954	0.01744
466.068	0.01739
466.182	0.01748
466.296	0.01746
466.411	0.01746
466.525	0.0174
466.639	0.01743
466.753	0.01745
466.868	0.01739
466.982	0.01745
467.096	0.01742
467.21	0.01747
467.324	0.01745
467.439	0.01746
467.553	0.01738
467.667	0.01744
467.781	0.01742
467.895	0.01742
468.01	0.01739
468.124	0.01738
468.238	0.01734
468.352	0.0174
468.466	0.0174
468.58	0.01742
468.694	0.01738
468.808	0.01737
468.923	0.01732
469.037	0.01739
469.151	0.01732
469.265	0.01739
469.379	0.01733
469.493	0.01736
469.607	0.01734
469.721	0.01731
469.835	0.01738
469.949	0.01736
470.063	0.01732
470.177	0.01737
470.291	0.01733
470.405	0.01731
470.519	0.01733
470.633	0.01734
470.747	0.01735
470.861	0.01733
470.975	0.01735
471.089	0.01737
471.203	0.01728
471.317	0.01732
471.431	0.01732
471.545	0.0173
471.659	0.01738
471.773	0.01731
471.887	0.01729
472.001	0.01735
472.115	0.01729
472.229	0.0173
472.343	0.0173
472.456	0.01729
472.57	0.0173
472.684	0.01734
472.798	0.01729
472.912	0.01732
473.026	0.01725
473.14	0.01731
473.253	0.01731
473.367	0.01731
473.481	0.01725
473.595	0.0173
473.709	0.01728
473.823	0.01728
473.936	0.01729
474.05	0.01729
474.164	0.01727
474.278	0.01727
474.391	0.0173
474.505	0.01728
474.619	0.01726
474.733	0.01726
474.846	0.01731
474.96	0.01727
475.074	0.01727
475.188	0.01723
475.301	0.01725
475.415	0.01728
475.529	0.0173
475.642	0.01726
475.756	0.01723
475.87	0.01727
475.983	0.01726
476.097	0.01727
476.211	0.01726
476.324	0.01725
476.438	0.01726
476.552	0.01726
476.665	0.01728
476.779	0.01724
476.893	0.01726
477.006	0.01727
477.12	0.01729
477.233	0.01721
477.347	0.01722
477.461	0.01726
477.574	0.01727
477.688	0.01729
477.801	0.01729
477.915	0.01726
478.028	0.01729
478.142	0.01729
478.255	0.01728
478.369	0.01729
478.482	0.01727
478.596	0.01726
478.709	0.01731
478.823	0.01728
478.936	0.0173
479.05	0.01732
479.163	0.0173
479.277	0.01733
479.39	0.01728
479.504	0.01729
479.617	0.01721
479.731	0.01724
479.844	0.01721
479.957	0.01725
480.071	0.01725
480.184	0.01724
480.298	0.01729
480.411	0.01731
480.524	0.01724
480.638	0.0173
480.751	0.01728
480.865	0.01729
480.978	0.01729
481.091	0.01732
481.205	0.01727
481.318	0.01724
481.431	0.01733
481.545	0.01729
481.658	0.01727
481.771	0.01731
481.884	0.01732
481.998	0.01726
482.111	0.01734
482.224	0.01725
482.338	0.01729
482.451	0.01736
482.564	0.01732
482.677	0.01728
482.791	0.01728
482.904	0.01729
483.017	0.0173
483.13	0.01731
483.244	0.01736
483.357	0.01734
483.47	0.01734
483.583	0.01731
483.696	0.01733
483.809	0.01736
483.923	0.01734
484.036	0.01737
484.149	0.01736
484.262	0.01735
484.375	0.01734
484.488	0.01734
484.602	0.01739
484.715	0.01736
484.828	0.01735
484.941	0.01738
485.054	0.01735
485.167	0.01738
485.28	0.01736
485.393	0.01737
485.506	0.01736
485.619	0.0174
485.732	0.01737
485.845	0.0174
485.958	0.01739
486.072	0.01743
486.185	0.01738
486.298	0.01741
486.411	0.01744
486.524	0.01745
486.637	0.01744
486.75	0.01743
486.863	0.01744
486.976	0.01744
487.089	0.01743
487.201	0.01743
487.314	0.01747
487.427	0.01747
487.54	0.01742
487.653	0.01748
487.766	0.01748
487.879	0.01746
487.992	0.01749
488.105	0.01746
488.218	0.01747
488.331	0.01748
488.444	0.01751
488.556	0.01749
488.669	0.01752
488.782	0.01748
488.895	0.01756
489.008	0.01752
489.121	0.01751
489.234	0.01755
489.346	0.01754
489.459	0.01754
489.572	0.01759
489.685	0.01758
489.798	0.01755
489.91	0.01757
490.023	0.01756
490.136	0.01757
490.249	0.01762
490.361	0.0176
490.474	0.01763
490.587	0.01764
490.7	0.01763
490.812	0.01764
490.925	0.01767
491.038	0.01767
491.151	0.01767
491.263	0.01768
491.376	0.01768
491.489	0.01772
491.601	0.01767
491.714	0.01773
491.827	0.01773
491.939	0.01771
492.052	0.0177
492.165	0.01774
492.277	0.0178
492.39	0.01779
492.503	0.01779
492.615	0.01779
492.728	0.01784
492.84	0.01783
492.953	0.01782
493.066	0.01779
493.178	0.01786
493.291	0.01793
493.403	0.01791
493.516	0.01794
493.628	0.01792
493.741	0.01791
493.853	0.01795
493.966	0.01797
494.079	0.01796
494.191	0.01797
494.304	0.01794
494.416	0.01797
494.529	0.01794
494.641	0.01803
494.754	0.01801
494.866	0.01803
494.978	0.01805
495.091	0.01806
495.203	0.01808
495.316	0.01806
495.428	0.01812
495.541	0.01813
495.653	0.01815
495.766	0.01816
495.878	0.01818
495.99	0.01816
496.103	0.01821
496.215	0.01822
496.327	0.01821
496.44	0.01822
496.552	0.01825
496.665	0.01827
496.777	0.01828
496.889	0.01832
497.002	0.01834
497.114	0.01834
497.226	0.01836
497.339	0.01835
497.451	0.01838
497.563	0.01841
497.675	0.01838
497.788	0.0184
497.9	0.01845
498.012	0.01847
498.125	0.01848
498.237	0.01849
498.349	0.01854
498.461	0.0185
498.574	0.01853
498.686	0.0186
498.798	0.01859
498.91	0.01863
499.022	0.01863
499.135	0.01865
499.247	0.01864
499.359	0.01874
499.471	0.0187
499.583	0.01873
499.695	0.01875
499.808	0.01875
499.92	0.01876
500.032	0.01881
500.144	0.01884
500.256	0.01887
500.368	0.01888
500.48	0.01888
500.592	0.01893
500.705	0.01898
500.817	0.01899
500.929	0.01899
501.041	0.01904
501.153	0.01909
501.265	0.01912
501.377	0.01911
501.489	0.01912
501.601	0.01917
501.713	0.01919
501.825	0.01915
501.937	0.01924
502.049	0.01927
502.161	0.01928
502.273	0.01927
502.385	0.01933
502.497	0.01936
502.609	0.01938
502.721	0.01943
502.833	0.01941
502.945	0.01949
503.057	0.01949
503.169	0.01955
503.281	0.01958
503.393	0.0196
503.483	0.01934
503.596	0.01936
503.708	0.01938
503.82	0.0194
503.932	0.01946
504.045	0.01948
504.157	0.01949
504.269	0.01956
504.381	0.01958
504.493	0.01962
504.606	0.01964
504.718	0.01965
504.83	0.01965
504.942	0.01971
505.054	0.01976
505.167	0.01975
505.279	0.01981
505.391	0.01984
505.503	0.01986
505.615	0.0199
505.727	0.01996
505.84	0.01994
505.952	0.02002
506.064	0.02002
506.176	0.0201
506.288	0.02013
506.4	0.02018
506.512	0.02021
506.624	0.02023
506.736	0.02029
506.848	0.02031
506.96	0.02033
507.072	0.02041
507.185	0.02046
507.297	0.02051
507.409	0.02059
507.521	0.02062
507.633	0.02064
507.745	0.02075
507.857	0.02077
507.969	0.02082
508.081	0.02088
508.193	0.02087
508.305	0.02099
508.417	0.02099
508.528	0.02104
508.64	0.0211
508.752	0.02113
508.864	0.0212
508.976	0.02122
509.088	0.02126
509.2	0.02128
509.312	0.02136
509.424	0.0214
509.536	0.02142
509.648	0.02151
509.76	0.02161
509.871	0.02161
509.983	0.02164
510.095	0.02169
510.207	0.02176
510.319	0.02179
510.431	0.02186
510.542	0.0219
510.654	0.02194
510.766	0.02198
510.878	0.02205
510.99	0.0221
511.101	0.0222
511.213	0.02223
511.325	0.02232
511.437	0.02232
511.549	0.02239
511.66	0.02248
511.772	0.02253
511.884	0.02259
511.996	0.02262
512.107	0.02269
512.219	0.02278
512.331	0.0228
512.442	0.0229
512.554	0.02297
512.666	0.02304
512.777	0.02307
512.889	0.02311
513.001	0.0232
513.112	0.02331
513.224	0.02338
513.336	0.02341
513.447	0.02342
513.559	0.02358
513.671	0.0236
513.782	0.02367
513.894	0.02373
514.005	0.02382
514.117	0.02385
514.229	0.02389
514.34	0.02399
514.452	0.02405
514.563	0.02414
514.675	0.02423
514.786	0.02427
514.898	0.02436
515.01	0.02439
515.121	0.02444
515.233	0.02455
515.344	0.02461
515.456	0.02467
515.567	0.0247
515.679	0.02477
515.79	0.02487
515.902	0.02502
516.013	0.02502
516.124	0.02511
516.236	0.02516
516.347	0.02526
516.459	0.02529
516.57	0.02541
516.682	0.02547
516.793	0.02557
516.904	0.02561
517.016	0.02568
517.127	0.02575
517.239	0.02583
517.35	0.0259
517.461	0.026
517.573	0.02602
517.684	0.02614
517.795	0.02622
517.907	0.02628
518.018	0.02632
518.129	0.0264
518.241	0.02649
518.352	0.02658
518.463	0.02662
518.575	0.02673
518.686	0.0268
518.797	0.02685
518.909	0.02693
519.02	0.02703
519.131	0.02708
519.242	0.02718
519.354	0.02721
519.465	0.02737
519.576	0.02742
519.687	0.02746
519.799	0.02755
519.91	0.02763
520.021	0.02774
520.132	0.02778
520.243	0.02784
520.354	0.02793
520.466	0.028
520.577	0.02812
520.688	0.02816
520.799	0.0282
520.91	0.02826
521.021	0.02844
521.133	0.02845
521.244	0.02852
521.355	0.02857
521.466	0.02864
521.577	0.02874
521.688	0.02883
521.799	0.02891
521.91	0.02894
522.021	0.02902
522.132	0.02908
522.243	0.02911
522.354	0.02922
522.466	0.02925
522.577	0.02937
522.688	0.02944
522.799	0.02952
522.91	0.0296
523.021	0.02964
523.132	0.02966
523.243	0.02984
523.354	0.02988
523.465	0.02992
523.576	0.02997
523.686	0.03003
523.797	0.0301
523.908	0.03015
524.019	0.03022
524.13	0.0303
524.241	0.03039
524.352	0.03043
524.463	0.03049
524.574	0.03054
524.685	0.03062
524.796	0.03066
524.907	0.03073
525.017	0.03088
525.128	0.03085
525.239	0.03089
525.35	0.03092
525.461	0.03091
525.572	0.03094
525.682	0.03097
525.793	0.0311
525.904	0.03112
526.015	0.03121
526.126	0.03132
526.236	0.0314
526.347	0.03147
526.458	0.03146
526.569	0.0315
526.68	0.03157
526.79	0.03159
526.901	0.03171
527.012	0.03167
527.123	0.03174
527.233	0.03179
527.344	0.03187
527.455	0.03183
527.565	0.03197
527.676	0.03203
527.787	0.03197
527.897	0.03206
528.008	0.03215
528.119	0.03216
528.229	0.03224
528.34	0.03225
528.451	0.03233
528.561	0.03233
528.672	0.03244
528.783	0.03243
528.893	0.03245
529.004	0.03247
529.114	0.03253
529.225	0.03254
529.336	0.0326
529.446	0.03259
529.557	0.03271
529.667	0.03274
529.778	0.03273
529.888	0.03278
529.999	0.03282
530.109	0.03285
530.22	0.03288
530.33	0.0329
530.441	0.03288
530.551	0.03297
530.662	0.033
530.772	0.03301
530.883	0.03301
530.993	0.03304
531.104	0.03307
531.214	0.03306
531.325	0.03314
531.435	0.03315
531.546	0.03313
531.656	0.03319
531.766	0.03318
531.877	0.03321
531.987	0.03322
532.098	0.03324
532.208	0.03326
532.318	0.03323
532.429	0.03327
532.539	0.03334
532.65	0.03334
532.76	0.03331
532.87	0.03334
532.981	0.03341
533.091	0.0334
533.201	0.03342
533.312	0.03343
533.422	0.03343
533.532	0.03341
533.642	0.03342
533.753	0.03347
533.863	0.03343
533.973	0.03349
534.083	0.03348
534.194	0.03354
534.304	0.03355
534.414	0.03357
534.524	0.03357
534.635	0.03356
534.745	0.03355
534.855	0.03359
534.965	0.0336
535.075	0.03357
535.186	0.03361
535.296	0.03362
535.406	0.03359
535.516	0.03362
535.626	0.03367
535.736	0.03367
535.847	0.03366
535.957	0.0336
536.067	0.03358
536.177	0.03369
536.287	0.0337
536.397	0.03372
536.507	0.03367
536.617	0.03369
536.727	0.03371
536.838	0.03371
536.948	0.0338
537.058	0.03368
537.168	0.03371
537.278	0.03373
537.388	0.03375
537.498	0.03374
537.608	0.03377
537.718	0.03376
537.828	0.03368
537.938	0.03374
538.048	0.03376
538.158	0.0338
538.268	0.03378
538.378	0.03384
538.488	0.03378
538.598	0.03379
538.708	0.03386
538.818	0.03384
538.928	0.03388
539.037	0.03386
539.147	0.03392
539.257	0.03387
539.367	0.03386
539.477	0.03385
539.587	0.03389
539.697	0.03385
539.807	0.03378
539.917	0.03384
540.026	0.03378
540.136	0.03381
540.246	0.03388
540.356	0.03389
540.466	0.03395
540.576	0.0339
540.685	0.0339
540.795	0.03397
540.905	0.03396
541.015	0.03394
541.125	0.0339
541.234	0.03391
541.344	0.03398
541.454	0.03397
541.564	0.03398
541.673	0.03401
541.783	0.03403
541.893	0.03404
542.003	0.03412
542.112	0.03404
542.222	0.03415
542.332	0.03409
542.441	0.03407
542.551	0.03413
542.661	0.03414
542.77	0.03414
542.88	0.03419
542.99	0.03417
543.099	0.03419
543.209	0.03418
543.319	0.0342
543.428	0.03426
543.538	0.03426
543.647	0.0343
543.757	0.03432
543.867	0.03431
543.976	0.03426
544.086	0.03439
544.195	0.03441
544.305	0.03434
544.414	0.03442
544.524	0.03441
544.634	0.03437
544.743	0.03439
544.853	0.03449
544.962	0.03447
545.072	0.03447
545.181	0.0345
545.291	0.03453
545.4	0.03456
545.51	0.03458
545.619	0.0346
545.729	0.03456
545.838	0.03455
545.947	0.03463
546.057	0.03463
546.166	0.03469
546.276	0.03465
546.385	0.0348
546.495	0.03472
546.604	0.03476
546.713	0.03471
546.823	0.0348
546.932	0.0348
547.041	0.03489
547.151	0.0349
547.26	0.03493
547.37	0.03489
547.479	0.03495
547.588	0.03501
547.698	0.03498
547.807	0.03501
547.916	0.03503
548.025	0.03508
548.135	0.03508
548.244	0.03505
548.353	0.03511
548.463	0.03516
548.572	0.03517
548.681	0.03518
548.79	0.03518
548.9	0.0352
549.009	0.03521
549.118	0.03528
549.227	0.03522
549.337	0.03531
549.446	0.03532
549.555	0.03536
549.664	0.03539
549.773	0.03538
549.883	0.03537
549.992	0.03546
550.101	0.03548
550.21	0.03545
550.319	0.03548
550.428	0.0355
550.537	0.03554
550.647	0.03549
550.756	0.03557
550.865	0.03546
550.974	0.03557
551.083	0.03553
551.192	0.03562
551.301	0.03562
551.41	0.03563
551.519	0.03569
551.628	0.03569
551.737	0.03571
551.846	0.03572
551.955	0.03576
552.064	0.03579
552.173	0.03579
552.282	0.03568
552.391	0.0358
552.5	0.03575
552.609	0.03584
552.718	0.03585
552.827	0.03579
552.936	0.03591
553.045	0.03589
553.154	0.03589
553.263	0.03588
553.372	0.03588
553.481	0.03588
553.59	0.03596
553.699	0.03594
553.808	0.03593
553.917	0.03598
554.026	0.03598
554.134	0.03594
554.243	0.03597
554.352	0.03595
554.461	0.03598
554.57	0.03593
554.679	0.03601
554.788	0.03599
554.896	0.03596
555.005	0.03595
555.114	0.03601
555.223	0.03597
555.332	0.03602
555.44	0.036
555.549	0.03599
555.658	0.03604
555.767	0.03598
555.875	0.03597
555.984	0.03599
556.093	0.03599
556.202	0.0361
556.31	0.03599
556.419	0.03599
556.528	0.03603
556.637	0.03597
556.745	0.03598
556.854	0.03594
556.963	0.03598
557.071	0.03596
557.18	0.03597
557.289	0.03594
557.397	0.0359
557.506	0.03595
557.615	0.03596
557.723	0.03595
557.832	0.0359
557.94	0.03589
558.049	0.03586
558.158	0.03587
558.266	0.03582
558.375	0.03586
558.483	0.03587
558.592	0.03583
558.701	0.03579
558.809	0.03577
558.918	0.03577
559.026	0.03579
559.135	0.03572
559.243	0.03573
559.352	0.03572
559.46	0.03569
559.569	0.03566
559.677	0.03572
559.786	0.03572
559.894	0.03566
560.003	0.0356
560.111	0.03565
560.22	0.03559
560.328	0.0355
560.436	0.03551
560.545	0.03556
560.653	0.03548
560.762	0.03548
560.87	0.03544
560.979	0.03542
561.087	0.03541
561.195	0.03536
561.304	0.03536
561.412	0.03527
561.52	0.03523
561.629	0.03527
561.737	0.03522
561.845	0.03514
561.954	0.03518
562.062	0.03507
562.17	0.03511
562.279	0.03508
562.387	0.0351
562.495	0.03501
562.604	0.03502
562.712	0.03496
562.82	0.03489
562.928	0.03487
563.037	0.03488
563.145	0.03486
563.253	0.03483
563.361	0.03478
563.47	0.03475
563.578	0.03471
563.686	0.03466
563.794	0.03466
563.902	0.03469
564.011	0.03457
564.119	0.03448
564.227	0.03444
564.335	0.03448
564.443	0.03439
564.551	0.03431
564.66	0.03429
564.768	0.03423
564.876	0.03421
564.984	0.03411
565.092	0.03415
565.2	0.03412
565.308	0.03405
565.416	0.03401
565.524	0.03394
565.632	0.03399
565.741	0.0339
565.849	0.03393
565.957	0.03381
566.065	0.03385
566.173	0.0338
566.281	0.03377
566.389	0.03368
566.497	0.03364
566.605	0.0336
566.713	0.03357
566.821	0.03347
566.929	0.03352
567.037	0.03346
567.145	0.03342
567.253	0.03339
567.361	0.03329
567.468	0.03324
567.576	0.0332
567.684	0.03313
567.792	0.03314
567.9	0.03307
568.008	0.03302
568.116	0.03302
568.224	0.03291
568.332	0.03295
568.44	0.03285
568.547	0.03278
568.655	0.03276
568.763	0.03272
568.871	0.03266
568.979	0.03263
569.087	0.03265
569.194	0.03259
569.302	0.03255
569.41	0.03252
569.518	0.03246
569.626	0.03249
569.733	0.03235
569.841	0.03236
569.949	0.0323
570.057	0.03225
570.164	0.03223
570.272	0.03221
570.38	0.03215
570.488	0.03207
570.595	0.03211
570.703	0.03203
570.811	0.03201
570.918	0.03192
571.026	0.0319
571.134	0.03187
571.242	0.03182
571.349	0.03179
571.457	0.03173
571.564	0.03169
571.672	0.0316
571.78	0.03157
571.887	0.03161
571.995	0.0315
572.103	0.03153
572.21	0.03148
572.318	0.03148
572.425	0.0314
572.533	0.03131
572.641	0.03136
572.748	0.03132
572.856	0.03122
572.963	0.03128
573.071	0.03119
573.178	0.03117
573.286	0.03111
573.393	0.0311
573.501	0.03109
573.608	0.03098
573.716	0.03099
573.823	0.03094
573.931	0.03091
574.038	0.03084
574.146	0.03081
574.253	0.03078
574.361	0.03076
574.468	0.03072
574.575	0.03072
574.683	0.03067
574.79	0.03063
574.898	0.0306
575.005	0.03061
575.113	0.03056
575.22	0.03053
575.327	0.03051
575.435	0.03043
575.542	0.03042
575.649	0.03038
575.757	0.03041
575.864	0.03035
575.971	0.03038
576.079	0.03031
576.186	0.03028
576.293	0.03025
576.401	0.03019
576.508	0.0302
576.615	0.03015
576.722	0.03017
576.83	0.03008
576.937	0.03009
577.044	0.03011
577.152	0.03008
577.259	0.02998
577.366	0.03001
577.473	0.02996
577.58	0.02997
577.688	0.02994
577.795	0.0299
577.902	0.02987
578.009	0.02983
578.116	0.02984
578.224	0.02981
578.331	0.02975
578.438	0.02976
578.545	0.02971
578.652	0.02971
578.759	0.02967
578.866	0.02965
578.974	0.02963
579.081	0.02958
579.188	0.02959
579.295	0.0296
579.402	0.02952
579.509	0.02952
579.616	0.0295
579.723	0.02949
579.83	0.0295
579.937	0.02948
580.044	0.02947
580.151	0.02941
580.258	0.02943
580.365	0.02938
580.472	0.02937
580.579	0.02934
580.686	0.02938
580.793	0.02932
580.9	0.02932
581.007	0.0293
581.114	0.02933
581.221	0.02928
581.328	0.02922
581.435	0.0292
581.542	0.02917
581.649	0.02916
581.756	0.02913
581.863	0.02913
581.97	0.02912
582.077	0.02912
582.183	0.02907
582.29	0.02909
582.397	0.02911
582.504	0.02903
582.611	0.02898
582.718	0.02896
582.825	0.02893
582.931	0.02895
583.038	0.02898
583.145	0.02896
583.252	0.0289
583.359	0.02891
583.465	0.02883
583.572	0.02883
583.679	0.02885
583.786	0.02881
583.892	0.02882
583.999	0.02886
584.106	0.02881
584.213	0.02872
584.319	0.02874
584.426	0.02875
584.533	0.02874
584.64	0.0287
584.746	0.02865
584.853	0.02867
584.96	0.02866
585.066	0.02865
585.173	0.02863
585.28	0.02865
585.386	0.02857
585.493	0.0286
585.6	0.02856
585.706	0.02855
585.813	0.02851
585.919	0.02856
586.026	0.02852
586.133	0.02848
586.239	0.02847
586.346	0.02845
586.452	0.02845
586.559	0.02845
586.666	0.02842
586.772	0.02844
586.879	0.0284
586.985	0.02841
587.092	0.0284
587.198	0.0284
587.305	0.02833
587.411	0.02841
587.518	0.02834
587.624	0.02835
587.731	0.02829
587.837	0.02839
587.944	0.02829
588.05	0.02829
588.157	0.02826
588.263	0.02826
588.369	0.02829
588.476	0.0283
588.582	0.02826
588.689	0.02824
588.795	0.02821
588.901	0.02822
589.008	0.02817
589.114	0.02823
589.221	0.02818
589.327	0.02817
589.433	0.02814
589.54	0.02816
589.646	0.02811
589.752	0.02808
589.859	0.02808
589.965	0.02804
590.071	0.02811
590.178	0.02806
590.284	0.02802
590.39	0.02803
590.496	0.02804
590.603	0.02803
590.709	0.02807
590.815	0.02803
590.921	0.02798
591.028	0.02795
591.134	0.02801
591.24	0.02803
591.346	0.02799
591.453	0.02795
591.559	0.02798
591.665	0.02794
591.771	0.02801
591.877	0.02798
591.984	0.02798
592.09	0.02796
592.196	0.02793
592.302	0.0279
592.408	0.02791
592.514	0.02796
592.62	0.02789
592.726	0.0279
592.833	0.02791
592.939	0.02789
593.045	0.02787
593.151	0.02793
593.257	0.02789
593.363	0.02784
593.469	0.02788
593.575	0.02781
593.681	0.02784
593.787	0.02782
593.893	0.02783
593.999	0.02785
594.105	0.02781
594.211	0.02786
594.317	0.02786
594.423	0.02782
594.529	0.02781
594.635	0.02784
594.741	0.02778
594.847	0.02784
594.953	0.02778
595.059	0.02777
595.165	0.02779
595.271	0.02779
595.377	0.02783
595.483	0.02776
595.589	0.02778
595.695	0.02777
595.8	0.02782
595.906	0.02779
596.012	0.02782
596.118	0.02776
596.224	0.02782
596.33	0.02777
596.436	0.02775
596.541	0.02773
596.647	0.02778
596.753	0.0278
596.859	0.02775
596.965	0.02775
597.071	0.02766
597.176	0.02769
597.282	0.02767
597.388	0.02773
597.494	0.02772
597.599	0.02772
597.705	0.02767
597.811	0.02764
597.917	0.02766
598.022	0.02768
598.128	0.02769
598.234	0.02763
598.339	0.02765
598.445	0.02769
598.551	0.02761
598.657	0.02763
598.762	0.02763
598.868	0.02764
598.974	0.02764
599.079	0.02766
599.185	0.02766
599.29	0.02761
599.396	0.02761
599.502	0.02758
599.607	0.02764
599.713	0.02758
599.818	0.02762
599.924	0.02756
600.03	0.02763
600.135	0.02757
600.241	0.02757
600.346	0.02756
600.452	0.02754
600.557	0.02756
600.663	0.02757
600.768	0.02753
600.874	0.02752
600.98	0.02748
601.085	0.02751
601.191	0.02753
601.296	0.02749
601.401	0.02745
601.507	0.02748
601.612	0.02743
601.718	0.02742
601.823	0.02746
601.929	0.02741
602.034	0.02744
602.14	0.02742
602.245	0.02746
602.35	0.02744
602.456	0.02743
602.561	0.02735
602.667	0.02738
602.772	0.02737
602.877	0.02742
602.983	0.02733
603.088	0.02737
603.193	0.02734
603.299	0.02732
603.404	0.02732
603.509	0.02729
603.615	0.02727
603.72	0.02728
603.825	0.02727
603.931	0.02731
604.036	0.02727
604.141	0.02728
604.246	0.02727
604.352	0.02723
604.457	0.02718
604.562	0.02722
604.667	0.0272
604.773	0.02713
604.878	0.0272
604.983	0.02719
605.088	0.02719
605.193	0.02711
605.299	0.02715
605.404	0.02713
605.509	0.02713
605.614	0.02712
605.719	0.02709
605.824	0.02708
605.93	0.02703
606.035	0.02702
606.14	0.02704
606.245	0.02702
606.35	0.02703
606.455	0.02702
606.56	0.027
606.665	0.02702
606.708	0.02694
606.814	0.02695
606.92	0.02694
607.026	0.02691
607.132	0.02689
607.238	0.02687
607.344	0.02685
607.451	0.02685
607.557	0.02682
607.663	0.0268
607.769	0.02682
607.875	0.02681
607.981	0.02676
608.087	0.02674
608.193	0.02673
608.299	0.0267
608.405	0.02668
608.511	0.02665
608.617	0.02666
608.723	0.02665
608.829	0.02668
608.935	0.02663
609.041	0.02661
609.147	0.02663
609.253	0.02657
609.359	0.02657
609.465	0.02658
609.571	0.02658
609.677	0.02662
609.782	0.02654
609.888	0.02656
609.994	0.02655
610.1	0.02654
610.206	0.02649
610.312	0.02656
610.418	0.02652
610.524	0.02654
610.629	0.02653
610.735	0.02654
610.841	0.02652
610.947	0.0265
611.053	0.02649
611.159	0.02648
611.264	0.02643
611.37	0.02644
611.476	0.02641
611.582	0.02636
611.687	0.0264
611.793	0.02636
611.899	0.02634
612.005	0.0264
612.11	0.02629
612.216	0.02636
612.322	0.02633
612.428	0.02636
612.533	0.02629
612.639	0.02628
612.745	0.02626
612.85	0.02625
612.956	0.02623
613.062	0.02628
613.167	0.0262
613.273	0.02627
613.379	0.02624
613.484	0.02623
613.59	0.02622
613.696	0.02619
613.801	0.02616
613.907	0.0262
614.012	0.02617
614.118	0.02616
614.224	0.02615
614.329	0.02614
614.435	0.02612
614.54	0.02614
614.646	0.02613
614.751	0.02616
614.857	0.02611
614.962	0.02613
615.068	0.02613
615.173	0.02612
615.279	0.02611
615.384	0.02608
615.49	0.02611
615.595	0.02611
615.701	0.02608
615.806	0.02608
615.912	0.02606
616.017	0.02609
616.123	0.02607
616.228	0.02604
616.333	0.02602
616.439	0.02602
616.544	0.02602
616.65	0.02597
616.755	0.02601
616.86	0.026
616.966	0.02596
617.071	0.02598
617.177	0.02604
617.282	0.02599
617.387	0.02597
617.493	0.02598
617.598	0.026
617.703	0.02594
617.809	0.02596
617.914	0.02593
618.019	0.02599
618.124	0.02598
618.23	0.02596
618.335	0.02595
618.44	0.02593
618.545	0.02594
618.651	0.02594
618.756	0.02598
618.861	0.02594
618.966	0.02593
619.072	0.02591
619.177	0.02591
619.282	0.0259
619.387	0.02585
619.492	0.02591
619.598	0.02592
619.703	0.02588
619.808	0.02585
619.913	0.02588
620.018	0.0259
620.123	0.02586
620.228	0.02586
620.334	0.02589
620.439	0.02589
620.544	0.02585
620.649	0.02587
620.754	0.02584
620.859	0.02586
620.964	0.02585
621.069	0.02589
621.174	0.02585
621.279	0.02585
621.384	0.02584
621.489	0.02588
621.594	0.02583
621.699	0.02585
621.804	0.02584
621.909	0.02583
622.014	0.02584
622.119	0.02585
622.224	0.0258
622.329	0.02585
622.434	0.02584
622.539	0.02584
622.644	0.02588
622.749	0.02583
622.854	0.02585
622.959	0.02589
623.064	0.02584
623.169	0.02591
623.274	0.02587
623.378	0.02592
623.483	0.02584
623.588	0.02587
623.693	0.02592
623.798	0.02585
623.903	0.02586
624.008	0.02587
624.112	0.02585
624.217	0.02587
624.322	0.02584
624.427	0.02589
624.532	0.02586
624.637	0.02591
624.741	0.0259
624.846	0.02584
624.951	0.02589
625.056	0.0259
625.16	0.02593
625.265	0.02587
625.37	0.02585
625.475	0.02585
625.579	0.02588
625.684	0.02593
625.789	0.02586
625.893	0.02587
625.998	0.02593
626.103	0.02589
626.207	0.0259
626.312	0.02592
626.417	0.02591
626.521	0.02593
626.626	0.02596
626.731	0.02592
626.835	0.02594
626.94	0.02602
627.044	0.02603
627.149	0.02605
627.254	0.02601
627.358	0.026
627.463	0.02593
627.567	0.02588
627.672	0.0259
627.776	0.02587
627.881	0.02595
627.986	0.02594
628.09	0.02602
628.195	0.02605
628.299	0.02598
628.404	0.02604
628.508	0.02601
628.613	0.02604
628.717	0.02606
628.822	0.02601
628.926	0.02605
629.03	0.02602
629.135	0.02603
629.239	0.02604
629.344	0.02604
629.448	0.02605
629.553	0.02607
629.657	0.02608
629.761	0.02606
629.866	0.02609
629.97	0.02606
630.075	0.02611
630.179	0.02608
630.283	0.02606
630.388	0.02609
630.492	0.02609
630.596	0.02612
630.701	0.02615
630.805	0.02612
630.909	0.0261
631.014	0.02612
631.118	0.02612
631.222	0.02612
631.326	0.02615
631.431	0.02614
631.535	0.02612
631.639	0.02611
631.743	0.02611
631.848	0.02611
631.952	0.02611
632.056	0.02614
632.16	0.02611
632.265	0.02616
632.369	0.02615
632.473	0.02617
632.577	0.02617
632.681	0.02613
632.785	0.02619
632.89	0.02619
632.994	0.02614
633.098	0.02619
633.202	0.02611
633.306	0.02606
633.41	0.0261
633.514	0.02614
633.618	0.02612
633.723	0.02613
633.827	0.0261
633.931	0.02609
634.035	0.02611
634.139	0.0261
634.243	0.02608
634.347	0.02609
634.451	0.02611
634.555	0.02603
634.659	0.02609
634.763	0.02603
634.867	0.02602
634.971	0.02602
635.075	0.02601
635.179	0.02607
635.283	0.02602
635.387	0.02604
635.491	0.02604
635.595	0.02599
635.699	0.02599
635.803	0.02597
635.907	0.02597
636.01	0.02594
636.114	0.02596
636.218	0.02588
636.322	0.02591
636.426	0.02596
636.53	0.02587
636.634	0.02588
636.738	0.02588
636.841	0.02584
636.945	0.0258
637.049	0.02585
637.153	0.02582
637.257	0.02582
637.361	0.02578
637.464	0.02579
637.568	0.02575
637.672	0.02572
637.776	0.02574
637.88	0.02569
637.983	0.02567
638.087	0.02562
638.191	0.02571
638.294	0.02564
638.398	0.02566
638.502	0.02559
638.606	0.02558
638.709	0.02557
638.813	0.02552
638.917	0.02556
639.02	0.02553
639.124	0.02549
639.228	0.0255
639.331	0.02552
639.435	0.02546
639.539	0.02545
639.642	0.02541
639.746	0.02538
639.85	0.0254
639.953	0.02539
640.057	0.02534
640.16	0.02536
640.264	0.02532
640.367	0.0253
640.471	0.02529
640.575	0.0253
640.678	0.02527
640.782	0.02522
640.885	0.02515
640.989	0.02513
641.092	0.02503
641.196	0.02507
641.299	0.02503
641.403	0.02509
641.506	0.025
641.61	0.02501
641.713	0.02504
641.817	0.02499
641.92	0.02495
642.024	0.02488
642.127	0.02494
642.23	0.02485
642.334	0.02488
642.437	0.02484
642.541	0.02485
642.644	0.02484
642.747	0.02482
642.851	0.02472
642.954	0.02478
643.057	0.02471
643.161	0.02472
643.264	0.02474
643.368	0.02468
643.471	0.02468
643.574	0.02466
643.677	0.02463
643.781	0.02457
643.884	0.02461
643.987	0.02456
644.091	0.0245
644.194	0.02454
644.297	0.02451
644.4	0.02451
644.504	0.02453
644.607	0.02441
644.71	0.02445
644.813	0.02443
644.917	0.02442
645.02	0.02438
645.123	0.02442
645.226	0.02431
645.329	0.02432
645.433	0.02429
645.536	0.02426
645.639	0.02422
645.742	0.02429
645.845	0.02424
645.948	0.02419
646.051	0.02418
646.154	0.02421
646.258	0.02414
646.361	0.02416
646.464	0.02409
646.567	0.02409
646.67	0.0241
646.773	0.02409
646.876	0.02407
646.979	0.02409
647.082	0.02405
647.185	0.02402
647.288	0.02397
647.391	0.02395
647.494	0.02396
647.597	0.02398
647.7	0.02394
647.803	0.02398
647.906	0.0239
648.009	0.02394
648.112	0.02388
648.215	0.02387
648.318	0.02382
648.421	0.02388
648.524	0.02386
648.627	0.02381
648.73	0.02383
648.833	0.02378
648.936	0.02381
649.038	0.02378
649.141	0.02378
649.244	0.02378
649.347	0.0238
649.45	0.02378
649.553	0.02375
649.656	0.02376
649.758	0.02373
649.861	0.02374
649.964	0.02374
650.067	0.02374
650.17	0.02375
650.272	0.02373
650.375	0.02374
650.478	0.02375
650.581	0.0237
650.683	0.02375
650.786	0.02369
650.889	0.02365
650.992	0.02369
651.094	0.02369
651.197	0.02368
651.3	0.02366
651.403	0.02366
651.505	0.02363
651.608	0.02366
651.711	0.02365
651.813	0.02359
651.916	0.02362
652.019	0.02361
652.121	0.0236
652.224	0.02358
652.326	0.02355
652.429	0.02363
652.532	0.02357
652.634	0.02354
652.737	0.02358
652.839	0.02361
652.942	0.02351
653.045	0.02355
653.147	0.02357
653.25	0.02356
653.352	0.02355
653.455	0.02349
653.557	0.0235
653.66	0.02352
653.762	0.02351
653.865	0.02356
653.967	0.02345
654.07	0.0235
654.172	0.02353
654.275	0.02349
654.377	0.02348
654.48	0.02345
654.582	0.02342
654.685	0.02345
654.787	0.02345
654.889	0.02344
654.992	0.02346
655.094	0.02337
655.197	0.0234
655.299	0.02342
655.401	0.02339
655.504	0.02337
655.606	0.02339
655.708	0.02337
655.811	0.02341
655.913	0.02335
656.015	0.02337
656.118	0.02336
656.22	0.02331
656.322	0.02334
656.425	0.02328
656.527	0.02325
656.629	0.02328
656.731	0.02329
656.834	0.02326
656.936	0.02328
657.038	0.02327
657.14	0.02325
657.243	0.02325
657.345	0.02322
657.447	0.0232
657.549	0.02319
657.652	0.02323
657.754	0.02322
657.856	0.02317
657.958	0.02319
658.06	0.02318
658.162	0.02313
658.265	0.02312
658.367	0.02312
658.469	0.02307
658.571	0.0231
658.673	0.02309
658.775	0.02303
658.877	0.02304
658.979	0.02301
659.081	0.023
659.183	0.02305
659.286	0.023
659.388	0.02299
659.49	0.02298
659.592	0.023
659.694	0.02295
659.796	0.02294
659.898	0.02288
660	0.02295
660.102	0.02287
660.204	0.02284
660.306	0.02282
660.408	0.02284
660.51	0.02285
660.612	0.02282
660.714	0.0228
660.816	0.02278
660.917	0.02276
661.019	0.02274
661.121	0.02275
661.223	0.02279
661.325	0.02275
661.427	0.02276
661.529	0.02271
661.631	0.02266
661.733	0.02273
661.834	0.02264
661.936	0.02265
662.038	0.02265
662.14	0.02263
662.242	0.0226
662.344	0.02265
662.445	0.02259
662.547	0.02255
662.649	0.02256
662.751	0.02253
662.853	0.02252
662.954	0.02258
663.056	0.02246
663.158	0.02253
663.26	0.02249
663.361	0.02244
663.463	0.02246
663.565	0.02244
663.667	0.02246
663.768	0.02243
663.87	0.02243
663.972	0.02243
664.073	0.02238
664.175	0.02242
664.277	0.02235
664.378	0.02242
664.48	0.02239
664.582	0.02236
664.683	0.02236
664.785	0.02232
664.886	0.02237
664.988	0.02234
665.09	0.02232
665.191	0.02231
665.293	0.02237
665.394	0.02231
665.496	0.0223
665.597	0.0223
665.699	0.0223
665.8	0.0223
665.902	0.0223
666.004	0.02234
666.105	0.02226
666.207	0.02227
666.308	0.02222
666.41	0.02223
666.511	0.02222
666.612	0.02222
666.714	0.02225
666.815	0.02224
666.917	0.02223
667.018	0.02225
667.12	0.02227
667.221	0.02218
667.323	0.02216
667.424	0.02214
667.525	0.02214
667.627	0.02217
667.728	0.02216
667.829	0.02216
667.931	0.02215
668.032	0.02215
668.134	0.02211
668.235	0.02211
668.336	0.02214
668.438	0.02218
668.539	0.02214
668.64	0.02216
668.741	0.02213
668.843	0.02214
668.944	0.02213
669.045	0.02209
669.147	0.02214
669.248	0.02211
669.349	0.02211
669.45	0.0221
669.551	0.02213
669.653	0.02211
669.754	0.02209
669.855	0.02212
669.956	0.02214
670.057	0.02216
670.159	0.02212
670.26	0.02215
670.361	0.02216
670.462	0.02214
670.563	0.0221
670.664	0.0222
670.766	0.02211
670.867	0.02211
670.968	0.02216
671.069	0.02213
671.17	0.02217
671.271	0.02216
671.372	0.02214
671.473	0.02218
671.574	0.02213
671.675	0.02222
671.776	0.0222
671.877	0.02217
671.978	0.02212
672.079	0.02222
672.181	0.02215
672.282	0.02219
672.383	0.02222
672.483	0.02221
672.584	0.02217
672.685	0.02221
672.786	0.02223
672.887	0.02219
672.988	0.02224
673.089	0.02223
673.19	0.0223
673.291	0.02228
673.392	0.02228
673.493	0.02227
673.594	0.02225
673.695	0.0223
673.796	0.02229
673.896	0.02228
673.997	0.02226
674.098	0.0224
674.199	0.02232
674.3	0.02236
674.401	0.02236
674.502	0.02238
674.602	0.02242
674.703	0.02234
674.804	0.02239
674.905	0.0224
675.005	0.0224
675.106	0.0224
675.207	0.02242
675.308	0.02243
675.409	0.02245
675.509	0.02242
675.61	0.02239
675.711	0.02241
675.811	0.02246
675.912	0.02246
676.013	0.02244
676.114	0.02251
676.214	0.0225
676.315	0.02247
676.416	0.02248
676.516	0.02249
676.617	0.02253
676.717	0.02253
676.818	0.02245
676.919	0.02258
677.019	0.02259
677.12	0.02255
677.221	0.02256
677.321	0.0226
677.422	0.0226
677.522	0.02265
677.623	0.02263
677.723	0.02265
677.824	0.02265
677.924	0.02263
678.025	0.02271
678.126	0.02264
678.226	0.02271
678.327	0.02266
678.427	0.02273
678.528	0.02275
678.628	0.02278
678.728	0.02277
678.829	0.02282
678.929	0.02281
679.03	0.02281
679.13	0.02282
679.231	0.02286
679.331	0.02281
679.432	0.02291
679.532	0.02286
679.632	0.02287
679.733	0.02291
679.833	0.02292
679.933	0.02293
680.034	0.02294
680.134	0.02294
680.235	0.02298
680.335	0.02304
680.435	0.02303
680.536	0.02307
680.636	0.02306
680.736	0.0231
680.836	0.02313
680.937	0.02314
681.037	0.02316
681.137	0.02319
681.238	0.02325
681.338	0.02326
681.438	0.02319
681.538	0.02325
681.639	0.02328
681.739	0.02329
681.839	0.02332
681.939	0.02334
682.039	0.02333
682.14	0.02338
682.24	0.02339
682.34	0.02344
682.44	0.02344
682.54	0.02347
682.64	0.02349
682.741	0.02357
682.841	0.02362
682.941	0.02361
683.041	0.02362
683.141	0.02366
683.241	0.02365
683.341	0.02377
683.441	0.0238
683.541	0.02383
683.641	0.02389
683.741	0.0239
683.841	0.02393
683.942	0.02397
684.042	0.02396
684.142	0.02403
684.242	0.02412
684.342	0.02404
684.442	0.02412
684.542	0.02416
684.642	0.02425
684.742	0.02429
684.841	0.02429
684.941	0.02436
685.041	0.02433
685.141	0.0244
685.241	0.02444
685.341	0.02449
685.441	0.02452
685.541	0.02454
685.641	0.02462
685.741	0.02466
685.841	0.02479
685.941	0.02479
686.04	0.02477
686.14	0.02486
686.24	0.02495
686.34	0.02496
686.44	0.02504
686.54	0.02507
686.639	0.02519
686.739	0.02519
686.839	0.0252
686.939	0.02528
687.039	0.0254
687.138	0.02545
687.238	0.02552
687.338	0.02561
687.438	0.02567
687.537	0.02566
687.637	0.02573
687.737	0.02586
687.836	0.02584
687.936	0.02599
688.036	0.02607
688.136	0.02616
688.235	0.02626
688.335	0.02633
688.435	0.02643
688.534	0.02643
688.634	0.02655
688.733	0.02665
688.833	0.02672
688.933	0.02679
689.032	0.02691
689.132	0.02699
689.232	0.02706
689.331	0.02716
689.431	0.02726
689.53	0.0274
689.63	0.02749
689.729	0.02761
689.829	0.02771
689.928	0.02786
690.028	0.02794
690.128	0.02806
690.227	0.02819
690.327	0.02827
690.426	0.02841
690.526	0.02847
690.625	0.0286
690.724	0.02874
690.824	0.02888
690.923	0.02897
691.023	0.02911
691.122	0.02929
691.222	0.02936
691.321	0.02951
691.421	0.02966
691.52	0.02983
691.619	0.02992
691.719	0.03014
691.818	0.0302
691.917	0.03034
692.017	0.03054
692.116	0.0306
692.215	0.03087
692.315	0.031
692.414	0.03114
692.513	0.03138
692.613	0.03144
692.712	0.03161
692.811	0.03173
692.911	0.03198
693.01	0.03219
693.109	0.03235
693.208	0.03246
693.308	0.03263
693.407	0.03283
693.506	0.033
693.605	0.03324
693.705	0.03343
693.804	0.03357
693.903	0.03387
694.002	0.034
694.101	0.03425
694.201	0.03439
694.3	0.03467
694.399	0.03478
694.498	0.03503
694.597	0.03532
694.696	0.03546
694.795	0.03577
694.895	0.03599
694.994	0.03627
695.093	0.03633
695.192	0.03665
695.291	0.03688
695.39	0.0371
695.489	0.03741
695.588	0.03756
695.687	0.03778
695.786	0.03806
695.885	0.03828
695.984	0.03854
696.083	0.03888
696.182	0.03913
696.281	0.03932
696.38	0.03961
696.479	0.03984
696.578	0.04021
696.677	0.04035
696.776	0.04067
696.875	0.04098
696.974	0.04122
697.073	0.04154
697.172	0.04184
697.271	0.04209
697.37	0.0423
697.469	0.04265
697.568	0.04289
697.666	0.04327
697.765	0.04351
697.864	0.04385
697.963	0.04412
698.062	0.04438
698.161	0.04478
698.26	0.04509
698.358	0.04535
698.457	0.04571
698.556	0.04598
698.655	0.04635
698.754	0.04669
698.852	0.04698
698.951	0.04733
699.05	0.04772
699.149	0.04802
699.247	0.04839
699.346	0.04862
699.445	0.04898
699.544	0.04926
699.642	0.04967
699.741	0.05004
699.84	0.05032
699.938	0.05068
700.037	0.05107
700.136	0.05142
700.234	0.05178
700.333	0.05213
700.432	0.0525
700.53	0.05283
700.629	0.05317
700.728	0.05364
700.826	0.05397
700.925	0.05432
701.023	0.05463
701.122	0.05504
701.221	0.0554
701.319	0.05575
701.418	0.0562
701.516	0.05655
701.615	0.05688
701.713	0.0574
701.812	0.05765
701.91	0.05805
702.023	0.05846
702.263	0.05924
702.502	0.06013
702.741	0.06095
702.981	0.06197
703.22	0.06274
703.46	0.06364
703.699	0.06458
703.938	0.06548
704.177	0.06636
704.417	0.06736
704.656	0.06838
704.895	0.0692
705.134	0.07012
705.374	0.07094
705.613	0.07181
705.852	0.07277
706.091	0.07379
706.33	0.07486
706.57	0.07555
706.809	0.07672
707.048	0.07779
707.287	0.07846
707.526	0.07944
707.765	0.08038
708.004	0.0812
708.243	0.08231
708.482	0.08317
708.721	0.08395
708.961	0.08485
709.2	0.08602
709.439	0.08696
709.678	0.08797
709.917	0.08894
710.155	0.08972
710.394	0.09076
710.633	0.09177
710.872	0.09278
711.111	0.09372
711.35	0.09486
711.589	0.09577
711.828	0.09663
712.067	0.09751
712.306	0.09849
712.544	0.09952
712.783	0.10055
713.022	0.10141
713.261	0.10226
713.5	0.10338
713.738	0.10442
713.977	0.10497
714.216	0.10617
714.455	0.10716
714.693	0.10812
714.932	0.10927
715.171	0.11009
715.41	0.11086
715.648	0.11181
715.887	0.11296
716.126	0.1139
716.364	0.11461
716.603	0.11528
716.841	0.11653
717.08	0.11735
717.319	0.11854
717.557	0.1193
717.796	0.12029
718.034	0.1211
718.273	0.12216
718.511	0.12319
718.75	0.12377
718.988	0.12454
719.227	0.12543
719.465	0.12645
719.704	0.12747
719.942	0.12818
720.181	0.12917
720.419	0.1297
720.657	0.13105
720.896	0.1317
721.134	0.13283
721.373	0.13359
721.611	0.13451
721.849	0.13548
722.088	0.13586
722.326	0.13689
722.564	0.13775
722.803	0.13881
723.041	0.13961
723.279	0.14055
723.517	0.14119
723.756	0.14191
723.994	0.14272
724.232	0.14346
724.47	0.14436
724.708	0.14512
724.947	0.14598
725.185	0.14665
725.423	0.14727
725.661	0.14809
725.899	0.14858
726.137	0.14943
726.375	0.15018
726.613	0.15077
726.852	0.15175
727.09	0.15241
727.328	0.15313
727.566	0.15391
727.804	0.15436
728.042	0.15514
728.28	0.15581
728.518	0.15665
728.756	0.15732
728.994	0.15762
729.232	0.15889
729.469	0.15938
729.707	0.15963
729.945	0.16067
730.183	0.16135
730.421	0.16222
730.659	0.16247
730.897	0.16287
731.135	0.16383
731.372	0.16421
731.61	0.16474
731.848	0.1653
732.086	0.16611
732.324	0.16638
732.561	0.16714
732.799	0.16767
733.037	0.16862
733.275	0.16868
733.512	0.16915
733.75	0.16998
733.988	0.17072
734.225	0.17135
734.463	0.17155
734.701	0.17198
734.938	0.17288
735.176	0.17323
735.414	0.17353
735.651	0.17412
735.889	0.17463
736.126	0.17512
736.364	0.17531
736.601	0.17575
736.839	0.17644
737.076	0.17681
737.314	0.17752
737.551	0.17776
737.789	0.17825
738.026	0.17882
738.264	0.17915
738.501	0.17965
738.739	0.18015
738.976	0.18015
739.213	0.18092
739.451	0.18108
739.688	0.1816
739.926	0.18222
740.163	0.18239
740.4	0.18278
740.638	0.18298
740.875	0.18366
741.112	0.1839
741.349	0.18407
741.587	0.18484
741.824	0.18524
742.061	0.18533
742.299	0.1858
742.536	0.18625
742.773	0.18649
743.01	0.18681
743.247	0.18739
743.484	0.18778
743.722	0.18804
743.959	0.1884
744.196	0.18828
744.433	0.18898
744.67	0.18939
744.907	0.1896
745.144	0.18926
745.381	0.19006
745.618	0.19045
745.855	0.19084
746.092	0.19089
746.329	0.19115
746.566	0.19144
746.803	0.19158
747.04	0.19188
747.277	0.19225
747.514	0.1925
747.751	0.19286
747.988	0.193
748.225	0.19336
748.462	0.19336
748.699	0.19386
748.936	0.19382
749.173	0.19438
749.409	0.19459
749.646	0.19501
749.883	0.1949
750.12	0.19539
750.357	0.1953
750.593	0.19602
750.83	0.19584
751.067	0.19619
751.304	0.19629
751.54	0.1966
751.777	0.19683
752.014	0.19657
752.25	0.19708
752.487	0.19717
752.724	0.19795
752.96	0.19774
753.197	0.19774
753.434	0.19805
753.67	0.19825
753.907	0.19871
754.144	0.19878
754.38	0.19876
754.617	0.19924
754.853	0.19928
755.09	0.19958
755.326	0.19967
755.563	0.19966
755.799	0.19989
756.036	0.19975
756.272	0.1999
756.509	0.20014
756.745	0.20061
756.981	0.20067
757.218	0.20049
757.454	0.20095
757.691	0.20103
757.927	0.20141
758.163	0.201
758.4	0.20118
758.636	0.20148
758.872	0.20213
759.109	0.20213
759.345	0.20218
759.581	0.20254
759.818	0.20258
760.054	0.20232
760.29	0.20265
760.526	0.203
760.762	0.20311
760.999	0.20337
761.235	0.20389
761.471	0.2033
761.707	0.20306
761.943	0.20363
762.179	0.2036
762.416	0.20425
762.652	0.20386
762.888	0.20433
763.124	0.20459
763.36	0.20395
763.596	0.20465
763.832	0.20447
764.068	0.20466
764.304	0.20497
764.54	0.2049
764.776	0.20513
765.012	0.20517
765.248	0.2052
765.484	0.20514
765.72	0.20533
765.956	0.2058
766.192	0.20579
766.428	0.20555
766.664	0.20622
766.899	0.20594
767.135	0.20604
767.371	0.20655
767.607	0.20624
767.843	0.20625
768.079	0.20622
768.314	0.20671
768.55	0.20673
768.786	0.20665
769.022	0.20662
769.257	0.2069
769.493	0.20717
769.729	0.20738
769.965	0.20754
770.2	0.20766
770.436	0.20751
770.672	0.20737
770.907	0.20751
771.143	0.20771
771.379	0.20778
771.614	0.20774
771.85	0.20772
772.085	0.20808
772.321	0.20825
772.557	0.20842
772.792	0.20837
773.028	0.20829
773.263	0.20863
773.499	0.20845
773.734	0.20901
773.97	0.20907
774.205	0.20896
774.441	0.20906
774.676	0.20928
774.911	0.20911
775.147	0.20924
775.382	0.20908
775.618	0.20935
775.853	0.20963
776.088	0.20947
776.324	0.20933
776.559	0.20947
776.794	0.20959
777.03	0.20984
777.265	0.20962
777.5	0.21009
777.735	0.20987
777.971	0.20994
778.206	0.21032
778.441	0.21047
778.676	0.21072
778.912	0.21059
779.147	0.21045
779.382	0.21137
779.617	0.21105
779.852	0.21095
780.087	0.21084
780.323	0.21121
780.558	0.21102
780.793	0.21103
781.028	0.2106
781.263	0.21169
781.498	0.21139
781.733	0.21132
781.968	0.21151
782.203	0.21167
782.438	0.21161
782.673	0.21188
782.908	0.21195
783.143	0.21168
783.378	0.212
783.613	0.21196
783.848	0.21273
784.083	0.21223
784.318	0.21243
784.553	0.21241
784.787	0.21242
785.022	0.21252
785.257	0.212
785.492	0.21225
785.727	0.21271
785.962	0.21262
786.196	0.21296
786.431	0.21293
786.666	0.21352
786.901	0.21362
787.135	0.21379
787.37	0.21379
787.605	0.21351
787.84	0.21401
788.074	0.21363
788.309	0.21425
788.544	0.21426
788.778	0.21379
789.013	0.21369
789.248	0.2141
789.482	0.21428
789.717	0.21398
789.951	0.21392
790.186	0.21427
790.42	0.21387
790.655	0.2151
790.89	0.21463
791.124	0.21438
791.359	0.21468
791.593	0.21497
791.828	0.2148
792.062	0.21524
792.296	0.21502
792.531	0.215
792.765	0.215
793	0.21498
793.234	0.21449
793.468	0.21543
793.703	0.21516
793.937	0.21524
794.172	0.21511
794.406	0.21494
794.64	0.21529
794.875	0.21568
795.109	0.21562
795.343	0.21568
795.577	0.21583
795.812	0.21624
796.046	0.21596
796.28	0.21611
796.514	0.21604
796.748	0.21637
796.983	0.21646
797.217	0.21631
797.451	0.21679
797.685	0.21682
797.919	0.21639
798.153	0.21685
798.387	0.2165
798.622	0.21646
798.856	0.21663
799.09	0.21648
799.324	0.21651
799.558	0.21711
799.792	0.2173
800.026	0.21709
800.26	0.21763
800.494	0.21737
800.728	0.21773
800.962	0.21763
801.196	0.21744
801.43	0.21798
801.664	0.21753
801.897	0.21813
802.131	0.21737
802.365	0.21768
802.599	0.21762
802.833	0.21752
803.067	0.21784
803.301	0.2173
803.534	0.21787
803.768	0.21812
804.002	0.21788
804.236	0.21789
804.47	0.21837
804.703	0.21807
804.937	0.21865
805.171	0.21885
805.404	0.21896
805.638	0.21874
805.872	0.21898
806.106	0.21888
806.339	0.21859
806.573	0.21893
806.806	0.21904
807.04	0.21889
807.274	0.21901
807.507	0.21896
807.741	0.21874
807.974	0.21925
808.208	0.21922
808.441	0.21913
808.675	0.21952
808.908	0.21915
809.142	0.21979
809.375	0.22015
809.609	0.22024
809.842	0.21991
810.076	0.21997
810.309	0.22072
810.543	0.22031
810.776	0.22021
811.009	0.22007
811.243	0.22035
811.476	0.22043
811.71	0.22013
811.943	0.22017
812.176	0.21995
812.41	0.21994
812.643	0.22072
812.876	0.22064
813.109	0.22076
813.343	0.22058
813.576	0.22053
813.809	0.22096
814.042	0.22062
814.275	0.22126
814.509	0.22122
814.742	0.22138
814.975	0.22112
815.208	0.22133
815.441	0.22136
815.674	0.22161
815.908	0.22187
816.141	0.22174
816.374	0.22151
816.607	0.22158
816.84	0.22129
817.073	0.22132
817.306	0.22144
817.539	0.22163
817.772	0.22178
818.005	0.22198
818.238	0.22237
818.471	0.22245
818.704	0.22281
818.937	0.22264
819.17	0.22228
819.403	0.22241
819.635	0.22256
819.868	0.22265
820.101	0.22279
820.334	0.2232
820.567	0.22321
820.8	0.22302
821.032	0.22326
821.265	0.22317
821.498	0.22314
821.731	0.22294
821.964	0.22278
822.196	0.22333
822.429	0.22289
822.662	0.22259
822.895	0.22342
823.127	0.22299
823.36	0.22345
823.593	0.22331
823.825	0.22341
824.058	0.2238
824.29	0.22388
824.523	0.22357
824.756	0.22386
824.988	0.22427
825.221	0.22458
825.453	0.22421
825.686	0.22469
825.918	0.22454
826.151	0.22507
826.383	0.2243
826.616	0.22446
826.848	0.22459
827.081	0.22465
827.313	0.22446
827.546	0.22447
827.778	0.22436
828.011	0.22428
828.243	0.22477
828.475	0.22494
828.708	0.22491
828.94	0.22488
829.173	0.22551
829.405	0.22567
829.637	0.22574
829.869	0.22609
830.102	0.22565
830.334	0.22571
830.566	0.22572
830.799	0.22588
831.031	0.22581
831.263	0.22528
831.495	0.22551
831.727	0.22548
831.96	0.22532
832.192	0.22604
832.424	0.22543
832.656	0.22581
832.888	0.22575
833.12	0.2256
833.352	0.22621
833.585	0.22609
833.817	0.2267
834.049	0.22678
834.281	0.22673
834.513	0.2272
834.745	0.22727
834.977	0.22717
835.209	0.22712
835.441	0.22719
835.673	0.22723
835.905	0.22699
836.137	0.22643
836.369	0.22743
836.6	0.22722
836.832	0.22702
837.064	0.22751
837.296	0.22736
837.528	0.22693
837.76	0.22698
837.992	0.22743
838.223	0.22756
838.455	0.22786
838.687	0.22781
838.919	0.22798
839.151	0.22747
839.382	0.22813
839.614	0.22864
839.846	0.22852
840.078	0.22818
840.309	0.22877
840.541	0.22886
840.773	0.22809
841.004	0.22871
841.236	0.22829
841.468	0.22853
841.699	0.22829
841.931	0.22877
842.162	0.22886
842.394	0.22861
842.626	0.22856
842.857	0.22866
843.089	0.22896
843.32	0.22868
843.552	0.22947
843.783	0.22913
844.015	0.22942
844.246	0.22963
844.478	0.22977
844.709	0.22972
844.94	0.22992
845.172	0.23016
845.403	0.22994
845.635	0.23041
845.866	0.22995
846.097	0.23024
846.329	0.2295
846.56	0.22988
846.791	0.23009
847.023	0.23006
847.254	0.23005
847.485	0.2295
847.717	0.23052
847.948	0.23022
848.179	0.23025
848.41	0.23035
848.642	0.23025
848.873	0.23047
849.104	0.23086
849.335	0.23141
849.566	0.23121
849.797	0.23084
850.029	0.23122
850.26	0.23147
850.491	0.23176
850.722	0.23172
850.953	0.23136
851.184	0.23139
851.415	0.23102
851.646	0.23121
851.877	0.23127
852.108	0.23126
852.339	0.23109
852.57	0.23107
852.801	0.23154
853.032	0.2309
853.263	0.23175
853.494	0.23181
853.725	0.23184
853.956	0.23207
854.187	0.23193
854.418	0.23223
854.648	0.23213
854.879	0.23276
855.11	0.2329
855.341	0.23267
855.572	0.23269
855.802	0.2329
856.033	0.23358
856.264	0.23312
856.495	0.23263
856.726	0.233
856.956	0.23262
857.187	0.23227
857.418	0.23225
857.648	0.23228
857.879	0.23276
858.11	0.23227
858.34	0.23279
858.571	0.23285
858.802	0.23317
859.032	0.23281
859.263	0.23341
859.493	0.23379
859.724	0.2332
859.955	0.23417
860.185	0.23368
860.416	0.23393
860.646	0.23349
860.877	0.23341
861.107	0.23359
861.338	0.2334
861.568	0.23289
861.798	0.2332
862.029	0.23369
862.259	0.23336
862.49	0.23377
862.72	0.23373
862.951	0.23419
863.181	0.23478
863.411	0.23502
863.642	0.23457
863.872	0.2349
864.102	0.23461
864.333	0.23461
864.563	0.23448
864.793	0.23448
865.023	0.23476
865.254	0.23398
865.484	0.23445
865.714	0.23414
865.944	0.23448
866.174	0.2343
866.405	0.23448
866.635	0.23437
866.865	0.23505
867.095	0.23534
867.325	0.23505
867.555	0.23578
867.785	0.23613
868.015	0.23538
868.246	0.23562
868.476	0.23575
868.706	0.23493
868.936	0.23447
869.166	0.23484
869.396	0.23469
869.626	0.23479
869.856	0.23512
870.086	0.23561
870.316	0.23562
870.545	0.23607
870.775	0.2367
871.005	0.23703
871.235	0.23651
871.465	0.23666
871.695	0.23638
871.925	0.2361
872.155	0.23597
872.384	0.23551
872.614	0.23571
872.844	0.23536
873.074	0.23565
873.304	0.23639
873.533	0.23604
873.763	0.23652
873.993	0.23677
874.223	0.2371
874.452	0.23729
874.682	0.23711
874.912	0.23764
875.141	0.23709
875.371	0.23684
875.601	0.23688
875.83	0.23633
876.06	0.23643
876.289	0.23608
876.519	0.23655
876.749	0.23679
876.978	0.23741
877.208	0.23757
877.437	0.23786
877.667	0.23781
877.896	0.23804
878.126	0.2378
878.355	0.23767
878.585	0.23739
878.814	0.23726
879.043	0.23685
879.273	0.23786
879.502	0.23782
879.732	0.23761
879.961	0.23765
880.19	0.23834
880.42	0.23857
880.649	0.23826
880.878	0.23843
881.108	0.23809
881.337	0.23785
881.566	0.23753
881.796	0.23743
882.025	0.23815
882.254	0.23806
882.483	0.23859
882.713	0.23876
882.942	0.2385
883.171	0.23823
883.4	0.2383
883.629	0.2376
883.858	0.23796
884.088	0.23862
884.317	0.239
884.546	0.23915
884.775	0.23946
885.004	0.2393
885.233	0.23856
885.462	0.23814
885.691	0.23841
885.92	0.2386
886.149	0.23912
886.378	0.23959
886.607	0.23912
886.836	0.23956
887.065	0.23883
887.294	0.23834
887.523	0.23866
887.752	0.23885
887.981	0.23886
888.21	0.23917
888.438	0.2392
888.667	0.23906
888.84	0.23871
889.069	0.23934
889.299	0.23999
889.528	0.23969
889.758	0.23997
889.987	0.24039
890.216	0.24047
890.446	0.24031
890.675	0.24052
890.904	0.24079
891.134	0.24103
891.363	0.24057
891.592	0.24047
891.821	0.24089
892.051	0.2407
892.28	0.24047
892.509	0.24047
892.738	0.24035
892.968	0.23998
893.197	0.24043
893.426	0.24031
893.655	0.24023
893.884	0.23999
894.113	0.23962
894.343	0.24019
894.572	0.24039
894.801	0.24025
895.03	0.24042
895.259	0.24065
895.488	0.24063
895.717	0.24039
895.946	0.24094
896.175	0.24078
896.404	0.24128
896.633	0.24165
896.862	0.24184
897.091	0.24179
897.32	0.24147
897.549	0.24195
897.778	0.24232
898.007	0.2427
898.236	0.24175
898.464	0.24238
898.693	0.24227
898.922	0.24193
899.151	0.24189
899.38	0.24205
899.609	0.24202
899.837	0.24151
900.066	0.24143
900.295	0.24142
900.524	0.2415
900.752	0.24088
900.981	0.24129
901.21	0.24112
901.439	0.24133
901.667	0.24151
901.896	0.24136
902.125	0.24156
902.353	0.24192
902.582	0.24203
902.81	0.2422
903.039	0.24241
903.268	0.24229
903.496	0.24255
903.725	0.24256
903.953	0.24292
904.182	0.24305
904.41	0.24337
904.639	0.24251
904.867	0.24327
905.096	0.24263
905.324	0.2432
905.553	0.24324
905.781	0.24263
906.009	0.2425
906.238	0.24252
906.466	0.24211
906.695	0.24237
906.923	0.24236
907.151	0.2424
907.38	0.24268
907.608	0.24219
907.836	0.24199
908.064	0.24274
908.293	0.24306
908.521	0.24302
908.749	0.24306
908.977	0.2436
909.206	0.24344
909.434	0.24336
909.662	0.24324
909.89	0.24358
910.118	0.24401
910.347	0.24432
910.575	0.24482
910.803	0.24453
911.031	0.24407
911.259	0.24451
911.487	0.24423
911.715	0.24413
911.943	0.24396
912.171	0.24352
912.399	0.24364
912.627	0.24397
912.855	0.24375
913.083	0.24351
913.311	0.24429
913.539	0.24392
913.767	0.24343
913.995	0.24339
914.223	0.24369
914.451	0.24366
914.679	0.24364
914.907	0.24379
915.134	0.24391
915.362	0.24394
915.59	0.24367
915.818	0.24431
916.046	0.2444
916.273	0.24445
916.501	0.24485
916.729	0.24507
916.957	0.24522
917.184	0.24495
917.412	0.24472
917.64	0.24505
917.867	0.24442
918.095	0.24482
918.323	0.24476
918.55	0.24463
918.778	0.24457
919.006	0.24396
919.233	0.24462
919.461	0.2442
919.688	0.24388
919.916	0.24411
920.144	0.24399
920.371	0.2444
920.599	0.24379
920.826	0.24413
921.054	0.24373
921.281	0.24421
921.508	0.24411
921.736	0.24476
921.963	0.24488
922.191	0.24475
922.418	0.24461
922.646	0.24468
922.873	0.24484
923.1	0.24532
923.328	0.2456
923.555	0.24549
923.782	0.24565
924.01	0.24511
924.237	0.24569
924.464	0.24576
924.691	0.24531
924.919	0.24573
925.146	0.24552
925.373	0.24533
925.6	0.24502
925.828	0.24481
926.055	0.24492
926.282	0.24544
926.509	0.24528
926.736	0.24504
926.963	0.24498
927.19	0.24477
927.417	0.24507
927.645	0.24461
927.872	0.24445
928.099	0.24495
928.326	0.24501
928.553	0.24509
928.78	0.24526
929.007	0.24512
929.234	0.24525
929.461	0.24549
929.688	0.24544
929.915	0.24539
930.141	0.2456
930.368	0.24564
930.595	0.24573
930.822	0.24546
931.049	0.24555
931.276	0.24537
931.503	0.24545
931.729	0.24518
931.956	0.24543
932.183	0.2449
932.41	0.24527
932.637	0.2454
932.863	0.24478
933.09	0.24519
933.317	0.24479
933.544	0.24495
933.77	0.24493
933.997	0.24461
934.224	0.24438
934.45	0.24453
934.677	0.24501
934.904	0.24472
935.13	0.24481
935.357	0.24451
935.583	0.24465
935.81	0.24495
936.036	0.24517
936.263	0.24477
936.49	0.24535
936.716	0.24515
936.943	0.24558
937.169	0.24549
937.395	0.24532
937.622	0.24541
937.848	0.24529
938.075	0.24538
938.301	0.24512
938.528	0.24557
938.754	0.24508
938.98	0.245
939.207	0.24517
939.433	0.24499
939.659	0.24479
939.886	0.24474
940.112	0.24453
940.338	0.24451
940.565	0.24437
940.791	0.24458
941.017	0.24464
941.243	0.24458
941.47	0.24431
941.696	0.24437
941.922	0.24444
942.148	0.24477
942.374	0.24456
942.6	0.24486
942.827	0.24486
943.053	0.24472
943.279	0.24484
943.505	0.24467
943.731	0.24469
943.957	0.2448
944.183	0.24447
944.409	0.24515
944.635	0.24522
944.861	0.24475
945.087	0.24472
945.313	0.24459
945.539	0.24467
945.765	0.24471
945.991	0.24475
946.217	0.24444
946.443	0.24411
946.669	0.24379
946.894	0.24385
947.12	0.24387
947.346	0.24369
947.572	0.24363
947.798	0.24356
948.024	0.24378
948.249	0.24376
948.475	0.24338
948.701	0.24343
948.927	0.24358
949.152	0.24365
949.378	0.24388
949.604	0.2438
949.83	0.24331
950.055	0.24403
950.281	0.24318
950.507	0.24357
950.732	0.24361
950.958	0.24328
951.183	0.24393
951.409	0.24342
951.635	0.24332
951.86	0.24282
952.086	0.24347
952.311	0.24263
952.537	0.2426
952.762	0.24238
952.988	0.2424
953.213	0.24244
953.439	0.24218
953.664	0.24245
953.89	0.24181
954.115	0.24174
954.34	0.24134
954.566	0.24135
954.791	0.24136
955.017	0.24153
955.242	0.2416
955.467	0.24127
955.693	0.2411
955.918	0.24105
956.143	0.24104
956.368	0.24134
956.594	0.24062
956.819	0.24105
957.044	0.24081
957.269	0.24076
957.495	0.24101
957.72	0.24038
957.945	0.24113
958.17	0.24069
958.395	0.24076
958.62	0.24034
958.846	0.24009
959.071	0.2401
959.296	0.24014
959.521	0.24038
959.746	0.23983
959.971	0.2397
960.196	0.23991
960.421	0.23951
960.646	0.23907
960.871	0.23958
961.096	0.23959
961.321	0.23943
961.546	0.23937
961.771	0.23984
961.996	0.23943
962.221	0.2397
962.446	0.23871
962.67	0.23894
962.895	0.23844
963.12	0.23933
963.345	0.23897
963.57	0.23923
963.795	0.23823
964.019	0.23936
964.244	0.23885
964.469	0.2388
964.694	0.23977
964.919	0.23913
965.143	0.23901
965.368	0.23944
965.593	0.23858
965.817	0.23902
966.042	0.23881
966.267	0.23907
966.491	0.23904
966.716	0.23884
966.941	0.23868
967.165	0.23893
967.39	0.23834
967.614	0.23857
967.839	0.23814
968.063	0.23906
968.288	0.23899
968.512	0.23851
968.737	0.23859
968.961	0.23885
969.186	0.23917
969.41	0.23901
969.635	0.23853
969.859	0.23881
970.084	0.23864
970.308	0.23898
970.532	0.23885
970.757	0.23899
970.981	0.23904
971.205	0.23938
971.43	0.23895
971.654	0.23932
971.878	0.23913
972.103	0.23945
972.327	0.23899
972.551	0.23954
972.775	0.23927
973	0.23939
973.224	0.23924
973.448	0.23931
973.672	0.23926
973.896	0.23903
974.121	0.23913
974.345	0.23877
974.569	0.23879
974.793	0.23942
975.017	0.23886
975.241	0.23884
975.465	0.23859
975.689	0.2388
975.913	0.23927
976.137	0.23945
976.361	0.23926
976.585	0.23923
976.809	0.23949
977.033	0.23976
977.257	0.23952
977.481	0.23954
977.705	0.23966
977.929	0.23971
978.153	0.23965
978.377	0.23935
978.601	0.23932
978.825	0.23981
979.048	0.23965
979.272	0.24001
979.496	0.23971
979.72	0.2396
979.944	0.23965
980.167	0.23917
980.391	0.23966
980.615	0.23901
980.839	0.23951
981.062	0.23981
981.286	0.23917
981.51	0.23955
981.733	0.23973
981.957	0.23985
982.181	0.2401
982.404	0.24019
982.628	0.23926
982.852	0.24004
983.075	0.24046
983.299	0.24063
983.522	0.24068
983.746	0.24039
983.969	0.24034
984.193	0.23985
984.416	0.24001
984.64	0.23991
984.863	0.24048
985.087	0.24048
985.31	0.24072
985.534	0.2401
985.757	0.24072
985.98	0.24052
986.204	0.24067
986.427	0.24119
986.651	0.24064
986.874	0.24099
987.097	0.24101
987.321	0.24107
987.544	0.24114
987.767	0.24158
987.99	0.24149
988.214	0.24093
988.437	0.24118
988.66	0.24066
988.883	0.2407
989.107	0.24122
989.33	0.24081
989.553	0.24107
989.776	0.24111
989.999	0.24135
990.222	0.24163
990.445	0.24176
990.669	0.24205
990.892	0.24184
991.115	0.24238
991.338	0.2414
991.561	0.24199
991.784	0.24253
992.007	0.24206
992.23	0.24237
992.453	0.24259
992.676	0.24257
992.899	0.2416
993.122	0.24175
993.345	0.24239
993.568	0.24231
993.79	0.24281
994.013	0.24255
994.236	0.24344
994.459	0.24276
994.682	0.24298
994.905	0.24294
995.128	0.24282
995.35	0.24355
995.573	0.24369
995.796	0.2433
996.019	0.24363
996.241	0.24331
996.464	0.24315
996.687	0.24344
996.909	0.24349
997.132	0.24357
997.355	0.24365
997.578	0.24427
997.8	0.24407
998.023	0.24466
998.245	0.24447
998.468	0.24465
998.691	0.24408
998.913	0.24472
999.136	0.24413
999.358	0.24415
999.581	0.24453
999.803	0.24496
1000.03	0.24457
1000.25	0.2442
1000.47	0.24528
1000.69	0.24522
1000.92	0.24478
1001.14	0.24512
1001.36	0.24423
1001.58	0.24549
1001.81	0.24563
1002.03	0.24483
1002.25	0.24593
1002.47	0.24548
1002.69	0.24613
1002.92	0.24549
1003.14	0.24607
1003.36	0.24574
1003.58	0.24547
1003.81	0.24534
1004.03	0.24515
1004.25	0.24568
1004.47	0.24495
1004.69	0.24582
1004.92	0.24554
1005.14	0.24536
1005.36	0.24552