400.741	0.01413
400.859	0.01408
400.977	0.01412
401.094	0.01419
401.212	0.01409
401.33	0.01408
401.448	0.01413
401.565	0.01415
401.683	0.01416
401.801	0.01412
401.918	0.01417
402.036	0.01421
402.154	0.0142
402.271	0.01414
402.389	0.01412
402.507	0.01416
402.624	0.01418
402.742	0.01426
402.86	0.0142
402.977	0.01425
403.095	0.01424
403.212	0.01426
403.33	0.01427
403.448	0.01424
403.565	0.01428
403.683	0.01429
403.8	0.01429
403.918	0.01436
404.036	0.01437
404.153	0.01437
404.271	0.01436
404.388	0.01439
404.506	0.01449
404.623	0.01451
404.741	0.01454
404.858	0.01455
404.976	0.01458
405.093	0.01466
405.211	0.01468
405.328	0.01474
405.446	0.01477
405.563	0.01475
405.681	0.01481
405.798	0.01475
405.916	0.01483
406.033	0.01477
406.151	0.01479
406.268	0.01484
406.386	0.01478
406.503	0.0149
406.62	0.01489
406.738	0.01487
406.855	0.01485
406.973	0.01486
407.09	0.01493
407.207	0.01493
407.325	0.01496
407.442	0.01498
407.56	0.01504
407.677	0.01502
407.794	0.01507
407.912	0.01505
408.029	0.01503
408.146	0.0151
408.264	0.01514
408.381	0.01512
408.498	0.0152
408.616	0.01515
408.733	0.01523
408.85	0.01528
408.967	0.01524
409.085	0.01526
409.202	0.0153
409.319	0.01533
409.437	0.01535
409.554	0.0154
409.671	0.01552
409.788	0.01549
409.906	0.01546
410.023	0.01547
410.14	0.01552
410.257	0.01558
410.374	0.01565
410.492	0.01567
410.609	0.01567
410.726	0.01571
410.843	0.01573
410.96	0.0158
411.078	0.01582
411.195	0.0159
411.312	0.01595
411.429	0.01597
411.546	0.01597
411.663	0.01601
411.78	0.01608
411.898	0.01607
412.015	0.01622
412.132	0.01623
412.249	0.01622
412.366	0.01629
412.483	0.01634
412.6	0.01636
412.717	0.01634
412.834	0.01641
412.951	0.01648
413.068	0.0165
413.185	0.01654
413.302	0.01663
413.419	0.01674
413.537	0.01677
413.654	0.01672
413.771	0.01671
413.888	0.01682
414.005	0.01689
414.122	0.01693
414.239	0.01694
414.356	0.01697
414.472	0.01704
414.589	0.01701
414.706	0.01704
414.823	0.0171
414.94	0.01711
415.057	0.01713
415.174	0.01717
415.291	0.01723
415.408	0.01729
415.525	0.0173
415.642	0.01735
415.759	0.01732
415.876	0.0174
415.993	0.01745
416.109	0.01746
416.226	0.01741
416.343	0.01747
416.46	0.01744
416.577	0.0175
416.694	0.01752
416.811	0.0176
416.927	0.01758
417.044	0.01757
417.161	0.01762
417.278	0.0176
417.395	0.01766
417.511	0.0176
417.628	0.01761
417.745	0.01766
417.862	0.0177
417.979	0.01772
418.095	0.01772
418.212	0.01771
418.329	0.0177
418.446	0.01773
418.562	0.01778
418.679	0.0178
418.796	0.01778
418.913	0.01775
419.029	0.01778
419.146	0.0178
419.263	0.01782
419.379	0.01783
419.496	0.01778
419.613	0.01783
419.729	0.01782
419.846	0.01782
419.963	0.01783
420.079	0.01783
420.196	0.01787
420.313	0.01783
420.429	0.01791
420.546	0.01787
420.663	0.01789
420.779	0.01788
420.896	0.01787
421.012	0.01793
421.129	0.01795
421.246	0.01797
421.362	0.01799
421.479	0.01795
421.595	0.01797
421.712	0.018
421.828	0.01804
421.945	0.01805
422.061	0.018
422.178	0.01805
422.294	0.01808
422.411	0.01807
422.528	0.01804
422.644	0.01806
422.761	0.01807
422.877	0.01806
422.993	0.01811
423.11	0.01815
423.226	0.01817
423.343	0.01823
423.459	0.01822
423.576	0.01822
423.692	0.01823
423.809	0.01821
423.925	0.01828
424.042	0.01829
424.158	0.01826
424.274	0.01829
424.391	0.01836
424.507	0.01833
424.624	0.01832
424.74	0.01834
424.856	0.0184
424.973	0.01841
425.089	0.01846
425.205	0.01846
425.322	0.01842
425.438	0.01849
425.554	0.01855
425.671	0.01853
425.787	0.01852
425.903	0.01855
426.02	0.01852
426.136	0.01856
426.252	0.0186
426.369	0.0186
426.485	0.01859
426.601	0.01859
426.717	0.01857
426.834	0.01867
426.95	0.01862
427.066	0.01871
427.182	0.01866
427.299	0.01869
427.415	0.0187
427.531	0.01869
427.647	0.01871
427.763	0.01872
427.88	0.01872
427.996	0.01877
428.112	0.0188
428.228	0.0188
428.344	0.01878
428.461	0.01881
428.577	0.01881
428.693	0.0188
428.809	0.01882
428.925	0.01881
429.041	0.01885
429.157	0.01887
429.274	0.01888
429.39	0.01891
429.506	0.01888
429.622	0.01891
429.738	0.01896
429.854	0.01895
429.97	0.01885
430.086	0.01892
430.202	0.01896
430.318	0.01896
430.434	0.01894
430.55	0.01894
430.666	0.01898
430.782	0.01899
430.898	0.01901
431.014	0.01906
431.13	0.01902
431.246	0.01908
431.362	0.01904
431.478	0.01906
431.594	0.01906
431.71	0.01908
431.826	0.01912
431.942	0.01913
432.058	0.01911
432.174	0.0192
432.29	0.01916
432.406	0.01911
432.522	0.01921
432.638	0.01919
432.754	0.01921
432.87	0.01919
432.986	0.01924
433.102	0.01923
433.217	0.01923
433.333	0.01931
433.449	0.01928
433.565	0.01932
433.681	0.01934
433.797	0.01936
433.844	0.01875
433.96	0.01877
434.076	0.01878
434.192	0.01882
434.308	0.01881
434.424	0.01883
434.539	0.01884
434.655	0.01891
434.771	0.01889
434.887	0.01892
435.003	0.01898
435.119	0.01898
435.235	0.01896
435.351	0.01898
435.467	0.01902
435.583	0.01903
435.698	0.01904
435.814	0.01907
435.93	0.01913
436.046	0.01913
436.162	0.01916
436.278	0.01919
436.394	0.01919
436.509	0.01924
436.625	0.01922
436.741	0.01924
436.857	0.0193
436.973	0.01935
437.088	0.01936
437.204	0.01937
437.32	0.01942
437.436	0.01939
437.551	0.01943
437.667	0.01947
437.783	0.01944
437.899	0.0195
438.014	0.01948
438.13	0.01953
438.246	0.01954
438.362	0.01962
438.477	0.01959
438.593	0.01966
438.709	0.01963
438.824	0.01965
438.94	0.01972
439.056	0.01972
439.171	0.01975
439.287	0.01978
439.403	0.01978
439.518	0.01983
439.634	0.01982
439.75	0.01982
439.865	0.01983
439.981	0.01988
440.096	0.01992
440.212	0.01991
440.328	0.01999
440.443	0.01999
440.559	0.02
440.674	0.01997
440.79	0.02004
440.905	0.02004
441.021	0.02008
441.137	0.02007
441.252	0.02009
441.368	0.02011
441.483	0.02014
441.599	0.02014
441.714	0.02016
441.83	0.02018
441.945	0.02019
442.061	0.02016
442.176	0.02023
442.292	0.02022
442.407	0.02021
442.523	0.0203
442.638	0.0203
442.753	0.02034
442.869	0.02036
442.984	0.02032
443.1	0.02035
443.215	0.02039
443.331	0.02045
443.446	0.02046
443.561	0.02043
443.677	0.02048
443.792	0.02047
443.908	0.02041
444.023	0.02043
444.138	0.02047
444.254	0.02045
444.369	0.0205
444.484	0.02053
444.6	0.02055
444.715	0.02055
444.83	0.02061
444.946	0.02058
445.061	0.02061
445.176	0.02063
445.292	0.02062
445.407	0.02065
445.522	0.02067
445.637	0.02069
445.753	0.02069
445.868	0.02069
445.983	0.02072
446.098	0.02068
446.214	0.02076
446.329	0.02075
446.444	0.02074
446.559	0.02082
446.675	0.02076
446.79	0.0208
446.905	0.02079
447.02	0.02083
447.135	0.02087
447.251	0.02082
447.366	0.02085
447.481	0.02083
447.596	0.02088
447.711	0.02088
447.826	0.02086
447.941	0.02098
448.057	0.02092
448.172	0.02094
448.287	0.02095
448.402	0.02095
448.517	0.02094
448.632	0.021
448.747	0.02098
448.862	0.02095
448.977	0.02103
449.092	0.02099
449.208	0.02104
449.323	0.02096
449.438	0.02102
449.553	0.02101
449.668	0.02104
449.783	0.02101
449.898	0.02105
450.013	0.02102
450.128	0.02104
450.243	0.02105
450.358	0.02105
450.473	0.0211
450.588	0.02112
450.703	0.02108
450.818	0.02107
450.933	0.02115
451.048	0.02111
451.162	0.02111
451.277	0.02111
451.392	0.02106
451.507	0.02106
451.622	0.0211
451.737	0.02114
451.852	0.02113
451.967	0.02113
452.082	0.02113
452.197	0.02111
452.312	0.02114
452.426	0.02113
452.541	0.02113
452.656	0.02115
452.771	0.02112
452.886	0.02116
453.001	0.02115
453.115	0.02115
453.23	0.02116
453.345	0.02117
453.46	0.02118
453.575	0.0212
453.689	0.02116
453.804	0.02119
453.919	0.02114
454.034	0.02119
454.149	0.02116
454.263	0.02115
454.378	0.02117
454.493	0.02116
454.608	0.02119
454.722	0.02121
454.837	0.02116
454.952	0.02116
455.066	0.02116
455.181	0.02117
455.296	0.02117
455.41	0.02113
455.525	0.02116
455.64	0.02117
455.755	0.02119
455.869	0.02118
455.984	0.02118
456.098	0.0211
456.213	0.02114
456.328	0.02113
456.442	0.0212
456.557	0.02112
456.672	0.02115
456.786	0.02113
456.901	0.02116
457.015	0.02113
457.146	0.02075
457.26	0.0207
457.375	0.02078
457.49	0.02073
457.605	0.02072
457.72	0.02069
457.834	0.02068
457.949	0.02074
458.064	0.02069
458.179	0.02067
458.294	0.02066
458.408	0.02073
458.523	0.02068
458.638	0.02064
458.753	0.02066
458.867	0.02061
458.982	0.02066
459.097	0.02063
459.211	0.02065
459.326	0.02063
459.441	0.02058
459.555	0.02065
459.67	0.02058
459.785	0.02059
459.899	0.02061
460.014	0.02059
460.129	0.02063
460.243	0.02059
460.358	0.02061
460.473	0.02058
460.587	0.02062
460.702	0.02063
460.816	0.0206
460.931	0.02061
461.046	0.02058
461.16	0.02059
461.275	0.02067
461.389	0.02059
461.504	0.02062
461.619	0.02062
461.733	0.02065
461.848	0.02064
461.962	0.0206
462.077	0.02061
462.191	0.0206
462.306	0.02064
462.42	0.02057
462.535	0.02059
462.649	0.02062
462.764	0.02057
462.878	0.02054
462.993	0.02061
463.107	0.02058
463.222	0.02056
463.336	0.0206
463.45	0.02057
463.565	0.02057
463.679	0.02051
463.794	0.02055
463.908	0.02056
464.023	0.02057
464.137	0.02054
464.251	0.02048
464.366	0.02056
464.48	0.02052
464.595	0.02053
464.709	0.02052
464.823	0.02052
464.938	0.02054
465.052	0.02056
465.166	0.02049
465.281	0.02043
465.395	0.02052
465.509	0.02055
465.624	0.02045
465.738	0.02052
465.852	0.02049
465.966	0.02043
466.081	0.02043
466.195	0.02051
466.309	0.02048
466.424	0.02048
466.538	0.02048
466.652	0.02044
466.766	0.02045
466.881	0.02048
466.995	0.02047
467.109	0.02044
467.223	0.02048
467.337	0.02042
467.452	0.02045
467.566	0.02043
467.68	0.0205
467.794	0.02046
467.908	0.02042
468.022	0.02043
468.137	0.02046
468.251	0.02045
468.365	0.02043
468.479	0.02042
468.593	0.02045
468.707	0.02043
468.821	0.0204
468.936	0.0204
469.05	0.02044
469.164	0.02043
469.278	0.02041
469.392	0.0204
469.506	0.02036
469.62	0.02039
469.734	0.0204
469.848	0.02042
469.962	0.02041
470.076	0.0204
470.19	0.02045
470.304	0.02036
470.418	0.02042
470.532	0.02039
470.646	0.02041
470.76	0.02041
470.874	0.02038
470.988	0.02037
471.102	0.02038
471.216	0.02036
471.33	0.02038
471.444	0.0204
471.558	0.02041
471.672	0.02041
471.786	0.02037
471.9	0.02038
472.014	0.02039
472.128	0.02043
472.242	0.02044
472.355	0.0204
472.469	0.02043
472.583	0.02045
472.697	0.02045
472.811	0.02044
472.925	0.02042
473.039	0.02037
473.153	0.02038
473.266	0.02043
473.38	0.02041
473.494	0.02042
473.608	0.02035
473.722	0.02044
473.835	0.02044
473.949	0.0204
474.063	0.02038
474.177	0.02046
474.291	0.02039
474.404	0.02044
474.518	0.02042
474.632	0.02039
474.746	0.02044
474.859	0.02044
474.973	0.02041
475.087	0.02039
475.201	0.02041
475.314	0.02043
475.428	0.02041
475.542	0.02042
475.655	0.02042
475.769	0.02045
475.883	0.02045
475.996	0.02044
476.11	0.0204
476.224	0.02044
476.337	0.02041
476.451	0.02041
476.565	0.02046
476.678	0.02044
476.792	0.02048
476.905	0.02044
477.019	0.02047
477.133	0.02046
477.246	0.02044
477.36	0.02045
477.473	0.02044
477.587	0.02047
477.701	0.02044
477.814	0.02052
477.928	0.02043
478.041	0.0205
478.155	0.0205
478.268	0.02048
478.382	0.02051
478.495	0.02047
478.609	0.02048
478.722	0.02054
478.836	0.02046
478.949	0.0205
479.063	0.02052
479.176	0.02052
479.29	0.02053
479.403	0.02049
479.517	0.02052
479.63	0.02047
479.743	0.02047
479.857	0.02048
479.97	0.02051
480.084	0.02047
480.197	0.02055
480.31	0.02051
480.424	0.02052
480.537	0.02055
480.651	0.02053
480.764	0.02057
480.877	0.02057
480.991	0.02054
481.104	0.02056
481.217	0.02058
481.331	0.02054
481.444	0.02057
481.557	0.02057
481.671	0.02057
481.784	0.02055
481.897	0.02057
482.011	0.02056
482.124	0.02055
482.237	0.02058
482.35	0.0206
482.464	0.02064
482.577	0.02061
482.69	0.02058
482.803	0.02064
482.917	0.02058
483.03	0.02059
483.143	0.02062
483.256	0.02063
483.37	0.02063
483.483	0.02059
483.596	0.02067
483.709	0.02065
483.822	0.02065
483.935	0.02065
484.049	0.02066
484.162	0.02066
484.275	0.02068
484.388	0.02061
484.501	0.02065
484.614	0.02069
484.727	0.02063
484.841	0.02065
484.954	0.02062
485.067	0.02072
485.18	0.02068
485.293	0.0207
485.406	0.02073
485.519	0.02072
485.632	0.02073
485.745	0.02073
485.858	0.02073
485.971	0.02074
486.084	0.02076
486.197	0.02079
486.31	0.02083
486.423	0.02075
486.536	0.02077
486.649	0.02078
486.762	0.02079
486.875	0.02082
486.988	0.02079
487.101	0.02084
487.214	0.02084
487.327	0.02083
487.44	0.02084
487.553	0.02083
487.666	0.02084
487.779	0.02088
487.892	0.02089
488.005	0.02089
488.118	0.02091
488.231	0.02088
488.343	0.02093
488.456	0.02089
488.569	0.0209
488.682	0.02093
488.795	0.02093
488.908	0.02096
489.021	0.02097
489.134	0.021
489.246	0.02094
489.359	0.02099
489.472	0.02098
489.585	0.02102
489.698	0.02102
489.81	0.02107
489.923	0.02101
490.036	0.02105
490.149	0.02107
490.262	0.0211
490.374	0.02109
490.487	0.02112
490.6	0.0211
490.713	0.02116
490.825	0.02115
490.938	0.02114
491.051	0.02119
491.163	0.02118
491.276	0.02125
491.389	0.02124
491.501	0.02124
491.614	0.02128
491.727	0.02129
491.839	0.02125
491.952	0.02133
492.065	0.02134
492.177	0.02136
492.29	0.02132
492.403	0.02133
492.515	0.02135
492.628	0.02134
492.741	0.02136
492.853	0.02144
492.966	0.02144
493.078	0.02144
493.191	0.02149
493.303	0.02147
493.416	0.02151
493.529	0.02152
493.641	0.02154
493.754	0.02155
493.866	0.02159
493.979	0.0216
494.091	0.02159
494.204	0.0216
494.316	0.02163
494.429	0.02161
494.541	0.02163
494.654	0.02165
494.766	0.02169
494.879	0.02168
494.991	0.02173
495.104	0.02175
495.216	0.02179
495.329	0.0218
495.441	0.02181
495.553	0.02179
495.666	0.02183
495.778	0.02189
495.891	0.02187
496.003	0.02194
496.115	0.02194
496.228	0.02196
496.34	0.02198
496.453	0.02196
496.565	0.022
496.677	0.02204
496.79	0.02206
496.902	0.02209
497.014	0.02207
497.127	0.02213
497.239	0.02218
497.351	0.02215
497.464	0.02218
497.576	0.02223
497.688	0.02226
497.8	0.02227
497.913	0.02229
498.025	0.0223
498.137	0.02235
498.25	0.02238
498.362	0.0224
498.474	0.02243
498.586	0.02244
498.698	0.02246
498.811	0.02254
498.923	0.02253
499.035	0.02256
499.147	0.02265
499.259	0.0226
499.372	0.02261
499.484	0.02266
499.596	0.02269
499.708	0.02277
499.82	0.02274
499.932	0.02277
500.045	0.0228
500.157	0.02284
500.269	0.02289
500.381	0.02288
500.493	0.02292
500.605	0.02298
500.717	0.02298
500.829	0.02301
500.941	0.02305
501.054	0.02308
501.166	0.02313
501.278	0.02315
501.39	0.02315
501.502	0.02326
501.614	0.02329
501.726	0.02329
501.838	0.02333
501.95	0.02345
502.062	0.0234
502.174	0.02343
502.286	0.02348
502.398	0.02349
502.51	0.02356
502.622	0.02354
502.734	0.0236
502.846	0.02365
502.958	0.02367
503.07	0.02373
503.182	0.02377
503.293	0.02382
503.465	0.02396
503.577	0.02402
503.69	0.02401
503.802	0.02408
503.914	0.02411
504.026	0.02413
504.139	0.0242
504.251	0.02422
504.363	0.02425
504.475	0.02431
504.587	0.02432
504.7	0.02444
504.812	0.02444
504.924	0.02448
505.036	0.02453
505.148	0.02458
505.261	0.0246
505.373	0.02464
505.485	0.02468
505.597	0.02481
505.709	0.02476
505.821	0.02486
505.933	0.02483
506.046	0.02492
506.158	0.02499
506.27	0.02504
506.382	0.02508
506.494	0.02508
506.606	0.02509
506.718	0.0252
506.83	0.02523
506.942	0.02533
507.054	0.02531
507.166	0.0254
507.278	0.0255
507.39	0.02557
507.502	0.02563
507.614	0.02567
507.726	0.02571
507.838	0.02574
507.95	0.02584
508.062	0.02591
508.174	0.0259
508.286	0.02601
508.398	0.02605
508.51	0.02606
508.622	0.02618
508.734	0.02624
508.846	0.02632
508.958	0.02635
509.07	0.02642
509.182	0.02642
509.294	0.02652
509.406	0.02655
509.518	0.0266
509.629	0.02668
509.741	0.02676
509.853	0.02679
509.965	0.02681
510.077	0.02698
510.189	0.02697
510.301	0.02705
510.412	0.02714
510.524	0.02713
510.636	0.02721
510.748	0.02727
510.86	0.02735
510.972	0.02748
511.083	0.02752
511.195	0.02756
511.307	0.02768
511.419	0.02776
511.53	0.0278
511.642	0.02785
511.754	0.02793
511.866	0.02799
511.977	0.02806
512.089	0.0282
512.201	0.02825
512.313	0.0283
512.424	0.02835
512.536	0.02849
512.648	0.02852
512.759	0.02857
512.871	0.02869
512.983	0.02879
513.094	0.02881
513.206	0.0289
513.318	0.02897
513.429	0.02905
513.541	0.02913
513.652	0.02918
513.764	0.02925
513.876	0.02937
513.987	0.02943
514.099	0.02951
514.21	0.02959
514.322	0.02969
514.434	0.0298
514.545	0.02988
514.657	0.02994
514.768	0.03001
514.88	0.03013
514.991	0.03021
515.103	0.03034
515.214	0.03036
515.326	0.03046
515.437	0.0305
515.549	0.03069
515.66	0.03069
515.772	0.03078
515.883	0.0309
515.995	0.03105
516.106	0.03106
516.218	0.03113
516.329	0.03124
516.441	0.03136
516.552	0.03139
516.664	0.03153
516.775	0.03161
516.886	0.03169
516.998	0.03179
517.109	0.03189
517.221	0.03199
517.332	0.03213
517.443	0.03219
517.555	0.03227
517.666	0.03236
517.777	0.03247
517.889	0.03251
518	0.03266
518.111	0.03272
518.223	0.03286
518.334	0.03291
518.445	0.03299
518.557	0.03318
518.668	0.03314
518.779	0.03326
518.89	0.03338
519.002	0.03347
519.113	0.03349
519.224	0.03364
519.336	0.03368
519.447	0.03384
519.558	0.03395
519.669	0.03404
519.78	0.03411
519.892	0.03424
520.003	0.03436
520.114	0.03446
520.225	0.03446
520.336	0.03458
520.448	0.03466
520.559	0.03475
520.67	0.03485
520.781	0.03498
520.892	0.03507
521.003	0.03517
521.114	0.03529
521.226	0.03531
521.337	0.03545
521.448	0.03557
521.559	0.03558
521.67	0.03569
521.781	0.03582
521.892	0.03589
522.003	0.03594
522.114	0.03602
522.225	0.0361
522.336	0.03622
522.447	0.03629
522.559	0.03641
522.67	0.03649
522.781	0.03655
522.892	0.03666
523.003	0.03673
523.114	0.03689
523.225	0.03693
523.336	0.03703
523.447	0.03707
523.557	0.03714
523.668	0.03731
523.779	0.03736
523.89	0.03745
524.001	0.03751
524.112	0.03769
524.223	0.03764
524.334	0.03773
524.445	0.03788
524.556	0.03792
524.667	0.03806
524.778	0.0381
524.889	0.03816
524.999	0.03822
525.11	0.03833
525.221	0.03844
525.332	0.03837
525.443	0.03838
525.554	0.03845
525.664	0.03856
525.775	0.03862
525.886	0.03871
525.997	0.03877
526.108	0.03887
526.218	0.03895
526.329	0.03906
526.44	0.0391
526.551	0.03917
526.662	0.03924
526.772	0.03933
526.883	0.03938
526.994	0.03942
527.105	0.03956
527.215	0.03957
527.326	0.03959
527.437	0.03963
527.547	0.0397
527.658	0.03984
527.769	0.03988
527.879	0.03991
527.99	0.03995
528.101	0.04004
528.211	0.0401
528.322	0.04009
528.433	0.0402
528.543	0.04021
528.654	0.04026
528.765	0.04036
528.875	0.04029
528.986	0.04038
529.096	0.04042
529.207	0.04049
529.318	0.04063
529.428	0.04052
529.539	0.04056
529.649	0.04065
529.76	0.04063
529.87	0.04073
529.981	0.04077
530.091	0.04077
530.202	0.04089
530.312	0.04094
530.423	0.04095
530.533	0.04096
530.644	0.04106
530.754	0.04109
530.865	0.04103
530.975	0.04106
531.086	0.04107
531.196	0.04109
531.307	0.04107
531.417	0.04117
531.528	0.04114
531.638	0.04118
531.749	0.04117
531.859	0.04123
531.969	0.04124
532.08	0.04117
532.19	0.04127
532.3	0.04126
532.411	0.04131
532.521	0.04133
532.632	0.04129
532.742	0.04139
532.852	0.04135
532.963	0.04135
533.073	0.04139
533.183	0.04142
533.294	0.04135
533.404	0.04128
533.514	0.04138
533.624	0.04136
533.735	0.04142
533.845	0.04141
533.955	0.04147
534.066	0.04141
534.176	0.04139
534.286	0.04138
534.396	0.04141
534.507	0.04148
534.617	0.0414
534.727	0.04148
534.837	0.04139
534.947	0.04136
535.058	0.04136
535.168	0.04144
535.278	0.04133
535.388	0.04132
535.498	0.04143
535.608	0.04139
535.719	0.04146
535.829	0.04137
535.939	0.04136
536.049	0.04135
536.159	0.04137
536.269	0.04137
536.379	0.04141
536.489	0.04138
536.599	0.04136
536.71	0.04135
536.82	0.04142
536.93	0.04136
537.04	0.04138
537.15	0.04137
537.26	0.0414
537.37	0.04135
537.48	0.0414
537.59	0.04135
537.7	0.04138
537.81	0.04132
537.92	0.04139
538.03	0.04139
538.14	0.04139
538.25	0.04134
538.36	0.04136
538.47	0.0414
538.58	0.04141
538.69	0.04142
538.8	0.04145
538.91	0.04148
539.02	0.04145
539.129	0.04156
539.239	0.04144
539.349	0.04152
539.459	0.04143
539.569	0.04148
539.679	0.04149
539.789	0.04147
539.899	0.04143
540.009	0.04141
540.118	0.04148
540.228	0.0415
540.338	0.04154
540.448	0.04157
540.558	0.04158
540.668	0.04168
540.777	0.04158
540.887	0.04168
540.997	0.04166
541.107	0.04169
541.216	0.04173
541.326	0.04173
541.436	0.04167
541.546	0.0417
541.655	0.0418
541.765	0.0418
541.875	0.04179
541.985	0.04187
542.094	0.04191
542.204	0.04193
542.314	0.04192
542.423	0.042
542.533	0.04204
542.643	0.04202
542.752	0.04204
542.862	0.04215
542.972	0.04214
543.081	0.04211
543.191	0.04219
543.301	0.04218
543.41	0.04223
543.52	0.04225
543.63	0.04236
543.739	0.04237
543.849	0.04235
543.958	0.04243
544.068	0.04245
544.177	0.04245
544.287	0.04251
544.397	0.04254
544.506	0.04254
544.616	0.04267
544.725	0.04267
544.835	0.04271
544.944	0.04271
545.054	0.04277
545.163	0.04279
545.273	0.04286
545.382	0.04289
545.492	0.04291
545.601	0.04297
545.711	0.04295
545.82	0.04302
545.93	0.04316
546.039	0.04318
546.148	0.04318
546.258	0.04325
546.367	0.04324
546.477	0.04331
546.586	0.04339
546.696	0.04343
546.805	0.04353
546.914	0.0436
547.024	0.04363
547.133	0.04362
547.242	0.04364
547.352	0.04364
547.461	0.04379
547.57	0.04376
547.68	0.04385
547.789	0.0439
547.898	0.0439
548.008	0.04405
548.117	0.04399
548.226	0.04407
548.336	0.04412
548.445	0.04408
548.554	0.04421
548.663	0.04422
548.773	0.04427
548.882	0.04436
548.991	0.04433
549.1	0.04445
549.21	0.04444
549.319	0.04444
549.428	0.04452
549.537	0.04447
549.646	0.04461
549.756	0.04475
549.865	0.04473
549.974	0.04475
550.083	0.04478
550.192	0.04483
550.301	0.04482
550.411	0.0449
550.52	0.04494
550.629	0.04495
550.738	0.04501
550.847	0.04505
550.956	0.04503
551.065	0.04522
551.174	0.04512
551.283	0.0452
551.392	0.04519
551.501	0.04521
551.611	0.04525
551.72	0.04532
551.829	0.04535
551.938	0.04542
552.047	0.0455
552.156	0.0455
552.265	0.04546
552.374	0.04561
552.483	0.04558
552.592	0.04558
552.701	0.04562
552.81	0.04567
552.919	0.04568
553.028	0.04581
553.137	0.04583
553.245	0.04582
553.354	0.04581
553.463	0.04589
553.572	0.04589
553.681	0.04594
553.79	0.04588
553.899	0.04588
554.008	0.04597
554.117	0.04603
554.226	0.04602
554.334	0.04601
554.443	0.04606
554.552	0.04606
554.661	0.04609
554.77	0.04611
554.879	0.04613
554.987	0.04614
555.096	0.04614
555.205	0.04613
555.314	0.04621
555.423	0.04624
555.531	0.04622
555.64	0.04618
555.749	0.04628
555.858	0.04629
555.967	0.04631
556.075	0.04616
556.184	0.04629
556.293	0.04636
556.401	0.04628
556.51	0.04633
556.619	0.04624
556.728	0.04636
556.836	0.04637
556.945	0.04624
557.054	0.04643
557.162	0.04641
557.271	0.04638
557.38	0.04641
557.488	0.04638
557.597	0.04645
557.706	0.04634
557.814	0.04642
557.923	0.04638
558.031	0.04639
558.14	0.04646
558.249	0.04641
558.357	0.04635
558.466	0.04643
558.574	0.0464
558.683	0.04633
558.791	0.04631
558.9	0.04638
559.008	0.0464
559.117	0.0464
559.226	0.04643
559.334	0.04639
559.443	0.04632
559.551	0.04641
559.66	0.04633
559.768	0.04637
559.876	0.04641
559.985	0.04631
560.093	0.04634
560.202	0.04632
560.31	0.04633
560.419	0.04634
560.527	0.04631
560.636	0.04629
560.744	0.04622
560.852	0.04627
560.961	0.04616
561.069	0.04615
561.178	0.04628
561.286	0.04623
561.394	0.04623
561.503	0.04617
561.611	0.04612
561.719	0.04615
561.828	0.04612
561.936	0.04603
562.044	0.04606
562.153	0.04603
562.261	0.04599
562.369	0.04603
562.478	0.04588
562.586	0.04598
562.694	0.04595
562.802	0.04585
562.911	0.04584
563.019	0.04583
563.127	0.04582
563.235	0.04581
563.344	0.04576
563.452	0.04576
563.56	0.04573
563.668	0.04573
563.777	0.04573
563.885	0.04571
563.993	0.04564
564.101	0.04558
564.209	0.04561
564.317	0.04559
564.426	0.04546
564.534	0.04549
564.642	0.04548
564.75	0.04548
564.858	0.04537
564.966	0.04534
565.074	0.04533
565.182	0.04523
565.291	0.04531
565.399	0.04526
565.507	0.04521
565.615	0.04517
565.723	0.04511
565.831	0.04516
565.939	0.04505
566.047	0.045
566.155	0.04498
566.263	0.04491
566.371	0.04491
566.479	0.04484
566.587	0.04487
566.695	0.04485
566.803	0.04483
566.911	0.0447
567.019	0.04472
567.127	0.04474
567.235	0.04467
567.343	0.04463
567.451	0.0446
567.559	0.04456
567.667	0.04453
567.775	0.04447
567.883	0.04442
567.99	0.04442
568.098	0.04439
568.206	0.04428
568.314	0.04434
568.422	0.04423
568.53	0.04421
568.638	0.04425
568.746	0.04412
568.853	0.0441
568.961	0.04407
569.069	0.04402
569.177	0.04403
569.285	0.04393
569.392	0.0439
569.5	0.04393
569.608	0.04396
569.716	0.04388
569.824	0.04383
569.931	0.04377
570.039	0.04375
570.147	0.04367
570.255	0.04372
570.362	0.04366
570.47	0.04357
570.578	0.04358
570.686	0.04356
570.793	0.04352
570.901	0.04351
571.009	0.04339
571.116	0.0434
571.224	0.04336
571.332	0.04332
571.439	0.0433
571.547	0.04323
571.655	0.04321
571.762	0.04318
571.87	0.04309
571.977	0.04308
572.085	0.04313
572.193	0.04305
572.3	0.04305
572.408	0.04303
572.515	0.04302
572.623	0.04296
572.731	0.04291
572.838	0.0429
572.946	0.04285
573.053	0.04287
573.161	0.04277
573.268	0.04279
573.376	0.04276
573.483	0.04276
573.591	0.04265
573.698	0.04264
573.806	0.04266
573.913	0.04258
574.021	0.04262
574.128	0.04253
574.236	0.04252
574.343	0.04253
574.451	0.04244
574.558	0.04232
574.665	0.04232
574.773	0.04231
574.88	0.04234
574.988	0.04233
575.095	0.04225
575.202	0.04226
575.31	0.04222
575.417	0.04219
575.524	0.04214
575.632	0.0421
575.739	0.04211
575.847	0.0421
575.954	0.0421
576.061	0.0421
576.169	0.04204
576.276	0.04199
576.383	0.04205
576.49	0.04203
576.598	0.04199
576.705	0.04191
576.812	0.04194
576.92	0.04189
577.027	0.04182
577.134	0.04188
577.241	0.04185
577.348	0.04176
577.456	0.04182
577.563	0.0418
577.67	0.04178
577.777	0.04174
577.885	0.04165
577.992	0.04163
578.099	0.04172
578.206	0.04162
578.313	0.04161
578.42	0.04159
578.528	0.04159
578.635	0.04152
578.742	0.04149
578.849	0.04151
578.956	0.0415
579.063	0.0415
579.17	0.04145
579.277	0.04143
579.384	0.04135
579.492	0.04138
579.599	0.04138
579.706	0.04136
579.813	0.04139
579.92	0.04138
580.027	0.04129
580.134	0.04133
580.241	0.04132
580.348	0.04128
580.455	0.04121
580.562	0.04123
580.669	0.04121
580.776	0.04124
580.883	0.04118
580.99	0.0412
581.097	0.04117
581.204	0.04112
581.311	0.04112
581.418	0.04118
581.525	0.0411
581.631	0.04107
581.738	0.04111
581.845	0.04112
581.952	0.04097
582.059	0.04102
582.166	0.04097
582.273	0.04099
582.38	0.04098
582.487	0.04095
582.593	0.04099
582.7	0.04092
582.807	0.041
582.914	0.04094
583.021	0.04091
583.128	0.04091
583.234	0.0408
583.341	0.04084
583.448	0.04083
583.555	0.04077
583.662	0.04082
583.768	0.04089
583.875	0.04072
583.982	0.04071
584.089	0.04075
584.195	0.04078
584.302	0.04065
584.409	0.04064
584.515	0.04072
584.622	0.0407
584.729	0.04066
584.836	0.04063
584.942	0.04067
585.049	0.04068
585.156	0.04065
585.262	0.04059
585.369	0.04057
585.476	0.04056
585.582	0.04055
585.689	0.04055
585.795	0.04056
585.902	0.04044
586.009	0.04057
586.115	0.04049
586.222	0.04046
586.328	0.04046
586.435	0.0405
586.542	0.04052
586.648	0.04044
586.755	0.04046
586.861	0.04041
586.968	0.04039
587.074	0.04034
587.181	0.04039
587.287	0.04045
587.394	0.04039
587.5	0.04034
587.607	0.0404
587.713	0.04034
587.82	0.04029
587.926	0.04031
588.033	0.04033
588.139	0.04025
588.246	0.04024
588.352	0.04031
588.458	0.04038
588.565	0.04022
588.671	0.04016
588.778	0.04028
588.884	0.04021
588.99	0.04016
589.097	0.04015
589.203	0.04013
589.31	0.04022
589.416	0.04016
589.522	0.04017
589.629	0.04011
589.735	0.04013
589.841	0.04005
589.948	0.04003
590.054	0.04008
590.16	0.04011
590.266	0.04
590.373	0.04011
590.479	0.04008
590.585	0.04004
590.692	0.04005
590.798	0.03999
590.904	0.04004
591.01	0.04
591.117	0.03997
591.223	0.03997
591.329	0.03999
591.435	0.03997
591.541	0.03996
591.648	0.03992
591.754	0.03992
591.86	0.03998
591.966	0.03994
592.072	0.03991
592.178	0.03993
592.285	0.03993
592.391	0.03988
592.497	0.03998
592.603	0.03988
592.709	0.03989
592.815	0.03986
592.921	0.0399
593.027	0.0399
593.134	0.03989
593.24	0.03987
593.346	0.03987
593.452	0.03988
593.558	0.03986
593.664	0.03984
593.77	0.03984
593.876	0.03982
593.982	0.03979
594.088	0.03976
594.194	0.03975
594.3	0.03984
594.406	0.03976
594.512	0.03983
594.618	0.03978
594.724	0.0398
594.83	0.03974
594.936	0.03979
595.042	0.03978
595.148	0.03977
595.254	0.03976
595.36	0.03972
595.465	0.03967
595.571	0.03975
595.677	0.03975
595.783	0.03977
595.889	0.03977
595.995	0.03974
596.101	0.03975
596.207	0.03972
596.312	0.03971
596.418	0.03971
596.524	0.03967
596.63	0.03975
596.736	0.03965
596.842	0.03962
596.947	0.03965
597.053	0.03965
597.159	0.03961
597.265	0.0397
597.371	0.03969
597.476	0.03965
597.582	0.03958
597.688	0.03962
597.794	0.0396
597.899	0.03962
598.005	0.03958
598.111	0.03952
598.216	0.0396
598.322	0.03958
598.428	0.03954
598.534	0.03953
598.639	0.03961
598.745	0.03956
598.851	0.03951
598.956	0.03953
599.062	0.03947
599.168	0.03945
599.273	0.03948
599.379	0.0395
599.484	0.03941
599.59	0.03944
599.696	0.03945
599.801	0.03941
599.907	0.03941
600.012	0.03932
600.118	0.03934
600.224	0.0393
600.329	0.03935
600.435	0.0393
600.54	0.0393
600.646	0.03925
600.751	0.03927
600.857	0.03925
600.962	0.03926
601.068	0.03928
601.173	0.03925
601.279	0.03922
601.384	0.03922
601.49	0.0392
601.595	0.0391
601.701	0.03912
601.806	0.03918
601.911	0.03917
602.017	0.0391
602.122	0.03906
602.228	0.03909
602.333	0.03908
602.439	0.03897
602.544	0.03902
602.649	0.03904
602.755	0.03896
602.86	0.039
602.965	0.03895
603.071	0.03897
603.176	0.03891
603.281	0.0389
603.387	0.03889
603.492	0.03885
603.597	0.03885
603.703	0.03884
603.808	0.03881
603.913	0.03876
604.019	0.03881
604.124	0.03875
604.229	0.03872
604.334	0.03875
604.44	0.03868
604.545	0.03863
604.65	0.03868
604.755	0.03861
604.861	0.03865
604.966	0.0386
605.071	0.03867
605.176	0.03862
605.281	0.03857
605.387	0.03855
605.492	0.03854
605.597	0.03852
605.702	0.03854
605.807	0.03841
605.912	0.03847
606.018	0.03849
606.123	0.03844
606.228	0.03844
606.333	0.03832
606.438	0.03839
606.543	0.03831
606.648	0.03842
606.704	0.03861
606.81	0.03862
606.916	0.03863
607.022	0.03853
607.128	0.03857
607.234	0.03858
607.34	0.03852
607.446	0.03846
607.552	0.03844
607.658	0.03841
607.765	0.03846
607.871	0.03839
607.977	0.03838
608.083	0.03842
608.189	0.03841
608.295	0.03835
608.401	0.03826
608.507	0.03832
608.613	0.03826
608.719	0.03824
608.825	0.03823
608.931	0.03819
609.037	0.03821
609.143	0.03816
609.249	0.03817
609.354	0.03813
609.46	0.03808
609.566	0.0381
609.672	0.03807
609.778	0.03797
609.884	0.03806
609.99	0.03804
610.096	0.03802
610.202	0.03806
610.308	0.038
610.413	0.03801
610.519	0.0379
610.625	0.03799
610.731	0.03795
610.837	0.03798
610.943	0.0379
611.048	0.03796
611.154	0.03796
611.26	0.03794
611.366	0.03792
611.472	0.0379
611.577	0.03788
611.683	0.03785
611.789	0.03786
611.895	0.03782
612	0.03778
612.106	0.03773
612.212	0.03778
612.318	0.0378
612.423	0.03775
612.529	0.03775
612.635	0.03771
612.74	0.03769
612.846	0.03765
612.952	0.03771
613.057	0.03772
613.163	0.03772
613.269	0.03769
613.374	0.03765
613.48	0.03763
613.586	0.03761
613.691	0.03757
613.797	0.03758
613.903	0.03758
614.008	0.0376
614.114	0.03761
614.219	0.03757
614.325	0.03755
614.43	0.03752
614.536	0.03763
614.642	0.03754
614.747	0.03759
614.853	0.03752
614.958	0.03757
615.064	0.03749
615.169	0.03751
615.275	0.03759
615.38	0.03748
615.486	0.03753
615.591	0.03746
615.697	0.03749
615.802	0.03755
615.907	0.03748
616.013	0.03751
616.118	0.03745
616.224	0.0375
616.329	0.0375
616.435	0.03755
616.54	0.03745
616.645	0.0375
616.751	0.03744
616.856	0.03742
616.962	0.03741
617.067	0.03741
617.172	0.03747
617.278	0.03741
617.383	0.03741
617.488	0.03746
617.594	0.03745
617.699	0.03743
617.804	0.03735
617.91	0.03737
618.015	0.03742
618.12	0.03743
618.225	0.0374
618.331	0.03747
618.436	0.03744
618.541	0.03742
618.646	0.03744
618.752	0.03746
618.857	0.03736
618.962	0.03741
619.067	0.03735
619.173	0.03745
619.278	0.03741
619.383	0.03743
619.488	0.03738
619.593	0.03735
619.698	0.03738
619.804	0.03742
619.909	0.03743
620.014	0.03747
620.119	0.03735
620.224	0.03743
620.329	0.0374
620.434	0.03739
620.54	0.03743
620.645	0.03741
620.75	0.03746
620.855	0.03746
620.96	0.03739
621.065	0.03747
621.17	0.03749
621.275	0.03744
621.38	0.03746
621.485	0.03744
621.59	0.03751
621.695	0.0375
621.8	0.0375
621.905	0.03747
622.01	0.03749
622.115	0.0375
622.22	0.03749
622.325	0.03751
622.43	0.03758
622.535	0.03757
622.64	0.03755
622.745	0.03753
622.85	0.0376
622.955	0.03756
623.06	0.03752
623.164	0.03762
623.269	0.03758
623.374	0.03767
623.479	0.03761
623.584	0.0376
623.689	0.03758
623.794	0.03757
623.899	0.03765
624.003	0.03762
624.108	0.03771
624.213	0.0376
624.318	0.03775
624.423	0.03758
624.528	0.03764
624.632	0.03766
624.737	0.03765
624.842	0.03773
624.947	0.03768
625.051	0.03775
625.156	0.03773
625.261	0.0378
625.366	0.03776
625.47	0.03781
625.575	0.03772
625.68	0.03781
625.784	0.03781
625.889	0.03785
625.994	0.03784
626.099	0.03787
626.203	0.03789
626.308	0.03788
626.413	0.03787
626.517	0.03797
626.622	0.03787
626.726	0.03796
626.831	0.03799
626.936	0.03804
627.04	0.03802
627.145	0.03814
627.249	0.03804
627.354	0.03802
627.459	0.03789
627.563	0.03791
627.668	0.03788
627.772	0.03792
627.877	0.03796
627.981	0.03809
628.086	0.03816
628.19	0.03809
628.295	0.03812
628.399	0.03814
628.504	0.03815
628.608	0.03807
628.713	0.03824
628.817	0.03816
628.922	0.03824
629.026	0.03819
629.131	0.03819
629.235	0.03816
629.34	0.03824
629.444	0.03824
629.548	0.03824
629.653	0.03835
629.757	0.03827
629.862	0.03831
629.966	0.03831
630.07	0.0383
630.175	0.03835
630.279	0.03833
630.383	0.03834
630.488	0.03831
630.592	0.03836
630.696	0.03832
630.801	0.03839
630.905	0.03839
631.009	0.03843
631.114	0.03839
631.218	0.03836
631.322	0.03838
631.426	0.03843
631.531	0.03846
631.635	0.03838
631.739	0.03845
631.843	0.03849
631.948	0.03843
632.052	0.03846
632.156	0.03838
632.26	0.03844
632.365	0.03842
632.469	0.03845
632.573	0.03843
632.677	0.0385
632.781	0.03847
632.885	0.03844
632.99	0.03846
633.094	0.03845
633.198	0.03849
633.302	0.03842
633.406	0.03845
633.51	0.03842
633.614	0.03846
633.718	0.03843
633.822	0.0384
633.926	0.03836
634.031	0.03848
634.135	0.03843
634.239	0.03839
634.343	0.03834
634.447	0.0384
634.551	0.03831
634.655	0.0384
634.759	0.03833
634.863	0.03835
634.967	0.03836
635.071	0.03834
635.175	0.03825
635.279	0.03832
635.383	0.03827
635.487	0.03822
635.591	0.03826
635.695	0.03822
635.798	0.03817
635.902	0.03822
636.006	0.03816
636.11	0.03826
636.214	0.03814
636.318	0.0381
636.422	0.03812
636.526	0.0381
636.63	0.03812
636.733	0.03808
636.837	0.03808
636.941	0.03809
637.045	0.03803
637.149	0.03797
637.253	0.03793
637.356	0.0379
637.46	0.03786
637.564	0.0379
637.668	0.03779
637.772	0.03777
637.875	0.03784
637.979	0.03777
638.083	0.03772
638.187	0.03774
638.29	0.03771
638.394	0.03762
638.498	0.03763
638.601	0.03757
638.705	0.03752
638.809	0.03755
638.913	0.03757
639.016	0.03747
639.12	0.03738
639.224	0.03739
639.327	0.03737
639.431	0.03738
639.534	0.0373
639.638	0.03724
639.742	0.03726
639.845	0.0372
639.949	0.03718
640.053	0.03712
640.156	0.03715
640.26	0.03712
640.363	0.03713
640.467	0.03698
640.57	0.03699
640.674	0.03691
640.777	0.03688
640.881	0.03671
640.985	0.03669
641.088	0.03664
641.192	0.03662
641.295	0.03657
641.399	0.03658
641.502	0.03668
641.606	0.03655
641.709	0.03649
641.812	0.03649
641.916	0.03643
642.019	0.03641
642.123	0.03637
642.226	0.03631
642.33	0.03627
642.433	0.03634
642.536	0.03616
642.64	0.03621
642.743	0.03615
642.847	0.03612
642.95	0.03608
643.053	0.03605
643.157	0.03602
643.26	0.03591
643.363	0.03598
643.467	0.03591
643.57	0.03588
643.673	0.03576
643.777	0.03579
643.88	0.03582
643.983	0.0357
644.086	0.03571
644.19	0.03562
644.293	0.0356
644.396	0.03561
644.499	0.03557
644.603	0.03552
644.706	0.03545
644.809	0.03547
644.912	0.03541
645.016	0.03538
645.119	0.03544
645.222	0.03531
645.325	0.03531
645.428	0.03528
645.532	0.03519
645.635	0.03515
645.738	0.03518
645.841	0.03512
645.944	0.03511
646.047	0.03509
646.15	0.03496
646.253	0.03507
646.357	0.03494
646.46	0.03494
646.563	0.0349
646.666	0.03495
646.769	0.03487
646.872	0.03492
646.975	0.03482
647.078	0.03482
647.181	0.03474
647.284	0.03481
647.387	0.03474
647.49	0.03469
647.593	0.03473
647.696	0.03466
647.799	0.03462
647.902	0.03453
648.005	0.0346
648.108	0.03454
648.211	0.03452
648.314	0.03453
648.417	0.03449
648.52	0.03447
648.623	0.03453
648.726	0.03438
648.828	0.03449
648.931	0.03447
649.034	0.03445
649.137	0.03439
649.24	0.03435
649.343	0.03441
649.446	0.03428
649.549	0.03435
649.651	0.03432
649.754	0.0343
649.857	0.03428
649.96	0.03425
650.063	0.03421
650.165	0.03425
650.268	0.03422
650.371	0.03414
650.474	0.03414
650.577	0.03415
650.679	0.03423
650.782	0.03416
650.885	0.03417
650.988	0.03411
651.09	0.03412
651.193	0.03411
651.296	0.03403
651.398	0.03405
651.501	0.03409
651.604	0.03408
651.706	0.03403
651.809	0.03405
651.912	0.03404
652.014	0.03404
652.117	0.03402
652.22	0.034
652.322	0.03398
652.425	0.03395
652.528	0.03401
652.63	0.03397
652.733	0.03396
652.835	0.03391
652.938	0.03391
653.04	0.03388
653.143	0.03389
653.246	0.0339
653.348	0.03385
653.451	0.03395
653.553	0.03394
653.656	0.03385
653.758	0.03385
653.861	0.03386
653.963	0.0338
654.066	0.03384
654.168	0.03385
654.271	0.0338
654.373	0.03382
654.475	0.03375
654.578	0.03384
654.68	0.03375
654.783	0.03373
654.885	0.03368
654.988	0.03375
655.09	0.03373
655.192	0.03371
655.295	0.03368
655.397	0.03365
655.5	0.03368
655.602	0.03367
655.704	0.03359
655.807	0.03356
655.909	0.03356
656.011	0.03364
656.114	0.03365
656.216	0.03357
656.318	0.0335
656.421	0.03356
656.523	0.03355
656.625	0.03349
656.727	0.0334
656.83	0.03353
656.932	0.03351
657.034	0.03342
657.136	0.03341
657.239	0.03338
657.341	0.03333
657.443	0.03337
657.545	0.03328
657.647	0.03329
657.75	0.03324
657.852	0.03329
657.954	0.03328
658.056	0.03327
658.158	0.03324
658.26	0.03316
658.363	0.03321
658.465	0.03321
658.567	0.03319
658.669	0.03313
658.771	0.03305
658.873	0.03303
658.975	0.03307
659.077	0.03305
659.179	0.03303
659.281	0.03307
659.383	0.03302
659.486	0.03303
659.588	0.03299
659.69	0.03295
659.792	0.03292
659.894	0.03291
659.996	0.03288
660.098	0.03287
660.2	0.03288
660.302	0.0328
660.404	0.03282
660.506	0.0328
660.608	0.03278
660.709	0.03279
660.811	0.03271
660.913	0.03272
661.015	0.03265
661.117	0.03261
661.219	0.03262
661.321	0.03256
661.423	0.03255
661.525	0.03252
661.627	0.03253
661.729	0.03248
661.83	0.0325
661.932	0.03248
662.034	0.03239
662.136	0.03243
662.238	0.03244
662.34	0.03238
662.441	0.03236
662.543	0.03236
662.645	0.03236
662.747	0.03228
662.848	0.03226
662.95	0.03223
663.052	0.03222
663.154	0.03222
663.256	0.03218
663.357	0.03223
663.459	0.03218
663.561	0.03219
663.662	0.03219
663.764	0.03215
663.866	0.03207
663.967	0.03213
664.069	0.0321
664.171	0.03207
664.272	0.03206
664.374	0.03199
664.476	0.032
664.577	0.032
664.679	0.03197
664.781	0.03204
664.882	0.03198
664.984	0.03199
665.085	0.03197
665.187	0.03197
665.289	0.03194
665.39	0.03195
665.492	0.03191
665.593	0.03194
665.695	0.03192
665.796	0.03187
665.898	0.03185
665.999	0.03186
666.101	0.0318
666.202	0.03185
666.304	0.03183
666.405	0.03179
666.507	0.03179
666.608	0.03182
666.71	0.03183
666.811	0.03183
666.913	0.03182
667.014	0.0318
667.116	0.0317
667.217	0.03171
667.318	0.0318
667.42	0.03177
667.521	0.03179
667.623	0.03173
667.724	0.03177
667.825	0.03176
667.927	0.03178
668.028	0.03172
668.129	0.0318
668.231	0.03175
668.332	0.03171
668.433	0.03172
668.535	0.03167
668.636	0.03172
668.737	0.03174
668.839	0.03171
668.94	0.03172
669.041	0.03172
669.142	0.03176
669.244	0.0317
669.345	0.03173
669.446	0.03174
669.547	0.03171
669.649	0.03178
669.75	0.03172
669.851	0.03168
669.952	0.03169
670.053	0.03168
670.155	0.03171
670.256	0.03173
670.357	0.03169
670.458	0.03177
670.559	0.03179
670.66	0.0318
670.761	0.03185
670.863	0.03177
670.964	0.03182
671.065	0.03186
671.166	0.03181
671.267	0.03182
671.368	0.03186
671.469	0.03187
671.57	0.03192
671.671	0.03183
671.772	0.03191
671.873	0.03185
671.974	0.03187
672.075	0.03198
672.176	0.03192
672.277	0.03194
672.378	0.03195
672.479	0.03198
672.58	0.03199
672.681	0.03204
672.782	0.03201
672.883	0.03208
672.984	0.03203
673.085	0.03202
673.186	0.03208
673.287	0.03203
673.388	0.03207
673.489	0.0321
673.59	0.03214
673.691	0.03215
673.791	0.0322
673.892	0.03226
673.993	0.03219
674.094	0.03215
674.195	0.03222
674.296	0.03225
674.397	0.03228
674.497	0.03226
674.598	0.03226
674.699	0.03232
674.8	0.03232
674.901	0.03234
675.001	0.03236
675.102	0.03238
675.203	0.0324
675.304	0.03241
675.404	0.03241
675.505	0.03244
675.606	0.03245
675.707	0.03248
675.807	0.03241
675.908	0.03252
676.009	0.03255
676.109	0.03251
676.21	0.03254
676.311	0.0326
676.411	0.03259
676.512	0.03261
676.613	0.03266
676.713	0.03264
676.814	0.03273
676.915	0.03278
677.015	0.0327
677.116	0.03276
677.216	0.03282
677.317	0.03281
677.418	0.03281
677.518	0.03282
677.619	0.03284
677.719	0.03291
677.82	0.03289
677.92	0.03294
678.021	0.03294
678.121	0.03297
678.222	0.033
678.322	0.03301
678.423	0.03302
678.523	0.03314
678.624	0.03315
678.724	0.03315
678.825	0.03321
678.925	0.03321
679.026	0.03324
679.126	0.03327
679.227	0.03326
679.327	0.03329
679.427	0.03335
679.528	0.03339
679.628	0.03346
679.729	0.03343
679.829	0.03347
679.929	0.0335
680.03	0.03349
680.13	0.03352
680.23	0.03362
680.331	0.03366
680.431	0.0337
680.531	0.03378
680.632	0.03376
680.732	0.03376
680.832	0.03385
680.933	0.03383
681.033	0.03387
681.133	0.03394
681.234	0.03396
681.334	0.03407
681.434	0.03405
681.534	0.03407
681.634	0.03409
681.735	0.03421
681.835	0.03423
681.935	0.03427
682.035	0.03432
682.136	0.03432
682.236	0.03441
682.336	0.03449
682.436	0.03445
682.536	0.03452
682.636	0.0346
682.736	0.03475
682.837	0.03473
682.937	0.03476
683.037	0.03491
683.137	0.03492
683.237	0.03495
683.337	0.03499
683.437	0.03509
683.537	0.03515
683.637	0.03524
683.737	0.03528
683.837	0.03524
683.937	0.03538
684.037	0.03547
684.138	0.0355
684.238	0.03559
684.338	0.0357
684.438	0.03576
684.538	0.03573
684.637	0.03587
684.737	0.03592
684.837	0.03601
684.937	0.03604
685.037	0.03609
685.137	0.03625
685.237	0.03631
685.337	0.03641
685.437	0.03648
685.537	0.03658
685.637	0.0367
685.737	0.03683
685.837	0.03682
685.936	0.03691
686.036	0.03701
686.136	0.03712
686.236	0.03723
686.336	0.03736
686.436	0.03745
686.536	0.03757
686.635	0.03758
686.735	0.03774
686.835	0.03779
686.935	0.03792
687.034	0.03803
687.134	0.0381
687.234	0.03822
687.334	0.03835
687.434	0.03848
687.533	0.03861
687.633	0.03878
687.733	0.03886
687.832	0.03899
687.932	0.03913
688.032	0.03923
688.132	0.03939
688.231	0.03951
688.331	0.03966
688.431	0.03983
688.53	0.03995
688.63	0.04016
688.729	0.04028
688.829	0.04044
688.929	0.04055
689.028	0.04073
689.128	0.04094
689.228	0.0411
689.327	0.04121
689.427	0.04136
689.526	0.04153
689.626	0.04171
689.725	0.04188
689.825	0.04207
689.924	0.04229
690.024	0.04242
690.123	0.04261
690.223	0.0428
690.322	0.04298
690.422	0.04309
690.521	0.04332
690.621	0.04352
690.72	0.04375
690.82	0.04387
690.919	0.04408
691.019	0.04435
691.118	0.0446
691.218	0.04475
691.317	0.045
691.416	0.04508
691.516	0.04545
691.615	0.04572
691.715	0.04583
691.814	0.04601
691.913	0.04625
692.013	0.0465
692.112	0.0468
692.211	0.04688
692.311	0.04714
692.41	0.04749
692.509	0.04773
692.609	0.04792
692.708	0.04822
692.807	0.04836
692.907	0.04872
693.006	0.0489
693.105	0.04918
693.204	0.04944
693.304	0.04976
693.403	0.05
693.502	0.0503
693.601	0.05051
693.701	0.05078
693.8	0.05106
693.899	0.05139
693.998	0.05158
694.097	0.05173
694.197	0.05213
694.296	0.0524
694.395	0.05274
694.494	0.05305
694.593	0.05335
694.692	0.05356
694.791	0.05394
694.891	0.05438
694.99	0.05466
695.089	0.05487
695.188	0.05513
695.287	0.05548
695.386	0.05573
695.485	0.05611
695.584	0.05636
695.683	0.05673
695.782	0.05705
695.881	0.05735
695.98	0.05782
696.079	0.05794
696.178	0.05834
696.277	0.05874
696.376	0.05913
696.475	0.05939
696.574	0.05973
696.673	0.05997
696.772	0.06045
696.871	0.06079
696.97	0.06118
697.069	0.06142
697.168	0.0618
697.267	0.0622
697.366	0.06244
697.465	0.06299
697.564	0.06326
697.803	0.06407
698.043	0.06485
698.283	0.06565
698.522	0.06644
698.762	0.06738
699.001	0.06813
699.241	0.06891
699.48	0.06968
699.72	0.0706
699.959	0.07158
700.199	0.07253
700.438	0.0733
700.678	0.07428
700.917	0.07528
701.157	0.07594
701.396	0.07682
701.636	0.07769
701.875	0.07872
702.114	0.07956
702.354	0.08059
702.593	0.08135
702.833	0.08261
703.072	0.08349
703.311	0.0843
703.551	0.08531
703.79	0.08634
704.029	0.08721
704.269	0.08787
704.508	0.08908
704.747	0.08992
704.986	0.09089
705.226	0.0918
705.465	0.09244
705.704	0.09376
705.943	0.09446
706.182	0.0957
706.422	0.09634
706.661	0.09739
706.9	0.09842
707.139	0.09943
707.378	0.10027
707.617	0.10139
707.856	0.10228
708.095	0.10298
708.334	0.10393
708.573	0.10471
708.813	0.10577
709.052	0.10631
709.291	0.10749
709.53	0.10829
709.769	0.1091
710.008	0.1102
710.247	0.11149
710.485	0.11221
710.724	0.11303
710.963	0.11374
711.202	0.11439
711.441	0.11561
711.68	0.11657
711.919	0.11731
712.158	0.11831
712.397	0.11893
712.636	0.11956
712.874	0.12074
713.113	0.12159
713.352	0.12226
713.591	0.12331
713.83	0.12401
714.068	0.12492
714.307	0.12572
714.546	0.12652
714.784	0.12734
715.023	0.12803
715.262	0.12904
715.501	0.12982
715.739	0.13014
715.978	0.13132
716.217	0.13199
716.455	0.13287
716.694	0.13383
716.932	0.13448
717.171	0.13513
717.41	0.13621
717.648	0.13664
717.887	0.13745
718.125	0.13794
718.364	0.13914
718.602	0.13972
718.841	0.14036
719.079	0.14111
719.318	0.14187
719.556	0.14258
719.795	0.14313
720.033	0.14388
720.272	0.14461
720.51	0.14535
720.748	0.14615
720.987	0.14643
721.225	0.1473
721.464	0.14774
721.702	0.14857
721.94	0.14932
722.179	0.14996
722.417	0.15054
722.655	0.15109
722.894	0.15191
723.132	0.15239
723.37	0.15291
723.608	0.15359
723.847	0.1542
724.085	0.15484
724.323	0.15534
724.561	0.15593
724.799	0.1563
725.038	0.15701
725.276	0.15768
725.514	0.15825
725.752	0.15865
725.99	0.15918
726.228	0.16
726.466	0.16029
726.704	0.16098
726.942	0.16151
727.18	0.1621
727.419	0.16255
727.657	0.1632
727.895	0.16366
728.133	0.16408
728.371	0.16402
728.609	0.16497
728.847	0.16521
729.084	0.166
729.322	0.16668
729.56	0.1667
729.798	0.16734
730.036	0.16763
730.274	0.16802
730.512	0.16877
730.75	0.16885
730.988	0.16962
731.225	0.16973
731.463	0.17043
731.701	0.17095
731.939	0.17132
732.177	0.17188
732.414	0.17205
732.652	0.17257
732.89	0.17216
733.128	0.17323
733.365	0.17358
733.603	0.17388
733.841	0.17425
734.079	0.17454
734.316	0.17496
734.554	0.17554
734.792	0.17573
735.029	0.17611
735.267	0.17645
735.504	0.17663
735.742	0.17733
735.98	0.17753
736.217	0.17782
736.455	0.17809
736.692	0.17841
736.93	0.17809
737.167	0.17873
737.405	0.1792
737.642	0.17953
737.88	0.17968
738.117	0.18006
738.355	0.18067
738.592	0.18056
738.829	0.18105
739.067	0.18154
739.304	0.1815
739.542	0.18156
739.779	0.18223
740.016	0.18244
740.254	0.18278
740.491	0.18332
740.728	0.18327
740.966	0.18317
741.203	0.18393
741.44	0.18401
741.678	0.18422
741.915	0.18427
742.152	0.18446
742.389	0.1855
742.626	0.18499
742.864	0.18557
743.101	0.18584
743.338	0.18591
743.575	0.18583
743.812	0.18673
744.05	0.18663
744.287	0.18712
744.524	0.18675
744.761	0.18678
744.998	0.18696
745.235	0.1874
745.472	0.18784
745.709	0.18793
745.946	0.18818
746.183	0.18839
746.42	0.18855
746.657	0.1889
746.894	0.18862
747.131	0.18909
747.368	0.1892
747.605	0.18932
747.842	0.1897
748.079	0.1897
748.316	0.19015
748.553	0.19021
748.79	0.1901
749.026	0.19025
749.263	0.19084
749.5	0.19081
749.737	0.19112
749.974	0.19096
750.211	0.19068
750.447	0.19141
750.684	0.19127
750.921	0.19138
751.158	0.19153
751.394	0.19173
751.631	0.19224
751.868	0.1922
752.104	0.19189
752.341	0.19218
752.578	0.19298
752.815	0.19281
753.051	0.19296
753.288	0.19304
753.524	0.19309
753.761	0.19311
753.998	0.19318
754.234	0.19352
754.471	0.19387
754.707	0.19362
754.944	0.19386
755.18	0.19408
755.417	0.19375
755.653	0.19397
755.89	0.1943
756.126	0.19468
756.363	0.19425
756.599	0.19461
756.836	0.19427
757.072	0.19482
757.309	0.1945
757.545	0.19458
757.781	0.19483
758.018	0.19554
758.254	0.19546
758.49	0.19559
758.727	0.1954
758.963	0.19597
759.199	0.19591
759.436	0.19558
759.672	0.19614
759.908	0.19643
760.144	0.19631
760.381	0.19637
760.617	0.19659
760.853	0.19647
761.089	0.19681
761.325	0.19625
761.562	0.19699
761.798	0.19692
762.034	0.19662
762.27	0.19688
762.506	0.19688
762.742	0.19757
762.978	0.19736
763.214	0.19735
763.451	0.1977
763.687	0.19767
763.923	0.19783
764.159	0.19764
764.395	0.19715
764.631	0.19826
764.867	0.19812
765.103	0.19764
765.339	0.19817
765.575	0.19807
765.811	0.19784
766.046	0.19803
766.282	0.19878
766.518	0.19861
766.754	0.19857
766.99	0.19856
767.226	0.19841
767.462	0.19869
767.698	0.19897
767.933	0.19934
768.169	0.19923
768.405	0.19959
768.641	0.19947
768.877	0.19951
769.112	0.19957
769.348	0.19953
769.584	0.19995
769.819	0.19986
770.055	0.20013
770.291	0.19987
770.527	0.19979
770.762	0.20045
770.998	0.20002
771.233	0.20011
771.469	0.2001
771.705	0.2003
771.94	0.20017
772.176	0.20034
772.411	0.20064
772.647	0.20087
772.883	0.20092
773.118	0.20083
773.354	0.20086
773.589	0.20098
773.825	0.20109
774.06	0.20075
774.296	0.2013
774.531	0.20146
774.766	0.20151
775.002	0.20153
775.237	0.20132
775.473	0.20147
775.708	0.20162
775.943	0.20164
776.179	0.20136
776.414	0.20214
776.649	0.20199
776.885	0.20171
777.12	0.20188
777.355	0.20219
777.591	0.20227
777.826	0.20222
778.061	0.20239
778.296	0.20298
778.322	0.20262
778.558	0.20315
778.793	0.20328
779.029	0.20327
779.265	0.2032
779.501	0.20284
779.737	0.20334
779.973	0.20329
780.208	0.20338
780.444	0.2034
780.68	0.20377
780.916	0.20367
781.151	0.20377
781.387	0.20377
781.623	0.20416
781.858	0.20352
782.094	0.20394
782.33	0.20441
782.566	0.20435
782.801	0.2041
783.037	0.20385
783.272	0.20403
783.508	0.20417
783.744	0.20395
783.979	0.20433
784.215	0.20453
784.45	0.2045
784.686	0.2045
784.921	0.20492
785.157	0.20463
785.392	0.20512
785.628	0.20519
785.863	0.20513
786.099	0.20533
786.334	0.20532
786.57	0.20554
786.805	0.20599
787.04	0.20555
787.276	0.20602
787.511	0.20622
787.747	0.20603
787.982	0.20656
788.217	0.20647
788.453	0.20643
788.688	0.20661
788.923	0.20623
789.159	0.20648
789.394	0.2068
789.629	0.20658
789.864	0.20672
790.1	0.20682
790.335	0.2067
790.57	0.2069
790.805	0.20726
791.04	0.20696
791.276	0.20714
791.511	0.2068
791.746	0.20688
791.981	0.20681
792.216	0.20714
792.451	0.20714
792.686	0.20651
792.921	0.20708
793.156	0.20749
793.391	0.20763
793.627	0.20756
793.862	0.20767
794.097	0.20751
794.332	0.20794
794.567	0.20832
794.802	0.20843
795.036	0.20814
795.271	0.20824
795.506	0.20859
795.741	0.20825
795.976	0.20889
796.211	0.20854
796.446	0.20862
796.681	0.20908
796.916	0.20889
797.15	0.20881
797.385	0.20881
797.62	0.20909
797.855	0.20908
798.09	0.2091
798.324	0.20942
798.559	0.20895
798.794	0.20877
799.029	0.20914
799.263	0.20913
799.498	0.2092
799.733	0.20898
799.967	0.20979
800.202	0.20961
800.437	0.2097
800.671	0.20983
800.906	0.2101
801.141	0.21042
801.375	0.21006
801.61	0.21015
801.844	0.21048
802.079	0.21037
802.314	0.21048
802.548	0.21049
802.783	0.21066
803.017	0.21084
803.252	0.21089
803.486	0.21058
803.721	0.21126
803.955	0.21072
804.189	0.21081
804.424	0.2104
804.658	0.21075
804.893	0.21046
805.127	0.21067
805.361	0.21092
805.596	0.21078
805.83	0.21116
806.064	0.21092
806.299	0.21153
806.533	0.21144
806.767	0.21123
807.002	0.21159
807.236	0.21212
807.47	0.21156
807.704	0.21218
807.939	0.21198
808.173	0.2127
808.407	0.21235
808.641	0.21202
808.875	0.21201
809.109	0.21214
809.344	0.21233
809.578	0.21227
809.812	0.21213
810.046	0.21209
810.28	0.21215
810.514	0.2119
810.748	0.21238
810.982	0.21239
811.216	0.21258
811.45	0.21258
811.684	0.21265
811.918	0.21315
812.152	0.21317
812.386	0.21327
812.62	0.21355
812.854	0.21366
813.088	0.2133
813.322	0.21368
813.556	0.21376
813.79	0.21408
814.024	0.21421
814.258	0.21357
814.491	0.21363
814.725	0.21367
814.959	0.2139
815.193	0.21417
815.427	0.21395
815.66	0.21401
815.894	0.21389
816.128	0.21357
816.362	0.21421
816.595	0.21416
816.829	0.21402
817.063	0.214
817.297	0.21377
817.53	0.21405
817.764	0.21405
817.998	0.21438
818.231	0.21446
818.465	0.21481
818.698	0.21542
818.932	0.21544
819.166	0.21556
819.399	0.21499
819.633	0.21528
819.866	0.21565
820.1	0.21528
820.333	0.21524
820.567	0.21536
820.8	0.21556
821.034	0.21528
821.267	0.21512
821.501	0.21567
821.734	0.21518
821.967	0.21611
822.201	0.21587
822.434	0.21576
822.668	0.21627
822.901	0.21621
823.134	0.2162
823.368	0.21646
823.601	0.21642
823.834	0.21677
824.068	0.21667
824.301	0.21666
824.534	0.21688
824.767	0.21683
825.001	0.21658
825.234	0.21642
825.467	0.21639
825.7	0.21653
825.933	0.21661
826.167	0.21678
826.4	0.21712
826.633	0.21697
826.866	0.21741
827.099	0.21695
827.332	0.21751
827.565	0.21733
827.799	0.21784
828.032	0.21758
828.265	0.21801
828.498	0.21776
828.731	0.21838
828.964	0.21757
829.197	0.2179
829.43	0.21791
829.663	0.21761
829.896	0.21786
830.129	0.21788
830.361	0.21774
830.594	0.21772
830.827	0.2175
831.06	0.21756
831.293	0.21811
831.526	0.21783
831.759	0.21805
831.992	0.21844
832.224	0.21842
832.457	0.2185
832.69	0.21874
832.923	0.21898
833.156	0.21883
833.388	0.21874
833.621	0.21955
833.854	0.2197
834.087	0.21935
834.319	0.21992
834.552	0.21985
834.785	0.2193
835.017	0.21929
835.25	0.21957
835.483	0.21977
835.715	0.21964
835.948	0.21965
836.18	0.21939
836.413	0.21897
836.646	0.21908
836.878	0.21932
837.111	0.21956
837.343	0.21947
837.576	0.21907
837.808	0.2194
838.041	0.22002
838.273	0.21981
838.506	0.21998
838.738	0.22046
838.97	0.22049
839.203	0.22073
839.435	0.22043
839.668	0.22089
839.9	0.22095
840.132	0.22092
840.365	0.22129
840.597	0.22116
840.829	0.22112
841.062	0.22124
841.294	0.22157
841.526	0.22116
841.759	0.22074
841.991	0.22112
842.223	0.2216
842.455	0.22092
842.687	0.22124
842.92	0.22098
843.152	0.22078
843.384	0.2207
843.616	0.22099
843.848	0.22212
844.08	0.22154
844.313	0.2217
844.545	0.2218
844.777	0.22225
845.009	0.22229
845.241	0.22275
845.473	0.22286
845.705	0.22352
845.937	0.22327
846.169	0.22304
846.401	0.22333
846.633	0.22267
846.865	0.22345
847.097	0.22347
847.329	0.22299
847.561	0.22259
847.793	0.223
848.025	0.22278
848.256	0.22213
848.488	0.22278
848.72	0.22284
848.952	0.2226
849.184	0.22281
849.416	0.22253
849.647	0.22294
849.879	0.22291
850.111	0.22374
850.343	0.22351
850.575	0.22336
850.806	0.22389
851.038	0.224
851.27	0.22371
851.501	0.22397
851.733	0.22458
851.965	0.22458
852.196	0.22457
852.428	0.22515
852.66	0.22466
852.891	0.22517
853.123	0.22502
853.354	0.22504
853.586	0.22467
853.818	0.22472
854.049	0.2244
854.281	0.22435
854.512	0.22463
854.744	0.2242
854.975	0.22433
855.207	0.22399
855.438	0.22448
855.669	0.22455
855.901	0.22437
856.132	0.22472
856.364	0.22498
856.595	0.22495
856.827	0.2251
857.058	0.22552
857.289	0.22544
857.521	0.2262
857.752	0.22582
857.983	0.22569
858.214	0.22605
858.446	0.22597
858.677	0.22642
858.908	0.22588
859.14	0.22675
859.371	0.2269
859.602	0.22661
859.833	0.22608
860.064	0.22565
860.296	0.22598
860.527	0.22609
860.758	0.22548
860.989	0.22559
861.22	0.22559
861.451	0.22546
861.682	0.22579
861.913	0.22522
862.144	0.22579
862.375	0.22549
862.606	0.22612
862.838	0.22659
863.069	0.22659
863.3	0.22695
863.53	0.22713
863.761	0.227
863.992	0.22761
864.223	0.22757
864.454	0.22764
864.685	0.22798
864.916	0.2278
865.147	0.22776
865.378	0.22809
865.609	0.22778
865.84	0.2276
866.07	0.2276
866.301	0.2274
866.532	0.22754
866.763	0.227
866.994	0.22663
867.224	0.22715
867.455	0.22716
867.686	0.2268
867.916	0.22698
868.147	0.22676
868.378	0.22748
868.609	0.22702
868.839	0.22761
869.07	0.22785
869.3	0.22766
869.531	0.22852
869.762	0.22854
869.992	0.22873
870.223	0.22945
870.453	0.22922
870.684	0.22972
870.915	0.22883
871.145	0.22873
871.376	0.22878
871.606	0.22826
871.837	0.22866
872.067	0.22857
872.297	0.22815
872.528	0.22836
872.758	0.22798
872.989	0.22867
873.219	0.22819
873.45	0.22816
873.68	0.22852
873.91	0.22885
874.141	0.22912
874.371	0.229
874.601	0.2295
874.832	0.22963
875.062	0.22956
875.292	0.22961
875.522	0.23022
875.753	0.23062
875.983	0.23024
876.213	0.23031
876.443	0.23011
876.673	0.23064
876.904	0.23041
877.134	0.23036
877.364	0.23054
877.594	0.23018
877.824	0.23053
878.054	0.23032
878.284	0.23032
878.515	0.23014
878.745	0.23019
878.975	0.23018
879.205	0.22981
879.435	0.22946
879.665	0.2301
879.895	0.22964
880.125	0.23029
880.355	0.22999
880.585	0.22974
880.815	0.23014
881.045	0.22996
881.274	0.23033
881.504	0.23029
881.734	0.23071
881.964	0.23075
882.194	0.23092
882.424	0.23081
882.654	0.23137
882.883	0.23166
883.113	0.23144
883.343	0.23183
883.573	0.23204
883.803	0.23155
884.032	0.23231
884.262	0.23227
884.492	0.23195
884.721	0.232
884.951	0.23192
885.181	0.23172
885.411	0.23199
885.64	0.23167
885.87	0.23213
886.099	0.23204
886.329	0.23174
886.559	0.23146
886.788	0.23202
887.018	0.23169
887.247	0.23166
887.477	0.23148
887.706	0.23183
887.936	0.23111
888.165	0.23158
888.395	0.23137
888.624	0.23175
888.854	0.23189
889.083	0.23242
889.313	0.23219
889.542	0.23268
889.772	0.23293
890.001	0.23286
890.23	0.2331
890.46	0.2328
890.689	0.23318
890.918	0.23345
891.148	0.23331
891.377	0.23399
891.606	0.23367
891.836	0.23372
892.065	0.23339
892.294	0.23325
892.523	0.23323
892.752	0.23307
892.982	0.23311
893.211	0.23296
893.44	0.23325
893.669	0.23303
893.898	0.23324
894.128	0.2329
894.357	0.23297
894.586	0.23297
894.815	0.23329
895.044	0.23329
895.273	0.23276
895.502	0.23365
895.731	0.23338
895.96	0.23351
896.189	0.2338
896.418	0.23362
896.647	0.23419
896.876	0.23429
897.105	0.23458
897.334	0.23421
897.563	0.2344
897.792	0.23482
898.021	0.23472
898.25	0.23491
898.478	0.23547
898.707	0.23477
898.936	0.23526
899.165	0.23476
899.394	0.23443
899.623	0.23409
899.851	0.23397
900.08	0.23365
900.309	0.23371
900.538	0.23375
900.766	0.2338
900.995	0.23397
901.224	0.23379
901.453	0.2342
901.681	0.23391
901.91	0.23386
902.139	0.23405
902.367	0.23421
902.596	0.23421
902.824	0.23491
903.053	0.23486
903.282	0.23549
903.51	0.23495
903.739	0.23564
903.967	0.23543
904.196	0.23591
904.424	0.23551
904.653	0.23575
904.881	0.23567
905.11	0.23564
905.338	0.23574
905.567	0.23554
905.795	0.23507
906.023	0.23481
906.252	0.23499
906.48	0.23532
906.709	0.23495
906.937	0.23477
907.165	0.23465
907.394	0.23465
907.622	0.23448
907.85	0.23482
908.078	0.23486
908.307	0.23487
908.535	0.23536
908.763	0.23563
908.991	0.2357
909.22	0.23575
909.448	0.2359
909.676	0.23647
909.904	0.23613
910.132	0.23657
910.361	0.23655
910.589	0.23656
910.817	0.23672
911.045	0.2365
911.273	0.23696
911.501	0.23674
911.729	0.23674
911.957	0.23645
912.185	0.23627
912.413	0.23606
912.641	0.23626
912.869	0.23608
913.097	0.23612
913.325	0.23618
913.553	0.23623
913.781	0.23625
914.009	0.23638
914.237	0.23618
914.465	0.23629
914.693	0.23615
914.92	0.23632
915.148	0.23662
915.376	0.23682
915.604	0.23619
915.832	0.23696
916.06	0.23683
916.287	0.23733
916.515	0.23706
916.743	0.23741
916.971	0.23687
917.198	0.23707
917.426	0.23724
917.654	0.2368
917.881	0.23724
918.109	0.23678
918.337	0.23736
918.564	0.23696
918.792	0.23691
919.02	0.23646
919.247	0.23643
919.475	0.23689
919.702	0.23634
919.93	0.23657
920.157	0.23634
920.385	0.23636
920.613	0.23621
920.84	0.23688
921.067	0.23691
921.295	0.23655
921.522	0.23668
921.75	0.23704
921.977	0.23691
922.205	0.23665
922.432	0.23707
922.659	0.23709
922.887	0.23728
923.114	0.23708
923.342	0.23783
923.569	0.23819
923.796	0.23779
924.024	0.2378
924.251	0.23875
924.478	0.238
924.705	0.23813
924.933	0.23755
925.16	0.23801
925.387	0.23746
925.614	0.23731
925.841	0.23711
926.069	0.23736
926.296	0.23704
926.523	0.23706
926.75	0.23717
926.977	0.23726
927.204	0.23724
927.431	0.23737
927.658	0.23652
927.885	0.23715
928.113	0.23723
928.34	0.2377
928.567	0.23749
928.794	0.2377
929.021	0.238
929.248	0.23812
929.475	0.23746
929.701	0.23782
929.928	0.23819
930.155	0.23796
930.382	0.23806
930.609	0.23824
930.836	0.23797
931.063	0.23818
931.29	0.23798
931.517	0.23798
931.743	0.23728
931.97	0.23773
932.197	0.2376
932.424	0.23766
932.651	0.23754
932.877	0.23752
933.104	0.23711
933.331	0.2374
933.557	0.23689
933.784	0.23708
934.011	0.23669
934.237	0.23729
934.464	0.23683
934.691	0.23699
934.917	0.23717
935.144	0.23727
935.371	0.23758
935.597	0.23719
935.824	0.23754
936.05	0.23782
936.277	0.23743
936.503	0.23778
936.73	0.23776
936.956	0.23736
937.183	0.23759
937.409	0.23776
937.636	0.23764
937.862	0.23766
938.089	0.23757
938.315	0.23792
938.541	0.23776
938.768	0.23747
938.994	0.23726
939.221	0.23742
939.447	0.23655
939.673	0.2369
939.9	0.23689
940.126	0.23706
940.352	0.23669
940.578	0.23694
940.805	0.23677
941.031	0.2368
941.257	0.23662
941.483	0.23682
941.71	0.23706
941.936	0.23703
942.162	0.23718
942.388	0.23695
942.614	0.23707
942.84	0.23711
943.066	0.23676
943.293	0.23718
943.519	0.23719
943.745	0.23727
943.971	0.23705
944.197	0.23721
944.423	0.2369
944.649	0.23718
944.875	0.23763
945.101	0.23704
945.327	0.23675
945.553	0.23708
945.779	0.2368
946.005	0.23697
946.231	0.2363
946.457	0.23615
946.682	0.236
946.908	0.23571
947.134	0.23572
947.36	0.23531
947.586	0.23634
947.812	0.23571
948.037	0.23579
948.263	0.23611
948.489	0.23546
948.715	0.23599
948.941	0.23605
949.166	0.23589
949.392	0.23573
949.618	0.23531
949.843	0.23612
950.069	0.23583
950.295	0.23599
950.52	0.2361
950.746	0.23619
950.972	0.23595
951.197	0.23648
951.423	0.23562
951.648	0.23536
951.874	0.23544
952.099	0.23535
952.325	0.23521
952.551	0.2352
952.776	0.23456
953.002	0.23475
953.227	0.23419
953.452	0.23423
953.678	0.23394
953.903	0.23461
954.129	0.2338
954.354	0.23396
954.58	0.23416
954.805	0.23441
955.03	0.23371
955.256	0.2338
955.481	0.23366
955.706	0.23339
955.932	0.23325
956.157	0.23393
956.382	0.23336
956.607	0.23347
956.833	0.23293
957.058	0.23345
957.283	0.23293
957.508	0.23307
957.734	0.23305
957.959	0.23308
958.184	0.23259
958.409	0.23291
958.634	0.23281
958.859	0.2331
959.084	0.23239
959.31	0.23264
959.535	0.23248
959.76	0.23223
959.985	0.23207
960.21	0.23232
960.435	0.23239
960.66	0.23231
960.885	0.23193
961.11	0.23138
961.335	0.23193
961.56	0.2314
961.785	0.23217
962.01	0.23173
962.234	0.23178
962.459	0.23169
962.684	0.23121
962.909	0.23145
963.134	0.23167
963.359	0.23179
963.584	0.23152
963.808	0.2315
964.033	0.23116
964.258	0.2317
964.483	0.23125
964.708	0.23169
964.932	0.23149
965.157	0.23152
965.382	0.23103
965.606	0.23143
965.831	0.23116
966.056	0.23107
966.28	0.23078
966.505	0.23116
966.73	0.23097
966.954	0.23097
967.179	0.23085
967.403	0.2314
967.628	0.23051
967.853	0.23086
968.077	0.23066
968.302	0.23103
968.526	0.23099
968.751	0.23102
968.975	0.2307
969.2	0.23074
969.424	0.23055
969.649	0.2308
969.873	0.23074
970.097	0.23128
970.322	0.23095
970.546	0.23138
970.771	0.2314
970.995	0.23158
971.219	0.23122
971.444	0.23138
971.668	0.23119
971.892	0.23126
972.116	0.23151
972.341	0.23199
972.565	0.23219
972.789	0.23163
973.013	0.23139
973.238	0.2313
973.462	0.23096
973.686	0.23133
973.91	0.23062
974.134	0.23089
974.358	0.231
974.583	0.23056
974.807	0.23105
975.031	0.2307
975.255	0.23112
975.479	0.23098
975.703	0.23102
975.927	0.23174
976.151	0.23134
976.375	0.2314
976.599	0.23122
976.823	0.23132
977.047	0.23168
977.271	0.23129
977.495	0.23171
977.719	0.23121
977.943	0.23185
978.167	0.23194
978.391	0.23161
978.614	0.23141
978.838	0.23167
979.062	0.23174
979.286	0.23178
979.51	0.23101
979.734	0.23154
979.957	0.23151
980.181	0.23158
980.405	0.23092
980.629	0.23139
980.852	0.23116
981.076	0.23177
981.3	0.23184
981.523	0.23201
981.747	0.23151
981.971	0.2324
982.194	0.23194
982.418	0.23195
982.642	0.23263
982.865	0.23218
983.089	0.23282
983.312	0.23276
983.536	0.23202
983.759	0.23213
983.983	0.23271
984.207	0.23225
984.43	0.23229
984.654	0.23241
984.877	0.23224
985.1	0.23215
985.324	0.23237
985.547	0.23244
985.771	0.23242
985.994	0.23241
986.218	0.23256
986.441	0.23248
986.664	0.23318
986.888	0.23286
987.111	0.23244
987.334	0.23286
987.558	0.23339
987.781	0.23279
988.004	0.23297
988.227	0.23258
988.451	0.23313
988.674	0.23305
988.897	0.23256
989.12	0.23265
989.343	0.23285
989.567	0.23293
989.79	0.23272
990.013	0.23264
990.236	0.23351
990.459	0.23343
990.682	0.23331
990.905	0.23356
991.128	0.23413
991.351	0.23412
991.574	0.23367
991.797	0.23415
992.02	0.23397
992.243	0.23397
992.466	0.23406
992.689	0.23385
992.912	0.23416
993.135	0.23393
993.358	0.23389
993.581	0.23404
993.804	0.23414
994.027	0.23439
994.25	0.23441
994.473	0.23476
994.696	0.23451
994.918	0.23415
995.141	0.23492
995.364	0.23484
995.587	0.23463
995.81	0.23455
996.032	0.23505
996.255	0.23459
996.478	0.23533
996.7	0.23522
996.923	0.23533
997.146	0.23526
997.369	0.23503
997.591	0.23578
997.814	0.23619
998.036	0.23569
998.259	0.23591
998.482	0.23589
998.704	0.23553
998.927	0.23623
999.149	0.23596
999.372	0.23607
999.594	0.23661
999.817	0.2364
1000.04	0.2361
1000.26	0.23681
1000.48	0.23663
1000.71	0.23635
1000.93	0.23658
1001.15	0.23637
1001.37	0.23688
1001.6	0.23728
1001.82	0.23708
1002.04	0.237
1002.26	0.23724
1002.49	0.23734
1002.71	0.23724
1002.93	0.23751
1003.15	0.2377
1003.38	0.23734
1003.6	0.2373
1003.82	0.23739
1004.04	0.23704
1004.26	0.23609
1004.49	0.23768
1004.71	0.23745
1004.93	0.23743
1005.15	0.23731
1005.38	0.23751