400.59	0.01966
400.707	0.0196
400.825	0.01966
400.943	0.01966
401.06	0.01956
401.178	0.01964
401.296	0.01956
401.414	0.0197
401.531	0.01963
401.649	0.01968
401.767	0.01967
401.884	0.01968
402.002	0.01976
402.12	0.01965
402.237	0.0197
402.355	0.0197
402.473	0.01974
402.59	0.01986
402.708	0.01988
402.826	0.01981
402.943	0.01986
403.061	0.01982
403.179	0.01984
403.296	0.01994
403.414	0.01994
403.531	0.01991
403.649	0.02001
403.767	0.01998
403.884	0.02007
404.002	0.02005
404.119	0.02012
404.237	0.02019
404.354	0.0202
404.472	0.02021
404.589	0.02039
404.707	0.02045
404.824	0.02062
404.942	0.02076
405.06	0.02082
405.177	0.02086
405.294	0.02091
405.412	0.02097
405.529	0.021
405.647	0.02113
405.764	0.02108
405.882	0.02117
405.999	0.0211
406.117	0.02113
406.234	0.02115
406.352	0.02112
406.469	0.02114
406.587	0.02123
406.704	0.02128
406.821	0.02133
406.939	0.0213
407.056	0.0214
407.174	0.0214
407.291	0.02138
407.408	0.02147
407.526	0.02144
407.643	0.0215
407.76	0.02144
407.878	0.02156
407.995	0.02159
408.112	0.0215
408.23	0.02153
408.347	0.02157
408.464	0.02164
408.582	0.02167
408.699	0.02169
408.816	0.02171
408.934	0.02175
409.051	0.02175
409.168	0.02186
409.285	0.02181
409.403	0.02194
409.52	0.02194
409.637	0.02193
409.754	0.02205
409.872	0.022
409.989	0.02206
410.106	0.02218
410.223	0.02212
410.341	0.02221
410.458	0.0222
410.575	0.02236
410.692	0.02229
410.809	0.0224
410.926	0.02234
411.044	0.02241
411.161	0.02248
411.278	0.02248
411.395	0.02258
411.512	0.02257
411.629	0.0226
411.747	0.0227
411.864	0.02274
411.981	0.02276
412.098	0.02282
412.215	0.02279
412.332	0.02296
412.449	0.0229
412.566	0.02294
412.683	0.02304
412.8	0.02309
412.917	0.02311
413.035	0.02316
413.152	0.02321
413.269	0.02325
413.386	0.0233
413.503	0.02332
413.62	0.02331
413.737	0.02343
413.854	0.02339
413.971	0.02345
414.088	0.02356
414.205	0.02349
414.322	0.02365
414.439	0.02357
414.556	0.02371
414.673	0.02372
414.79	0.02374
414.907	0.02371
415.023	0.02383
415.14	0.02383
415.257	0.02391
415.374	0.02389
415.491	0.02395
415.608	0.02401
415.725	0.02401
415.842	0.0241
415.959	0.0241
416.076	0.02413
416.192	0.02409
416.309	0.02416
416.426	0.02414
416.543	0.02418
416.66	0.02424
416.777	0.02425
416.894	0.02427
417.01	0.02425
417.127	0.02425
417.244	0.02434
417.361	0.02438
417.478	0.02433
417.594	0.02437
417.711	0.02441
417.828	0.02447
417.945	0.02442
418.062	0.02444
418.178	0.02457
418.295	0.02446
418.412	0.02452
418.529	0.02455
418.645	0.0246
418.762	0.0246
418.879	0.02458
418.995	0.02461
419.112	0.02461
419.229	0.02464
419.346	0.02463
419.462	0.02467
419.579	0.0247
419.696	0.02471
419.812	0.02477
419.929	0.02472
420.046	0.02478
420.162	0.02479
420.279	0.02479
420.396	0.0248
420.512	0.0248
420.629	0.02483
420.745	0.02482
420.862	0.02489
420.979	0.02495
421.095	0.02495
421.212	0.02486
421.328	0.02491
421.445	0.02493
421.561	0.02494
421.678	0.02499
421.795	0.02499
421.911	0.02495
422.028	0.025
422.144	0.02503
422.261	0.02503
422.377	0.02507
422.494	0.02511
422.61	0.02518
422.727	0.0251
422.843	0.02518
422.96	0.02519
423.076	0.02516
423.193	0.02519
423.309	0.02519
423.426	0.02526
423.542	0.02528
423.658	0.02528
423.775	0.02531
423.891	0.02531
424.008	0.02532
424.124	0.02531
424.241	0.02533
424.357	0.02537
424.473	0.02534
424.59	0.02542
424.706	0.02549
424.823	0.02548
424.939	0.02555
425.055	0.02548
425.172	0.02544
425.288	0.02552
425.404	0.02549
425.521	0.02551
425.637	0.02553
425.753	0.02558
425.87	0.02564
425.986	0.02561
426.102	0.02559
426.219	0.02563
426.335	0.02567
426.451	0.02568
426.567	0.02565
426.684	0.02568
426.8	0.02573
426.916	0.02575
427.032	0.02581
427.149	0.02577
427.265	0.02583
427.381	0.0258
427.497	0.02583
427.614	0.02578
427.73	0.02583
427.846	0.0258
427.962	0.02592
428.078	0.02591
428.195	0.02587
428.311	0.02589
428.427	0.02596
428.543	0.02593
428.659	0.02596
428.775	0.02599
428.891	0.02598
429.008	0.02603
429.124	0.02602
429.24	0.02605
429.356	0.02606
429.472	0.02605
429.588	0.02603
429.704	0.02608
429.82	0.02607
429.936	0.02609
430.052	0.02608
430.168	0.02608
430.285	0.02609
430.401	0.02609
430.517	0.02616
430.633	0.02611
430.749	0.02616
430.865	0.02617
430.981	0.0262
431.097	0.02618
431.213	0.02619
431.329	0.02622
431.445	0.02621
431.561	0.02623
431.677	0.02626
431.793	0.02623
431.909	0.02619
432.025	0.02625
432.141	0.02625
432.256	0.02629
432.372	0.02632
432.488	0.02629
432.604	0.02635
432.72	0.02633
432.836	0.02639
432.952	0.02642
433.068	0.0264
433.184	0.02646
433.3	0.02647
433.415	0.02649
433.531	0.02645
433.647	0.02651
433.763	0.02654
433.879	0.02655
433.995	0.02655
434.111	0.02656
434.226	0.02662
434.342	0.0266
434.458	0.02663
434.574	0.02664
434.69	0.02665
434.755	0.02577
434.871	0.02581
434.987	0.02585
435.103	0.02587
435.219	0.02588
435.335	0.02595
435.451	0.02594
435.566	0.02584
435.682	0.02599
435.798	0.02597
435.914	0.02596
436.03	0.02602
436.146	0.02604
436.262	0.026
436.377	0.0261
436.493	0.02614
436.609	0.0261
436.725	0.02617
436.841	0.0262
436.956	0.02619
437.072	0.02625
437.188	0.02621
437.304	0.02624
437.42	0.02636
437.535	0.02627
437.651	0.02631
437.767	0.02634
437.883	0.02637
437.998	0.02638
438.114	0.02642
438.23	0.02642
438.345	0.0265
438.461	0.02648
438.577	0.02643
438.693	0.02647
438.808	0.02654
438.924	0.02652
439.04	0.02659
439.155	0.02661
439.271	0.02661
439.387	0.02664
439.502	0.02664
439.618	0.02669
439.733	0.02669
439.849	0.02666
439.965	0.02674
440.08	0.02673
440.196	0.02679
440.311	0.02682
440.427	0.02681
440.543	0.02682
440.658	0.02684
440.774	0.02685
440.889	0.02691
441.005	0.02689
441.12	0.02691
441.236	0.02699
441.351	0.02702
441.467	0.02698
441.583	0.02693
441.698	0.027
441.814	0.02707
441.929	0.02699
442.045	0.027
442.16	0.02709
442.276	0.02707
442.391	0.02707
442.506	0.02715
442.622	0.0271
442.737	0.02717
442.853	0.0272
442.968	0.02724
443.084	0.02713
443.199	0.02723
443.314	0.02727
443.43	0.0272
443.545	0.02724
443.661	0.02734
443.776	0.02735
443.891	0.02739
444.007	0.02737
444.122	0.0274
444.238	0.02734
444.353	0.02732
444.468	0.0274
444.584	0.02737
444.699	0.02735
444.814	0.02745
444.93	0.02747
445.045	0.02749
445.16	0.02749
445.275	0.02748
445.391	0.02751
445.506	0.02749
445.621	0.02752
445.737	0.02753
445.852	0.02758
445.967	0.02755
446.082	0.02761
446.198	0.02758
446.313	0.02764
446.428	0.02761
446.543	0.02765
446.659	0.02766
446.774	0.02764
446.889	0.02761
447.004	0.02767
447.119	0.0277
447.234	0.02773
447.35	0.02777
447.465	0.02772
447.58	0.02777
447.695	0.02773
447.81	0.02771
447.925	0.02774
448.041	0.02774
448.156	0.02779
448.271	0.02779
448.386	0.02782
448.501	0.02783
448.616	0.02778
448.731	0.02782
448.846	0.02781
448.961	0.02789
449.076	0.02784
449.191	0.02784
449.307	0.02787
449.422	0.02793
449.537	0.02793
449.652	0.02794
449.767	0.02789
449.882	0.02791
449.997	0.02791
450.112	0.0279
450.227	0.02797
450.342	0.02796
450.457	0.02793
450.572	0.02795
450.687	0.02796
450.802	0.02794
450.917	0.02801
451.032	0.02794
451.146	0.02794
451.261	0.028
451.376	0.02799
451.491	0.02794
451.606	0.02797
451.721	0.02798
451.836	0.02801
451.951	0.02804
452.066	0.02804
452.181	0.02801
452.296	0.02806
452.41	0.028
452.525	0.02801
452.64	0.02804
452.755	0.02802
452.87	0.02801
452.985	0.02801
453.099	0.02803
453.214	0.02805
453.329	0.028
453.444	0.02803
453.559	0.02811
453.673	0.02806
453.788	0.02802
453.903	0.02809
454.018	0.02807
454.133	0.02809
454.247	0.02807
454.362	0.02807
454.477	0.02808
454.592	0.02803
454.706	0.02803
454.821	0.02804
454.936	0.02801
455.05	0.02805
455.165	0.02807
455.28	0.02801
455.395	0.02802
455.509	0.02803
455.624	0.02803
455.739	0.02804
455.853	0.02803
455.968	0.02801
456.082	0.02804
456.197	0.02804
456.312	0.02808
456.426	0.02805
456.541	0.02805
456.656	0.02804
456.77	0.02801
456.885	0.028
456.999	0.02797
457.114	0.02803
457.146	0.02719
457.26	0.02722
457.375	0.02729
457.49	0.02725
457.605	0.02714
457.72	0.02725
457.834	0.02728
457.949	0.02726
458.064	0.02718
458.179	0.0271
458.294	0.02722
458.408	0.02719
458.523	0.02715
458.638	0.02716
458.753	0.02719
458.867	0.02714
458.982	0.02719
459.097	0.02716
459.211	0.02718
459.326	0.02714
459.441	0.02714
459.555	0.02715
459.67	0.02713
459.785	0.02711
459.899	0.02712
460.014	0.02719
460.129	0.02716
460.243	0.02712
460.358	0.02714
460.473	0.02716
460.587	0.02717
460.702	0.0272
460.816	0.02715
460.931	0.0272
461.046	0.02722
461.16	0.02715
461.275	0.02723
461.389	0.02726
461.504	0.02723
461.619	0.02725
461.733	0.02732
461.848	0.02726
461.962	0.02731
462.077	0.02732
462.191	0.02729
462.306	0.02731
462.42	0.02723
462.535	0.02731
462.649	0.02728
462.764	0.02724
462.878	0.02725
462.993	0.02718
463.107	0.02723
463.222	0.02723
463.336	0.02721
463.45	0.02722
463.565	0.02719
463.679	0.0272
463.794	0.02726
463.908	0.02724
464.023	0.02721
464.137	0.02725
464.251	0.02726
464.366	0.02724
464.48	0.02724
464.595	0.02722
464.709	0.02721
464.823	0.0272
464.938	0.02721
465.052	0.02721
465.166	0.02717
465.281	0.02717
465.395	0.02721
465.509	0.02723
465.624	0.02725
465.738	0.02714
465.852	0.02717
465.966	0.02715
466.081	0.02717
466.195	0.02719
466.309	0.02716
466.424	0.0272
466.538	0.02718
466.652	0.02717
466.766	0.02719
466.881	0.02717
466.995	0.02717
467.109	0.02716
467.223	0.02712
467.337	0.02719
467.452	0.02718
467.566	0.02718
467.68	0.02715
467.794	0.02711
467.908	0.02716
468.022	0.02712
468.137	0.02715
468.251	0.02717
468.365	0.02715
468.479	0.02717
468.593	0.02716
468.707	0.0271
468.821	0.02715
468.936	0.02719
469.05	0.02713
469.164	0.02714
469.278	0.02712
469.392	0.02712
469.506	0.02714
469.62	0.02718
469.734	0.02712
469.848	0.02716
469.962	0.02714
470.076	0.02714
470.19	0.02712
470.304	0.02712
470.418	0.02717
470.532	0.0271
470.646	0.02707
470.76	0.02713
470.874	0.0271
470.988	0.02713
471.102	0.02709
471.216	0.02712
471.33	0.02713
471.444	0.02709
471.558	0.02712
471.672	0.02713
471.786	0.02715
471.9	0.02713
472.014	0.0271
472.128	0.02712
472.242	0.02715
472.355	0.02711
472.469	0.02711
472.583	0.02711
472.697	0.02712
472.811	0.02715
472.925	0.02713
473.039	0.02715
473.153	0.02715
473.266	0.02715
473.38	0.02716
473.494	0.02714
473.608	0.02715
473.722	0.02712
473.835	0.02715
473.949	0.02714
474.063	0.02715
474.177	0.02711
474.291	0.02714
474.404	0.02713
474.518	0.02716
474.632	0.02713
474.746	0.02712
474.859	0.02717
474.973	0.0272
475.087	0.02718
475.201	0.02718
475.314	0.02722
475.428	0.0272
475.542	0.02719
475.655	0.02718
475.769	0.02714
475.883	0.0272
475.996	0.02716
476.11	0.02719
476.224	0.02721
476.337	0.0272
476.451	0.02723
476.565	0.0272
476.678	0.02724
476.792	0.0272
476.905	0.02717
477.019	0.02723
477.133	0.0272
477.246	0.02723
477.36	0.02723
477.473	0.02726
477.587	0.02724
477.701	0.02726
477.814	0.02722
477.928	0.02725
478.041	0.02725
478.155	0.02725
478.268	0.02727
478.382	0.02724
478.495	0.02722
478.609	0.02724
478.722	0.02729
478.836	0.02727
478.949	0.0273
479.063	0.02728
479.176	0.02734
479.29	0.02736
479.403	0.02733
479.517	0.02734
479.63	0.02731
479.743	0.02732
479.857	0.02731
479.97	0.02729
480.084	0.02729
480.197	0.02729
480.31	0.02734
480.424	0.02738
480.537	0.02729
480.651	0.02732
480.764	0.02739
480.877	0.0274
480.991	0.0274
481.104	0.02742
481.217	0.02736
481.331	0.02739
481.444	0.0274
481.557	0.02741
481.671	0.02742
481.784	0.02737
481.897	0.02737
482.011	0.02745
482.124	0.02738
482.237	0.0274
482.35	0.02744
482.464	0.02744
482.577	0.02744
482.69	0.02743
482.803	0.02744
482.917	0.02745
483.03	0.02744
483.143	0.02741
483.256	0.02744
483.37	0.02747
483.483	0.02748
483.596	0.02744
483.709	0.02746
483.822	0.02744
483.935	0.02752
484.049	0.02748
484.162	0.02753
484.275	0.02755
484.388	0.02752
484.501	0.02754
484.614	0.02757
484.727	0.02753
484.841	0.02751
484.954	0.02757
485.067	0.02757
485.18	0.02757
485.293	0.02756
485.406	0.02756
485.519	0.02757
485.632	0.02759
485.745	0.02764
485.858	0.02762
485.971	0.02757
486.084	0.0276
486.197	0.02767
486.31	0.02766
486.423	0.02766
486.536	0.02769
486.649	0.02767
486.762	0.02772
486.875	0.02765
486.988	0.02771
487.101	0.02777
487.214	0.02775
487.327	0.02777
487.44	0.02778
487.553	0.02778
487.666	0.0278
487.779	0.02778
487.892	0.02785
488.005	0.02785
488.118	0.02782
488.231	0.02783
488.343	0.02785
488.456	0.0278
488.569	0.02781
488.682	0.02786
488.795	0.02787
488.908	0.02792
489.021	0.02789
489.134	0.02795
489.246	0.02799
489.359	0.02797
489.472	0.02791
489.585	0.02801
489.698	0.02801
489.81	0.02805
489.923	0.02804
490.036	0.02811
490.149	0.02804
490.262	0.02818
490.374	0.02813
490.487	0.02811
490.6	0.02814
490.713	0.02817
490.825	0.02816
490.938	0.02818
491.051	0.02823
491.163	0.02822
491.276	0.02821
491.389	0.02823
491.501	0.02823
491.614	0.02827
491.727	0.02832
491.839	0.02839
491.952	0.02835
492.065	0.02833
492.177	0.02835
492.29	0.02836
492.403	0.02843
492.515	0.02845
492.628	0.02848
492.741	0.02849
492.853	0.02851
492.966	0.02851
493.078	0.02858
493.191	0.02852
493.303	0.02858
493.416	0.02862
493.529	0.02859
493.641	0.02869
493.754	0.02866
493.866	0.02871
493.979	0.02869
494.091	0.02876
494.204	0.02873
494.316	0.02882
494.429	0.02878
494.541	0.0288
494.654	0.02887
494.766	0.02888
494.879	0.02887
494.991	0.02889
495.104	0.02898
495.216	0.02895
495.329	0.029
495.441	0.0291
495.553	0.02906
495.666	0.02903
495.778	0.02908
495.891	0.02912
496.003	0.0291
496.115	0.02912
496.228	0.02918
496.34	0.02921
496.453	0.02922
496.565	0.02927
496.677	0.02927
496.79	0.02935
496.902	0.02935
497.014	0.0294
497.127	0.02945
497.239	0.02941
497.351	0.02943
497.464	0.02948
497.576	0.02951
497.688	0.02958
497.8	0.02961
497.913	0.02966
498.025	0.02968
498.137	0.02967
498.25	0.02974
498.362	0.02975
498.474	0.02984
498.586	0.02985
498.698	0.02988
498.811	0.02987
498.923	0.02994
499.035	0.03
499.147	0.03004
499.259	0.03005
499.372	0.03007
499.484	0.03007
499.596	0.03017
499.708	0.03016
499.82	0.03024
499.932	0.03022
500.045	0.03026
500.157	0.03028
500.269	0.03035
500.381	0.03042
500.493	0.03038
500.605	0.03047
500.717	0.0305
500.829	0.03051
500.941	0.03056
501.054	0.03064
501.166	0.03074
501.278	0.0307
501.39	0.03069
501.502	0.0308
501.614	0.03084
501.726	0.03087
501.838	0.03087
501.95	0.03091
502.062	0.03093
502.174	0.03096
502.286	0.03105
502.398	0.03111
502.51	0.03117
502.622	0.03117
502.734	0.03122
502.846	0.03131
502.958	0.03133
503.07	0.03133
503.182	0.03141
503.293	0.03146
503.405	0.0315
503.465	0.03166
503.577	0.03169
503.69	0.03173
503.802	0.03175
503.914	0.03183
504.026	0.03182
504.139	0.03189
504.251	0.03192
504.363	0.03198
504.475	0.03204
504.587	0.03205
504.7	0.03213
504.812	0.0322
504.924	0.03226
505.036	0.03234
505.148	0.03238
505.261	0.03237
505.373	0.03243
505.485	0.03248
505.597	0.03251
505.709	0.03255
505.821	0.03265
505.933	0.03271
506.046	0.03272
506.158	0.03277
506.27	0.03282
506.382	0.03291
506.494	0.03296
506.606	0.03305
506.718	0.03305
506.83	0.03311
506.942	0.03318
507.054	0.03321
507.166	0.03333
507.278	0.03338
507.39	0.03351
507.502	0.03356
507.614	0.03361
507.726	0.03372
507.838	0.03379
507.95	0.03387
508.062	0.03389
508.174	0.03395
508.286	0.03403
508.398	0.03407
508.51	0.03417
508.622	0.03421
508.734	0.03425
508.846	0.0343
508.958	0.0344
509.07	0.03442
509.182	0.03453
509.294	0.03459
509.406	0.03464
509.518	0.03468
509.629	0.03477
509.741	0.03487
509.853	0.03486
509.965	0.035
510.077	0.03505
510.189	0.03513
510.301	0.0352
510.412	0.03525
510.524	0.03528
510.636	0.03538
510.748	0.03545
510.86	0.03546
510.972	0.03553
511.083	0.03565
511.195	0.03569
511.307	0.03577
511.419	0.03584
511.53	0.03601
511.642	0.03599
511.754	0.03604
511.866	0.03618
511.977	0.03626
512.089	0.03632
512.201	0.03637
512.313	0.03652
512.424	0.03659
512.536	0.03658
512.648	0.03672
512.759	0.03682
512.871	0.0369
512.983	0.03694
513.094	0.03705
513.206	0.03715
513.318	0.03721
513.429	0.03723
513.541	0.03738
513.652	0.03749
513.764	0.03753
513.876	0.0376
513.987	0.03764
514.099	0.03773
514.21	0.03784
514.322	0.03791
514.434	0.03797
514.545	0.03811
514.657	0.0381
514.768	0.03828
514.88	0.0383
514.991	0.03845
515.103	0.03857
515.214	0.03862
515.326	0.03872
515.437	0.03879
515.549	0.03884
515.66	0.03892
515.772	0.039
515.883	0.0391
515.995	0.03926
516.106	0.03926
516.218	0.03938
516.329	0.0395
516.441	0.03955
516.552	0.03977
516.664	0.03982
516.775	0.03992
516.886	0.03996
516.998	0.04009
517.109	0.04015
517.221	0.04024
517.332	0.04027
517.443	0.04042
517.555	0.04046
517.666	0.04065
517.777	0.04071
517.889	0.04078
518	0.04089
518.111	0.0409
518.223	0.04109
518.334	0.04112
518.445	0.04127
518.557	0.04132
518.668	0.04138
518.779	0.04159
518.89	0.04166
519.002	0.0417
519.113	0.04185
519.224	0.04195
519.336	0.04206
519.447	0.04212
519.558	0.04221
519.669	0.04228
519.78	0.04238
519.892	0.04257
520.003	0.04255
520.114	0.04262
520.225	0.04269
520.336	0.04283
520.448	0.04299
520.559	0.04302
520.67	0.04314
520.781	0.04323
520.892	0.04335
521.003	0.0434
521.114	0.04353
521.226	0.04359
521.337	0.04372
521.448	0.04375
521.559	0.04392
521.67	0.04398
521.781	0.04406
521.892	0.04413
522.003	0.04425
522.114	0.04427
522.225	0.0444
522.336	0.04443
522.447	0.04457
522.559	0.04471
522.67	0.0448
522.781	0.04484
522.892	0.04495
523.003	0.04507
523.114	0.04517
523.225	0.04521
523.336	0.04533
523.447	0.04541
523.557	0.04543
523.668	0.04554
523.779	0.04574
523.89	0.04577
524.001	0.04585
524.112	0.0458
524.223	0.04598
524.334	0.04605
524.445	0.04614
524.556	0.04628
524.667	0.04633
524.778	0.04642
524.889	0.04648
524.999	0.04656
525.11	0.04663
525.221	0.0468
525.332	0.04687
525.443	0.04683
525.554	0.04702
525.664	0.047
525.775	0.04715
525.886	0.04722
525.997	0.04719
526.108	0.04734
526.218	0.04744
526.329	0.0475
526.44	0.04752
526.551	0.04756
526.662	0.0477
526.772	0.04778
526.883	0.04784
526.994	0.04787
527.105	0.04795
527.215	0.04809
527.326	0.0481
527.437	0.04818
527.547	0.04823
527.658	0.04834
527.769	0.04832
527.879	0.04848
527.99	0.04849
528.101	0.04859
528.211	0.04868
528.322	0.0487
528.433	0.04876
528.543	0.04884
528.654	0.04884
528.765	0.04887
528.875	0.04897
528.986	0.04902
529.096	0.04899
529.207	0.04902
529.318	0.04916
529.428	0.04917
529.539	0.04923
529.649	0.04927
529.76	0.04935
529.87	0.04936
529.981	0.04942
530.091	0.04955
530.202	0.0495
530.312	0.04949
530.423	0.04959
530.533	0.04962
530.644	0.0496
530.754	0.04966
530.865	0.04977
530.975	0.04972
531.086	0.04977
531.196	0.04976
531.307	0.0499
531.417	0.04991
531.528	0.04998
531.638	0.04988
531.749	0.05002
531.859	0.04997
531.969	0.05
532.08	0.05001
532.19	0.05004
532.3	0.05007
532.411	0.05002
532.521	0.05011
532.632	0.05011
532.742	0.05007
532.852	0.05004
532.963	0.05015
533.073	0.05015
533.183	0.05013
533.294	0.05016
533.404	0.05017
533.514	0.05016
533.624	0.05025
533.735	0.0502
533.845	0.05015
533.955	0.05022
534.066	0.05019
534.176	0.05021
534.286	0.05019
534.396	0.05018
534.507	0.05021
534.617	0.05018
534.727	0.05025
534.837	0.05019
534.947	0.05023
535.058	0.05022
535.168	0.05017
535.278	0.05026
535.388	0.05021
535.498	0.05014
535.608	0.05016
535.719	0.05028
535.829	0.05016
535.939	0.05014
536.049	0.05014
536.159	0.05022
536.269	0.05022
536.379	0.05014
536.489	0.05016
536.599	0.05021
536.71	0.05014
536.82	0.05012
536.93	0.05021
537.04	0.05022
537.15	0.05022
537.26	0.05016
537.37	0.05022
537.48	0.05018
537.59	0.05016
537.7	0.05017
537.81	0.0501
537.92	0.05012
538.03	0.05011
538.14	0.05012
538.25	0.05015
538.36	0.0502
538.47	0.05009
538.58	0.05021
538.69	0.05019
538.8	0.05015
538.91	0.05012
539.02	0.05022
539.129	0.05014
539.239	0.0502
539.349	0.05027
539.459	0.05016
539.569	0.05023
539.679	0.05022
539.789	0.05028
539.899	0.05015
540.009	0.05019
540.118	0.05017
540.228	0.05029
540.338	0.05032
540.448	0.05028
540.558	0.05025
540.668	0.05028
540.777	0.05028
540.887	0.0503
540.997	0.05035
541.107	0.05025
541.216	0.05035
541.326	0.05043
541.436	0.05043
541.546	0.05051
541.655	0.05042
541.765	0.05041
541.875	0.05046
541.985	0.05051
542.094	0.05056
542.204	0.05063
542.314	0.05053
542.423	0.0506
542.533	0.05063
542.643	0.05068
542.752	0.05073
542.862	0.05075
542.972	0.05078
543.081	0.05086
543.191	0.05087
543.301	0.05086
543.41	0.05091
543.52	0.0509
543.63	0.05081
543.739	0.05098
543.849	0.05094
543.958	0.05098
544.068	0.05113
544.177	0.05107
544.287	0.05122
544.397	0.0512
544.506	0.05121
544.616	0.0512
544.725	0.05124
544.835	0.05135
544.944	0.05131
545.054	0.05135
545.163	0.05144
545.273	0.05153
545.382	0.05152
545.492	0.05158
545.601	0.05159
545.711	0.05162
545.82	0.05165
545.93	0.05171
546.039	0.05178
546.148	0.05183
546.258	0.05186
546.367	0.05196
546.477	0.05194
546.586	0.05199
546.696	0.05195
546.805	0.05207
546.914	0.05208
547.024	0.05219
547.133	0.0522
547.242	0.05225
547.352	0.05226
547.461	0.05239
547.57	0.0524
547.68	0.05241
547.789	0.05249
547.898	0.05249
548.008	0.0525
548.117	0.05257
548.226	0.0526
548.336	0.05269
548.445	0.05274
548.554	0.05272
548.663	0.05282
548.773	0.05286
548.882	0.0529
548.991	0.05308
549.1	0.053
549.21	0.05308
549.319	0.05314
549.428	0.05318
549.537	0.05324
549.646	0.05324
549.756	0.05335
549.865	0.05328
549.974	0.05334
550.083	0.05345
550.192	0.05351
550.301	0.05354
550.411	0.05348
550.52	0.05366
550.629	0.05369
550.738	0.05371
550.847	0.05368
550.956	0.05376
551.065	0.05386
551.174	0.0539
551.283	0.05394
551.392	0.05394
551.501	0.05404
551.611	0.05405
551.72	0.05413
551.829	0.05422
551.938	0.05431
552.047	0.05424
552.156	0.05432
552.265	0.05443
552.374	0.05437
552.483	0.05441
552.592	0.05452
552.701	0.0545
552.81	0.05455
552.919	0.0546
553.028	0.05457
553.137	0.05463
553.245	0.0547
553.354	0.05475
553.463	0.05484
553.572	0.05484
553.681	0.05489
553.79	0.05492
553.899	0.05488
554.008	0.05492
554.117	0.05504
554.226	0.05504
554.334	0.05505
554.443	0.0551
554.552	0.05512
554.661	0.05517
554.77	0.05523
554.879	0.05524
554.987	0.0552
555.096	0.05523
555.205	0.05532
555.314	0.05532
555.423	0.05536
555.531	0.05535
555.64	0.05543
555.749	0.05548
555.858	0.05549
555.967	0.05548
556.075	0.0555
556.184	0.05558
556.293	0.05555
556.401	0.05563
556.51	0.0556
556.619	0.05564
556.728	0.05565
556.836	0.05562
556.945	0.05564
557.054	0.05569
557.162	0.05574
557.271	0.0558
557.38	0.05576
557.488	0.05583
557.597	0.05583
557.706	0.05586
557.814	0.05581
557.923	0.05584
558.031	0.05583
558.14	0.05585
558.249	0.0559
558.357	0.05592
558.466	0.05588
558.574	0.05586
558.683	0.05586
558.791	0.05588
558.9	0.056
559.008	0.05596
559.117	0.05601
559.226	0.05591
559.334	0.05597
559.443	0.05585
559.551	0.05604
559.66	0.05596
559.768	0.05598
559.876	0.05599
559.985	0.05595
560.093	0.05598
560.202	0.05599
560.31	0.05609
560.419	0.05604
560.527	0.05603
560.636	0.05593
560.744	0.05598
560.852	0.05594
560.961	0.05597
561.069	0.05596
561.178	0.05602
561.286	0.05588
561.394	0.056
561.503	0.0559
561.611	0.05591
561.719	0.05593
561.828	0.05598
561.936	0.05592
562.044	0.05594
562.153	0.05598
562.261	0.05592
562.369	0.05587
562.478	0.05589
562.586	0.05587
562.694	0.0559
562.802	0.05572
562.911	0.05579
563.019	0.05581
563.127	0.05579
563.235	0.05573
563.344	0.05586
563.452	0.0557
563.56	0.05573
563.668	0.05574
563.777	0.05571
563.885	0.05577
563.993	0.0557
564.101	0.05572
564.209	0.05568
564.317	0.05566
564.426	0.0556
564.534	0.05555
564.642	0.05561
564.75	0.05552
564.858	0.05558
564.966	0.05551
565.074	0.05542
565.182	0.0554
565.291	0.05546
565.399	0.05531
565.507	0.05539
565.615	0.05531
565.723	0.05531
565.831	0.05529
565.939	0.05524
566.047	0.05528
566.155	0.05525
566.263	0.05521
566.371	0.05515
566.479	0.05524
566.587	0.05513
566.695	0.05514
566.803	0.05504
566.911	0.05504
567.019	0.05503
567.127	0.05504
567.235	0.05494
567.343	0.05497
567.451	0.05496
567.559	0.05491
567.667	0.05494
567.775	0.05494
567.883	0.05489
567.99	0.05479
568.098	0.05478
568.206	0.05481
568.314	0.05476
568.422	0.05482
568.53	0.05473
568.638	0.0547
568.746	0.05467
568.853	0.05463
568.961	0.05461
569.069	0.05461
569.177	0.05461
569.285	0.05461
569.392	0.05457
569.5	0.05451
569.608	0.05446
569.716	0.05446
569.824	0.0545
569.931	0.0544
570.039	0.05451
570.147	0.05436
570.255	0.05439
570.362	0.05426
570.47	0.05429
570.578	0.05417
570.686	0.05415
570.793	0.05421
570.901	0.05415
571.009	0.05411
571.116	0.05408
571.224	0.05414
571.332	0.05406
571.439	0.05404
571.547	0.05393
571.655	0.05403
571.762	0.054
571.87	0.05392
571.977	0.0539
572.085	0.05392
572.193	0.05386
572.3	0.05387
572.408	0.05391
572.515	0.05382
572.623	0.05383
572.731	0.05379
572.838	0.05385
572.946	0.0538
573.053	0.05375
573.161	0.05372
573.268	0.05375
573.376	0.05367
573.483	0.05367
573.591	0.05366
573.698	0.05374
573.806	0.05364
573.913	0.05359
574.021	0.05353
574.128	0.05361
574.236	0.05352
574.343	0.05347
574.451	0.05342
574.558	0.05355
574.665	0.05358
574.773	0.05351
574.88	0.05341
574.988	0.05343
575.095	0.05346
575.202	0.05333
575.31	0.05342
575.417	0.05341
575.524	0.0533
575.632	0.05335
575.739	0.05334
575.847	0.05333
575.954	0.05327
576.061	0.05326
576.169	0.0533
576.276	0.05333
576.383	0.05321
576.49	0.05334
576.598	0.05328
576.705	0.05324
576.812	0.05321
576.92	0.05325
577.027	0.05315
577.134	0.05322
577.241	0.05319
577.348	0.05317
577.456	0.05316
577.563	0.05309
577.67	0.05309
577.777	0.0531
577.885	0.05318
577.992	0.05303
578.099	0.05307
578.206	0.05313
578.313	0.05303
578.42	0.05303
578.528	0.05308
578.635	0.05302
578.742	0.05292
578.849	0.05286
578.956	0.05299
579.063	0.05295
579.17	0.05296
579.277	0.05292
579.384	0.053
579.492	0.05291
579.599	0.05295
579.706	0.05287
579.813	0.05297
579.92	0.05291
580.027	0.05291
580.134	0.05291
580.241	0.05291
580.348	0.0529
580.455	0.05282
580.562	0.05285
580.669	0.05281
580.776	0.05284
580.883	0.0528
580.99	0.05282
581.097	0.05278
581.204	0.05286
581.311	0.05279
581.418	0.05282
581.525	0.0528
581.631	0.05271
581.738	0.05279
581.845	0.05275
581.952	0.05268
582.059	0.0527
582.166	0.05261
582.273	0.05264
582.38	0.05265
582.487	0.05262
582.593	0.05258
582.7	0.05256
582.807	0.0525
582.914	0.05257
583.021	0.05262
583.128	0.05254
583.234	0.05256
583.341	0.05254
583.448	0.0526
583.555	0.05252
583.662	0.05256
583.768	0.05251
583.875	0.05243
583.982	0.05249
584.089	0.05244
584.195	0.0524
584.302	0.05246
584.409	0.05238
584.515	0.05232
584.622	0.05227
584.729	0.05232
584.836	0.05234
584.942	0.05232
585.049	0.05227
585.156	0.05221
585.262	0.0522
585.369	0.05223
585.476	0.05225
585.582	0.0522
585.689	0.05213
585.795	0.05211
585.902	0.05219
586.009	0.05206
586.115	0.05209
586.222	0.05216
586.328	0.05206
586.435	0.05214
586.542	0.05203
586.648	0.05197
586.755	0.05202
586.861	0.052
586.968	0.052
587.074	0.05202
587.181	0.05194
587.287	0.05193
587.394	0.05192
587.5	0.05195
587.607	0.05187
587.713	0.05186
587.82	0.05188
587.926	0.05174
588.033	0.05189
588.139	0.05181
588.246	0.0518
588.352	0.05172
588.458	0.05183
588.565	0.05171
588.671	0.05178
588.778	0.05165
588.884	0.05163
588.99	0.05158
589.097	0.05165
589.203	0.05164
589.31	0.05159
589.416	0.05159
589.522	0.05153
589.629	0.05156
589.735	0.05153
589.841	0.05151
589.948	0.05145
590.054	0.05145
590.16	0.05145
590.266	0.05142
590.373	0.05139
590.479	0.05136
590.585	0.0513
590.692	0.05139
590.798	0.05136
590.904	0.05127
591.01	0.05128
591.117	0.05125
591.223	0.05123
591.329	0.05125
591.435	0.05118
591.541	0.05115
591.648	0.05126
591.754	0.05115
591.86	0.05113
591.966	0.05113
592.072	0.05114
592.178	0.05105
592.285	0.05107
592.391	0.0511
592.497	0.05107
592.603	0.05103
592.709	0.05101
592.815	0.05094
592.921	0.05095
593.027	0.05094
593.134	0.0509
593.24	0.05086
593.346	0.05088
593.452	0.05086
593.558	0.05085
593.664	0.05087
593.77	0.05078
593.876	0.05081
593.982	0.05074
594.088	0.05075
594.194	0.0507
594.3	0.05077
594.406	0.05065
594.512	0.0507
594.618	0.05062
594.724	0.05064
594.83	0.05055
594.936	0.05069
595.042	0.05055
595.148	0.05065
595.254	0.05064
595.36	0.05055
595.465	0.05052
595.571	0.05046
595.677	0.05043
595.783	0.0504
595.889	0.05036
595.995	0.0503
596.101	0.05034
596.207	0.05036
596.312	0.05036
596.418	0.05029
596.524	0.05025
596.63	0.05021
596.736	0.05023
596.842	0.05019
596.947	0.05019
597.053	0.05013
597.159	0.05009
597.265	0.05003
597.371	0.05015
597.476	0.05006
597.582	0.05004
597.688	0.05003
597.794	0.04997
597.899	0.04994
598.005	0.0499
598.111	0.04987
598.216	0.04988
598.322	0.04983
598.428	0.04979
598.534	0.04974
598.639	0.04974
598.745	0.04976
598.851	0.04977
598.956	0.04961
599.062	0.04973
599.168	0.04961
599.273	0.0496
599.379	0.04958
599.484	0.04958
599.59	0.04959
599.696	0.04946
599.801	0.04944
599.907	0.04931
600.012	0.04934
600.118	0.04937
600.224	0.04929
600.329	0.0493
600.435	0.0493
600.54	0.04928
600.646	0.04925
600.751	0.04917
600.857	0.04907
600.962	0.04912
601.068	0.04906
601.173	0.04906
601.279	0.04908
601.384	0.04906
601.49	0.04901
601.595	0.04895
601.701	0.04897
601.806	0.04891
601.911	0.0489
602.017	0.04889
602.122	0.04878
602.228	0.04874
602.333	0.04877
602.439	0.04867
602.544	0.04873
602.649	0.04865
602.755	0.04861
602.86	0.04857
602.965	0.04854
603.071	0.04857
603.176	0.04843
603.281	0.04841
603.387	0.04841
603.492	0.04846
603.597	0.04832
603.703	0.04839
603.808	0.04832
603.913	0.04838
604.019	0.04822
604.124	0.04809
604.229	0.04818
604.334	0.04808
604.44	0.0481
604.545	0.04804
604.65	0.04802
604.755	0.048
604.861	0.04792
604.966	0.04794
605.071	0.0479
605.176	0.04785
605.281	0.04783
605.387	0.04782
605.492	0.04777
605.597	0.04773
605.702	0.0477
605.807	0.04762
605.912	0.04759
606.018	0.04759
606.123	0.04756
606.228	0.04755
606.333	0.04749
606.438	0.04746
606.543	0.04735
606.648	0.04737
606.753	0.04738
606.858	0.04736
606.963	0.04728
607.068	0.04726
607.173	0.04724
607.279	0.04718
607.384	0.04709
607.489	0.04713
607.594	0.0471
607.699	0.04703
607.804	0.04709
607.909	0.04703
608.014	0.04695
608.119	0.04688
608.224	0.04688
608.329	0.04685
608.433	0.04678
608.538	0.04682
608.643	0.04672
608.748	0.04668
608.853	0.04667
608.958	0.04662
609.063	0.04666
609.168	0.04662
609.273	0.04652
609.378	0.0465
609.483	0.04652
609.587	0.04647
609.692	0.04646
609.797	0.04634
609.902	0.04633
610.007	0.04636
610.112	0.04627
610.217	0.04625
610.321	0.04626
610.426	0.04621
610.531	0.04615
610.636	0.04615
610.741	0.04611
610.845	0.04615
610.95	0.0461
611.055	0.04596
611.16	0.04606
611.264	0.04601
611.369	0.04606
611.474	0.04595
611.579	0.04593
611.683	0.04593
611.788	0.04586
611.893	0.04582
611.997	0.0458
612.102	0.04577
612.207	0.04583
612.311	0.04575
612.416	0.04583
612.521	0.04575
612.625	0.04569
612.73	0.04571
612.835	0.04569
612.939	0.04568
613.044	0.04565
613.148	0.04562
613.253	0.04557
613.358	0.04551
613.462	0.04551
613.567	0.04542
613.671	0.04544
613.776	0.04534
613.88	0.04543
613.985	0.04537
614.089	0.04534
614.194	0.04527
614.299	0.04532
614.403	0.04536
614.536	0.0446
614.642	0.04466
614.747	0.04463
614.853	0.0446
614.958	0.04461
615.064	0.04455
615.169	0.0446
615.275	0.04459
615.38	0.04459
615.486	0.04465
615.591	0.04458
615.697	0.04457
615.802	0.04459
615.907	0.0446
616.013	0.04457
616.118	0.04456
616.224	0.04451
616.329	0.04449
616.435	0.04455
616.54	0.04447
616.645	0.04446
616.751	0.04449
616.856	0.04451
616.962	0.04435
617.067	0.04444
617.172	0.04442
617.278	0.04448
617.383	0.04444
617.488	0.04441
617.594	0.04443
617.699	0.04434
617.804	0.04437
617.91	0.04437
618.015	0.04436
618.12	0.04441
618.225	0.04441
618.331	0.04436
618.436	0.0444
618.541	0.0444
618.646	0.04441
618.752	0.04432
618.857	0.0444
618.962	0.04433
619.067	0.04441
619.173	0.04441
619.278	0.04438
619.383	0.04438
619.488	0.04439
619.593	0.04445
619.698	0.0444
619.804	0.04442
619.909	0.04432
620.014	0.04438
620.119	0.04442
620.224	0.04437
620.329	0.04434
620.434	0.04441
620.54	0.0443
620.645	0.04431
620.75	0.04434
620.855	0.04433
620.96	0.04432
621.065	0.04435
621.17	0.04435
621.275	0.04436
621.38	0.04439
621.485	0.0444
621.59	0.04436
621.695	0.04437
621.8	0.04445
621.905	0.04439
622.01	0.04441
622.115	0.04436
622.22	0.04442
622.325	0.0444
622.43	0.04442
622.535	0.04434
622.64	0.04446
622.745	0.04445
622.85	0.04439
622.955	0.04443
623.06	0.04442
623.164	0.04447
623.269	0.0445
623.374	0.04441
623.479	0.04444
623.584	0.04449
623.689	0.04454
623.794	0.04459
623.899	0.04454
624.003	0.04452
624.108	0.04463
624.213	0.04451
624.318	0.04458
624.423	0.04453
624.528	0.04453
624.632	0.04456
624.737	0.04461
624.842	0.04458
624.947	0.04465
625.051	0.04456
625.156	0.04462
625.261	0.04465
625.366	0.04459
625.47	0.04466
625.575	0.04474
625.68	0.04468
625.784	0.04471
625.889	0.04466
625.994	0.04466
626.099	0.04465
626.203	0.04465
626.308	0.04469
626.413	0.04468
626.517	0.04476
626.622	0.04477
626.726	0.04479
626.831	0.04479
626.936	0.04477
627.04	0.04479
627.145	0.04486
627.249	0.04491
627.354	0.04485
627.459	0.04494
627.563	0.04488
627.668	0.04476
627.772	0.04481
627.877	0.04483
627.981	0.04484
628.086	0.04485
628.19	0.04488
628.295	0.04499
628.399	0.04496
628.504	0.04489
628.608	0.04495
628.713	0.04497
628.817	0.04495
628.922	0.04492
629.026	0.04497
629.131	0.04498
629.235	0.04495
629.34	0.04498
629.444	0.045
629.548	0.04501
629.653	0.04503
629.757	0.04497
629.862	0.04498
629.966	0.04509
630.07	0.04498
630.175	0.04505
630.279	0.04499
630.383	0.04503
630.488	0.04493
630.592	0.04499
630.696	0.04498
630.801	0.04498
630.905	0.04501
631.009	0.04503
631.114	0.04498
631.218	0.04494
631.322	0.04495
631.426	0.04499
631.531	0.04491
631.635	0.04494
631.739	0.04495
631.843	0.04493
631.948	0.04494
632.052	0.04494
632.156	0.04492
632.26	0.04497
632.365	0.04484
632.469	0.04488
632.573	0.04484
632.677	0.04483
632.781	0.04478
632.885	0.04484
632.99	0.04482
633.094	0.0448
633.198	0.04482
633.302	0.04477
633.406	0.04468
633.51	0.04462
633.614	0.04469
633.718	0.04468
633.822	0.04457
633.926	0.04457
634.031	0.04457
634.135	0.04459
634.239	0.04458
634.343	0.04449
634.447	0.04445
634.551	0.04445
634.655	0.04446
634.759	0.04441
634.863	0.04443
634.967	0.04444
635.071	0.04434
635.175	0.04434
635.279	0.04428
635.383	0.04426
635.487	0.04422
635.591	0.04412
635.695	0.04413
635.798	0.04403
635.902	0.04413
636.006	0.04396
636.11	0.04406
636.214	0.04399
636.318	0.04394
636.422	0.04377
636.526	0.04381
636.63	0.04375
636.733	0.04365
636.837	0.04367
636.941	0.04368
637.045	0.04365
637.149	0.04349
637.253	0.04351
637.356	0.04342
637.46	0.04338
637.564	0.04327
637.668	0.04323
637.772	0.0431
637.875	0.04311
637.979	0.0431
638.083	0.04298
638.187	0.04294
638.29	0.04289
638.394	0.04283
638.498	0.04276
638.601	0.0427
638.705	0.04266
638.809	0.04259
638.913	0.04256
639.016	0.04253
639.12	0.04244
639.224	0.04246
639.327	0.04233
639.431	0.04226
639.534	0.04224
639.638	0.04218
639.742	0.04207
639.845	0.04201
639.949	0.04197
640.053	0.04192
640.156	0.04185
640.26	0.04168
640.363	0.04178
640.467	0.04162
640.57	0.04169
640.674	0.04153
640.777	0.04148
640.881	0.04146
640.985	0.04136
641.088	0.04133
641.192	0.04119
641.295	0.04109
641.399	0.04104
641.502	0.04108
641.606	0.04095
641.709	0.04092
641.812	0.04091
641.916	0.04078
642.019	0.04079
642.123	0.04074
642.226	0.04061
642.33	0.04054
642.433	0.04048
642.536	0.0405
642.64	0.04045
642.743	0.04033
642.847	0.04034
642.95	0.04029
643.053	0.04017
643.157	0.04017
643.26	0.04017
643.363	0.04011
643.467	0.04006
643.57	0.03997
643.673	0.03994
643.777	0.03993
643.88	0.03984
643.983	0.03974
644.086	0.03978
644.19	0.03972
644.293	0.03962
644.396	0.03962
644.499	0.03957
644.603	0.03951
644.706	0.03947
644.809	0.03936
644.912	0.03935
645.016	0.03938
645.119	0.03935
645.222	0.03926
645.325	0.0392
645.428	0.03922
645.532	0.0391
645.635	0.03904
645.738	0.03903
645.841	0.03893
645.944	0.03893
646.047	0.03893
646.15	0.03889
646.253	0.03878
646.357	0.03881
646.46	0.03878
646.563	0.03875
646.666	0.0386
646.769	0.03868
646.872	0.03861
646.975	0.03861
647.078	0.03858
647.181	0.03852
647.284	0.03853
647.387	0.03843
647.49	0.03838
647.593	0.03841
647.696	0.03834
647.799	0.03832
647.902	0.03832
648.005	0.03825
648.108	0.03826
648.175	0.04252
648.417	0.04253
648.659	0.04256
648.901	0.04247
649.143	0.0424
649.385	0.04228
649.628	0.04217
649.87	0.04228
650.112	0.04222
650.354	0.04217
650.596	0.04221
650.838	0.04214
651.08	0.04214
651.322	0.04223
651.564	0.04207
651.806	0.04194
652.048	0.04195
652.29	0.04204
652.532	0.04195
652.774	0.04206
653.016	0.04195
653.258	0.04191
653.5	0.04186
653.742	0.04179
653.984	0.04183
654.226	0.0418
654.468	0.04167
654.709	0.04165
654.951	0.0417
655.193	0.0417
655.435	0.04161
655.677	0.04156
655.919	0.04153
656.16	0.04143
656.402	0.0414
656.644	0.04135
656.886	0.04134
657.127	0.04129
657.369	0.04131
657.611	0.04121
657.853	0.04113
658.094	0.0411
658.336	0.041
658.578	0.04089
658.819	0.04081
659.061	0.04068
659.303	0.04075
659.544	0.04066
659.786	0.04055
660.027	0.04045
660.269	0.04052
660.511	0.04037
660.752	0.04034
660.994	0.04026
661.235	0.04022
661.477	0.03999
661.718	0.03998
661.96	0.03998
662.201	0.0399
662.443	0.03986
662.684	0.03977
662.926	0.03972
663.167	0.03961
663.408	0.03966
663.65	0.03956
663.891	0.03947
664.133	0.0395
664.374	0.03939
664.615	0.03948
664.857	0.03939
665.098	0.03928
665.339	0.03918
665.581	0.0391
665.822	0.03917
666.063	0.03897
666.305	0.03912
666.546	0.03896
666.787	0.03902
667.028	0.03908
667.27	0.03894
667.511	0.03892
667.752	0.03893
667.993	0.03871
668.234	0.03878
668.476	0.03868
668.717	0.0387
668.958	0.0387
669.199	0.03875
669.44	0.03868
669.681	0.03871
669.922	0.03877
670.163	0.03865
670.404	0.03873
670.645	0.03869
670.886	0.0387
671.127	0.03871
671.368	0.03876
671.609	0.03881
671.85	0.0389
672.091	0.0389
672.332	0.03879
672.573	0.0388
672.814	0.03879
673.055	0.03885
673.296	0.03889
673.537	0.03893
673.778	0.03885
674.019	0.03892
674.26	0.03891
674.501	0.03894
674.741	0.03896
674.982	0.0391
675.223	0.03919
675.464	0.03903
675.705	0.03913
675.945	0.0393
676.186	0.03923
676.427	0.03925
676.668	0.03931
676.908	0.03935
677.149	0.03946
677.39	0.03943
677.63	0.03953
677.871	0.03952
678.112	0.0397
678.352	0.03969
678.593	0.03966
678.834	0.03977
679.074	0.03992
679.315	0.03987
679.555	0.03999
679.796	0.04017
680.037	0.04023
680.277	0.04021
680.518	0.04038
680.758	0.04052
680.999	0.04062
681.239	0.04071
681.48	0.04076
681.72	0.04104
681.961	0.041
682.201	0.0411
682.442	0.04107
682.682	0.04132
682.922	0.04145
683.163	0.04159
683.403	0.04177
683.644	0.04189
683.884	0.04206
684.124	0.04226
684.365	0.04242
684.605	0.04255
684.845	0.04277
685.086	0.0429
685.326	0.04311
685.566	0.04325
685.806	0.04357
686.047	0.04379
686.287	0.04394
686.527	0.04415
686.767	0.04457
687.007	0.04471
687.248	0.04487
687.488	0.04516
687.728	0.04546
687.968	0.04569
688.208	0.04611
688.448	0.04633
688.689	0.04659
688.929	0.04706
689.169	0.04734
689.409	0.04758
689.649	0.04798
689.889	0.04824
690.129	0.04853
690.369	0.04906
690.609	0.04928
690.849	0.04965
691.089	0.05005
691.329	0.05043
691.569	0.05082
691.809	0.05136
692.049	0.05165
692.289	0.05226
692.529	0.05261
692.768	0.05305
693.008	0.05346
693.248	0.05374
693.488	0.05409
693.728	0.05478
693.968	0.05534
694.208	0.05604
694.447	0.0567
694.687	0.05717
694.927	0.0578
695.167	0.05843
695.406	0.05881
695.646	0.05947
695.886	0.06018
696.126	0.06103
696.365	0.06159
696.605	0.06211
696.845	0.06285
697.084	0.06331
697.324	0.06385
697.564	0.06442
697.803	0.06538
698.043	0.06616
698.283	0.067
698.522	0.06745
698.762	0.06845
699.001	0.06942
699.241	0.07008
699.48	0.07093
699.72	0.07187
699.959	0.07277
700.199	0.07377
700.438	0.07469
700.678	0.07561
700.917	0.07649
701.157	0.07753
701.396	0.07839
701.636	0.07944
701.875	0.08067
702.114	0.08174
702.354	0.08318
702.593	0.08401
702.833	0.08512
703.072	0.08634
703.311	0.08761
703.551	0.08886
703.79	0.08988
704.029	0.09136
704.269	0.09254
704.508	0.09393
704.747	0.09522
704.986	0.09674
705.226	0.09811
705.465	0.09948
705.704	0.10107
705.943	0.10245
706.182	0.10393
706.422	0.10557
706.661	0.1072
706.9	0.10861
707.139	0.11028
707.378	0.11197
707.617	0.11333
707.856	0.11535
708.095	0.11699
708.334	0.11844
708.573	0.12041
708.813	0.12218
709.052	0.12409
709.291	0.12567
709.53	0.12756
709.769	0.12923
710.008	0.13123
710.247	0.13308
710.485	0.13485
710.724	0.13673
710.963	0.13843
711.202	0.14025
711.441	0.14223
711.68	0.14394
711.919	0.14612
712.158	0.14783
712.397	0.14949
712.636	0.15158
712.874	0.15353
713.113	0.15521
713.352	0.15739
713.591	0.15922
713.83	0.16076
714.068	0.16242
714.307	0.1643
714.546	0.16618
714.784	0.1681
715.023	0.16947
715.262	0.17171
715.501	0.17358
715.739	0.17503
715.978	0.17696
716.217	0.17841
716.455	0.18044
716.694	0.18212
716.932	0.18412
717.171	0.18576
717.41	0.18733
717.648	0.18865
717.887	0.19055
718.125	0.19197
718.364	0.19372
718.602	0.19512
718.841	0.19664
719.079	0.19793
719.318	0.19931
719.556	0.20105
719.795	0.20246
720.033	0.20412
720.272	0.20551
720.51	0.20732
720.748	0.20847
720.987	0.21017
721.225	0.21124
721.464	0.21226
721.702	0.21429
721.94	0.21486
722.179	0.21645
722.417	0.21772
722.655	0.21843
722.894	0.2202
723.132	0.22151
723.37	0.22284
723.608	0.22383
723.847	0.22507
724.085	0.22641
724.323	0.22718
724.561	0.2283
724.799	0.22934
725.038	0.23046
725.276	0.23223
725.514	0.23333
725.752	0.23421
725.99	0.23563
726.228	0.23694
726.466	0.23753
726.704	0.23845
726.942	0.24012
727.18	0.24034
727.419	0.24191
727.657	0.24306
727.895	0.24401
728.133	0.24475
728.371	0.24504
728.609	0.24656
728.847	0.24745
729.084	0.24821
729.322	0.2493
729.56	0.24984
729.798	0.25108
730.036	0.25145
730.274	0.25263
730.512	0.25313
730.75	0.2543
730.988	0.25474
731.225	0.25564
731.463	0.25681
731.701	0.25751
731.939	0.25829
732.177	0.25908
732.414	0.26002
732.652	0.26105
732.89	0.26201
733.128	0.26265
733.365	0.26322
733.603	0.26416
733.841	0.26433
734.079	0.26492
734.316	0.26561
734.554	0.26636
734.792	0.26652
735.029	0.26732
735.267	0.26762
735.504	0.26865
735.742	0.26977
735.98	0.26998
736.217	0.27119
736.455	0.27146
736.692	0.27199
736.93	0.2724
737.167	0.27321
737.405	0.27444
737.642	0.27496
737.88	0.27535
738.117	0.27528
738.355	0.27585
738.592	0.27656
738.829	0.27672
739.067	0.27723
739.304	0.27829
739.542	0.27844
739.779	0.27898
740.016	0.27951
740.254	0.28038
740.491	0.28115
740.728	0.28138
740.966	0.28202
741.203	0.2827
741.44	0.28352
741.678	0.28388
741.915	0.28404
742.152	0.28448
742.389	0.28475
742.626	0.2851
742.864	0.28562
743.101	0.28603
743.338	0.28584
743.575	0.28658
743.812	0.28746
744.05	0.28726
744.287	0.28816
744.524	0.28824
744.761	0.28872
744.998	0.28906
745.235	0.28966
745.472	0.28993
745.709	0.29066
745.946	0.2908
746.183	0.29155
746.42	0.29201
746.657	0.29187
746.894	0.2917
747.131	0.29218
747.368	0.29312
747.605	0.29252
747.842	0.29351
748.079	0.294
748.316	0.29457
748.553	0.29461
748.79	0.29468
749.026	0.29543
749.263	0.29621
749.5	0.29623
749.737	0.29647
749.974	0.29629
750.211	0.29719
750.447	0.29624
750.684	0.29648
750.921	0.29677
751.158	0.29749
751.394	0.29778
751.631	0.29794
751.868	0.29822
752.104	0.29832
752.341	0.2991
752.578	0.29953
752.815	0.30014
753.051	0.30031
753.288	0.30053
753.524	0.3011
753.761	0.30115
753.998	0.30118
754.234	0.30159
754.471	0.30187
754.707	0.30134
754.944	0.30167
755.18	0.30218
755.417	0.30228
755.653	0.30253
755.89	0.30315
756.126	0.30298
756.363	0.3035
756.599	0.30347
756.836	0.30372
757.072	0.3046
757.309	0.30423
757.545	0.30514
757.781	0.30495
758.018	0.30564
758.254	0.30582
758.49	0.30592
758.727	0.30615
758.963	0.30674
759.199	0.30732
759.436	0.30767
759.672	0.30736
759.908	0.3078
760.144	0.30822
760.381	0.30858
760.617	0.30924
760.853	0.30927
761.089	0.30941
761.325	0.30991
761.562	0.31018
761.798	0.31052
762.034	0.31086
762.27	0.31103
762.506	0.3105
762.742	0.31084
762.978	0.31153
763.214	0.31125
763.451	0.31129
763.687	0.3107
763.923	0.31091
764.159	0.31086
764.395	0.31055
764.631	0.31078
764.867	0.31135
765.103	0.31114
765.339	0.3112
765.575	0.31191
765.811	0.31096
766.046	0.31153
766.282	0.31208
766.518	0.31245
766.754	0.31275
766.99	0.31288
767.226	0.31297
767.462	0.31287
767.698	0.31255
767.933	0.31328
768.169	0.31306
768.405	0.31307
768.641	0.31342
768.877	0.31315
769.112	0.31322
769.348	0.31325
769.584	0.31314
769.819	0.31309
770.055	0.31335
770.291	0.31336
770.527	0.31379
770.762	0.31431
770.998	0.31456
771.233	0.31424
771.469	0.31469
771.705	0.31477
771.94	0.31558
772.176	0.31501
772.411	0.31542
772.647	0.31513
772.883	0.31609
773.118	0.31536
773.354	0.31581
773.589	0.31491
773.825	0.31492
774.074	0.31496
774.31	0.31532
774.546	0.31491
774.782	0.31523
775.018	0.3154
775.254	0.31576
775.49	0.3156
775.726	0.31534
775.962	0.31596
776.198	0.31544
776.434	0.31622
776.67	0.31597
776.906	0.31622
777.142	0.31651
777.378	0.31669
777.614	0.31635
777.85	0.31637
778.086	0.31679
778.322	0.31665
778.558	0.3165
778.793	0.31715
779.029	0.31675
779.265	0.31738
779.501	0.31735
779.737	0.31705
779.973	0.31668
780.208	0.31728
780.444	0.31719
780.68	0.31764
780.916	0.31857
781.151	0.31762
781.387	0.31785
781.623	0.3186
781.858	0.3177
782.094	0.3177
782.33	0.31813
782.566	0.3181
782.801	0.31803
783.037	0.31871
783.272	0.31864
783.508	0.3184
783.744	0.31881
783.979	0.31902
784.215	0.31915
784.45	0.3191
784.686	0.31903
784.921	0.31887
785.157	0.31912
785.392	0.31968
785.628	0.31977
785.863	0.3194
786.099	0.31999
786.334	0.31969
786.57	0.32005
786.805	0.32038
787.04	0.32035
787.276	0.32114
787.511	0.32074
787.747	0.32144
787.982	0.32094
788.217	0.32072
788.453	0.32123
788.688	0.32088
788.923	0.32095
789.159	0.32128
789.394	0.32166
789.629	0.32105
789.864	0.32144
790.1	0.32207
790.335	0.32181
790.57	0.32127
790.805	0.32161
791.04	0.32217
791.276	0.3216
791.511	0.32214
791.746	0.32223
791.981	0.32195
792.216	0.32185
792.451	0.32245
792.686	0.32204
792.921	0.3223
793.156	0.32239
793.391	0.32197
793.627	0.32281
793.862	0.32255
794.097	0.32293
794.332	0.32278
794.567	0.32302
794.802	0.3226
795.036	0.32264
795.271	0.32284
795.506	0.32356
795.741	0.32286
795.976	0.32303
796.211	0.32344
796.446	0.32335
796.681	0.32378
796.916	0.32387
797.15	0.32371
797.385	0.32339
797.62	0.3241
797.855	0.3244
798.09	0.32412
798.324	0.32424
798.559	0.32427
798.794	0.32432
799.029	0.32473
799.263	0.32484
799.498	0.32479
799.733	0.32511
799.967	0.32534
800.202	0.32474
800.437	0.32481
800.671	0.32479
800.906	0.3251
801.141	0.3252
801.375	0.32509
801.61	0.32494
801.844	0.3259
802.079	0.32513
802.314	0.32504
802.548	0.32579
802.783	0.32551
803.017	0.32589
803.252	0.32601
803.486	0.32549
803.721	0.32571
803.955	0.32564
804.189	0.32569
804.424	0.32585
804.658	0.32604
804.893	0.32618
805.127	0.32624
805.361	0.32626
805.596	0.32645
805.83	0.32603
806.064	0.32661
806.299	0.32603
806.533	0.32695
806.767	0.32679
807.002	0.32714
807.236	0.3266
807.47	0.32688
807.704	0.32726
807.939	0.32728
808.173	0.32647
808.407	0.32747
808.641	0.3267
808.875	0.32716
809.109	0.32709
809.344	0.32767
809.578	0.32732
809.812	0.32774
810.046	0.32753
810.28	0.32811
810.514	0.32767
810.748	0.32771
810.982	0.32823
811.216	0.32797
811.45	0.32771
811.684	0.32859
811.918	0.32779
812.152	0.32823
812.386	0.32819
812.62	0.329
812.854	0.32849
813.088	0.32861
813.322	0.32866
813.556	0.32855
813.79	0.32892
814.024	0.32894
814.258	0.32865
814.491	0.32891
814.725	0.32871
814.959	0.32874
815.193	0.32884
815.427	0.32896
815.66	0.32865
815.894	0.32917
816.128	0.32933
816.362	0.3296
816.595	0.32972
816.829	0.33007
817.063	0.32946
817.297	0.33058
817.53	0.32981
817.764	0.32995
817.998	0.33029
818.231	0.33072
818.465	0.33054
818.698	0.33084
818.932	0.33034
819.166	0.33053
819.399	0.33047
819.633	0.33032
819.866	0.33065
820.1	0.33026
820.333	0.33087
820.567	0.33132
820.8	0.33099
821.034	0.33054
821.267	0.3307
821.501	0.33106
821.734	0.33078
821.967	0.33081
822.201	0.33119
822.434	0.33156
822.668	0.331
822.901	0.33143
823.134	0.33115
823.368	0.33124
823.601	0.33188
823.834	0.33115
824.068	0.33156
824.301	0.33152
824.534	0.33181
824.767	0.33157
825.001	0.33222
825.234	0.33208
825.467	0.33235
825.7	0.33257
825.933	0.33228
826.167	0.33256
826.4	0.33277
826.633	0.33227
826.866	0.33231
827.099	0.3324
827.332	0.33268
827.565	0.33253
827.799	0.33264
828.032	0.33263
828.265	0.33301
828.498	0.33292
828.731	0.33331
828.964	0.33327
829.197	0.3333
829.43	0.33281
829.663	0.33335
829.896	0.3329
830.129	0.33325
830.361	0.33324
830.594	0.33371
830.827	0.33404
831.06	0.33352
831.293	0.33412
831.526	0.33399
831.759	0.33352
831.992	0.33422
832.224	0.33394
832.457	0.33428
832.69	0.33412
832.923	0.33448
833.156	0.33418
833.388	0.33492
833.621	0.33399
833.854	0.33483
834.087	0.33429
834.319	0.33454
834.552	0.33469
834.785	0.33508
835.017	0.33469
835.25	0.33462
835.483	0.334
835.715	0.33491
835.948	0.33508
836.18	0.33465
836.413	0.33509
836.646	0.33532
836.878	0.33559
837.111	0.33544
837.343	0.33469
837.576	0.33519
837.808	0.33462
838.041	0.3354
838.273	0.33486
838.506	0.33585
838.738	0.33515
838.97	0.33597
839.203	0.33561
839.435	0.3365
839.668	0.33636
839.9	0.33621
840.132	0.33606
840.365	0.33662
840.597	0.33623
840.829	0.33598
841.062	0.33639
841.294	0.33643
841.526	0.33672
841.759	0.33642
841.991	0.33637
842.223	0.33654
842.455	0.33675
842.687	0.33728
842.92	0.33688
843.152	0.33706
843.384	0.33687
843.616	0.33739
843.848	0.33749
844.08	0.33727
844.313	0.33728
844.545	0.33748
844.777	0.33686
845.009	0.33763
845.241	0.33809
845.473	0.33768
845.705	0.33715
845.937	0.33801
846.169	0.33787
846.401	0.33809
846.633	0.33805
846.865	0.33832
847.097	0.33807
847.329	0.33814
847.561	0.33806
847.793	0.33894
848.025	0.33868
848.256	0.33829
848.488	0.338
848.72	0.33856
848.952	0.33782
849.184	0.33879
849.416	0.33858
849.647	0.33835
849.879	0.33878
850.111	0.33961
850.343	0.33982
850.575	0.33964
850.806	0.33953
851.038	0.33951
851.27	0.33883
851.501	0.33939
851.733	0.33981
851.965	0.33954
852.196	0.33942
852.428	0.3392
852.66	0.33899
852.891	0.33941
853.123	0.33926
853.354	0.34015
853.586	0.34007
853.818	0.34022
854.049	0.34044
854.281	0.34061
854.512	0.34039
854.744	0.34014
854.975	0.34028
855.207	0.34048
855.438	0.34065
855.669	0.34064
855.901	0.34041
856.132	0.34067
856.364	0.34043
856.595	0.34093
856.827	0.34116
857.058	0.34018
857.289	0.34094
857.521	0.34132
857.752	0.34059
857.983	0.34085
858.214	0.34055
858.446	0.34073
858.677	0.34092
858.908	0.34182
859.14	0.34079
859.371	0.34143
859.602	0.34087
859.833	0.34146
860.064	0.3414
860.296	0.3414
860.527	0.34108
860.758	0.34182
860.989	0.34146
861.22	0.34138
861.451	0.34194
861.682	0.34141
861.913	0.34182
862.144	0.34149
862.375	0.3416
862.606	0.34191
862.838	0.34202
863.069	0.34159
863.3	0.3417
863.53	0.34229
863.761	0.34208
863.992	0.34199
864.223	0.34216
864.454	0.34207
864.685	0.34281
864.916	0.34206
865.147	0.34232
865.378	0.34288
865.609	0.3424
865.84	0.34272
866.07	0.3429
866.301	0.34305
866.532	0.3424
866.763	0.34237
866.994	0.3427
867.224	0.34235
867.455	0.3425
867.686	0.34309
867.916	0.34248
868.147	0.34272
868.378	0.34247
868.609	0.34264
868.839	0.34293
869.07	0.34316
869.3	0.3432
869.531	0.34286
869.762	0.34341
869.992	0.34357
870.223	0.34293
870.453	0.3436
870.684	0.34384
870.915	0.34363
871.145	0.34321
871.376	0.34334
871.606	0.34408
871.837	0.34373
872.067	0.34378
872.297	0.34398
872.528	0.34385
872.758	0.34352
872.989	0.34395
873.219	0.34433
873.45	0.34395
873.68	0.34437
873.91	0.34412
874.141	0.34396
874.371	0.34412
874.601	0.3444
874.832	0.34451
875.062	0.34458
875.292	0.34406
875.522	0.34413
875.753	0.34492
875.983	0.34477
876.213	0.34457
876.443	0.34486
876.673	0.3453
876.904	0.34442
877.134	0.34447
877.364	0.34466
877.594	0.34429
877.824	0.34452
878.054	0.345
878.284	0.3451
878.515	0.3453
878.745	0.3446
878.975	0.34503
879.205	0.34526
879.435	0.34501
879.665	0.34488
879.895	0.34519
880.125	0.34556
880.355	0.34521
880.585	0.34511
880.815	0.34487
881.045	0.34491
881.274	0.34522
881.504	0.34524
881.734	0.34541
881.964	0.34582
882.194	0.34527
882.424	0.34573
882.654	0.34547
882.883	0.34554
883.113	0.3453
883.343	0.34576
883.573	0.34591
883.803	0.34638
884.032	0.34583
884.262	0.34526
884.492	0.34646
884.721	0.34589
884.951	0.34582
885.181	0.34645
885.411	0.34613
885.64	0.3467
885.87	0.34583
886.099	0.34593
886.329	0.34596
886.559	0.3461
886.788	0.34605
887.018	0.34628
887.247	0.34607
887.477	0.34666
887.706	0.34654
887.936	0.34689
888.165	0.34659
888.395	0.34695
888.624	0.34706
888.854	0.34648
889.083	0.34616
889.313	0.34634
889.542	0.34684
889.772	0.347
890.001	0.34705
890.23	0.34663
890.46	0.34679
890.689	0.34706
890.918	0.34688
891.148	0.34642
891.377	0.34698
891.606	0.34642
891.836	0.34662
892.065	0.34677
892.294	0.34689
892.523	0.3471
892.752	0.34707
892.982	0.34684
893.211	0.34718
893.44	0.34666
893.669	0.34763
893.898	0.34767
894.128	0.34714
894.357	0.34747
894.586	0.34696
894.815	0.34742
895.044	0.34758
895.273	0.34723
895.502	0.34726
895.731	0.34775
895.96	0.34751
896.189	0.34754
896.418	0.34781
896.647	0.34758
896.876	0.34755
897.105	0.34746
897.334	0.34734
897.563	0.34764
897.792	0.34847
898.021	0.34762
898.25	0.34771
898.478	0.34844
898.707	0.34778
898.936	0.34745
899.165	0.34769
899.394	0.34823
899.623	0.3481
899.851	0.34795
900.08	0.34792
900.309	0.34788
900.538	0.34738
900.766	0.34788
900.995	0.34741
901.224	0.34808
901.453	0.34765
901.681	0.34796
901.91	0.34758
902.139	0.34728
902.367	0.34741
902.596	0.34772
902.824	0.34759
903.053	0.34773
903.282	0.34742
903.51	0.34743
903.739	0.34804
903.967	0.34749
904.196	0.3474
904.424	0.34816
904.653	0.34838
904.881	0.3484
905.11	0.34797
905.338	0.34802
905.567	0.34811
905.795	0.3476
906.023	0.34854
906.252	0.34748
906.48	0.34791
906.709	0.34837
906.937	0.34838
907.165	0.34805
907.394	0.34837
907.622	0.34836
907.85	0.34794
908.078	0.34828
908.307	0.34822
908.535	0.34859
908.763	0.34839
908.991	0.34851
909.22	0.34868
909.448	0.34873
909.676	0.34892
909.904	0.34854
910.132	0.34842
910.361	0.34878
910.589	0.34871
910.817	0.349
911.045	0.34867
911.273	0.34915
911.501	0.34849
911.729	0.34946
911.957	0.34874
912.185	0.34878
912.413	0.34875
912.641	0.34896
912.869	0.3492
913.097	0.3494
913.325	0.34891
913.553	0.3485
913.781	0.34889
914.009	0.34923
914.237	0.34953
914.465	0.34871
914.693	0.34892
914.92	0.34952
915.148	0.34897
915.376	0.34942
915.604	0.34919
915.832	0.34923
916.06	0.34903
916.287	0.34888
916.515	0.34882
916.743	0.34854
916.971	0.34901
917.198	0.34903
917.426	0.34934
917.654	0.34836
917.881	0.34945
918.109	0.34903
918.337	0.34823
918.564	0.34796
918.792	0.34881
919.02	0.34824
919.247	0.34899
919.475	0.34837
919.702	0.34852
919.93	0.34837
920.157	0.34873
920.385	0.34848
920.613	0.34892
920.84	0.34862
921.067	0.34884
921.295	0.34918
921.522	0.34854
921.75	0.34889
921.977	0.3488
922.205	0.34883
922.432	0.34865
922.659	0.34866
922.887	0.34834
923.114	0.34937
923.342	0.34866
923.569	0.34831
923.796	0.34876
924.024	0.34929
924.251	0.34912
924.478	0.34904
924.705	0.34858
924.933	0.34944
925.16	0.34942
925.387	0.3489
925.614	0.34889
925.841	0.34878
926.069	0.34881
926.296	0.34933
926.523	0.34891
926.75	0.34864
926.977	0.34863
927.204	0.34911
927.431	0.34867
927.658	0.34904
927.885	0.34881
928.113	0.34886
928.34	0.34856
928.567	0.3481
928.794	0.34851
929.021	0.34842
929.248	0.34834
929.475	0.34855
929.701	0.34882
929.928	0.34891
930.155	0.34838
930.382	0.34827
930.609	0.34809
930.836	0.34791
931.063	0.34794
931.29	0.3478
931.517	0.34808
931.743	0.3477
931.97	0.34833
932.197	0.34839
932.424	0.34772
932.651	0.34774
932.877	0.34777
933.104	0.34748
933.331	0.34801
933.557	0.3483
933.784	0.34737
934.011	0.34731
934.237	0.34807
934.464	0.3482
934.691	0.34765
934.917	0.3476
935.144	0.34684
935.371	0.34743
935.597	0.34759
935.824	0.34749
936.05	0.34736
936.277	0.34725
936.503	0.34646
936.73	0.34723
936.956	0.34752
937.183	0.34684
937.409	0.34629
937.636	0.34724
937.862	0.34662
938.089	0.34685
938.315	0.34693
938.541	0.34637
938.768	0.34672
938.994	0.34673
939.221	0.34648
939.447	0.34657
939.673	0.34638
939.9	0.34612
940.126	0.34608
940.352	0.34606
940.578	0.34634
940.805	0.34562
941.031	0.34618
941.257	0.34652
941.483	0.34634
941.71	0.34603
941.936	0.34621
942.162	0.34597
942.388	0.34595
942.614	0.34635
942.84	0.34615
943.066	0.34496
943.293	0.34557
943.519	0.3452
943.745	0.34483
943.971	0.34575
944.197	0.34551
944.423	0.34498
944.649	0.34479
944.875	0.34455
945.101	0.34531
945.327	0.34451
945.553	0.34472
945.779	0.3448
946.005	0.34461
946.231	0.34459
946.457	0.34366
946.682	0.34356
946.908	0.34445
947.134	0.34402
947.36	0.34405
947.586	0.34379
947.812	0.34417
948.037	0.34429
948.263	0.34367
948.489	0.34365
948.715	0.34354
948.941	0.34384
949.166	0.343
949.392	0.34276
949.618	0.34279
949.843	0.34289
950.069	0.34324
950.295	0.34287
950.52	0.34273
950.746	0.34256
950.972	0.34199
951.197	0.34214
951.423	0.342
951.648	0.34226
951.874	0.3417
952.099	0.34109
952.325	0.34099
952.551	0.34133
952.776	0.34099
953.002	0.34082
953.227	0.34041
953.452	0.34087
953.678	0.34051
953.903	0.34003
954.129	0.33954
954.354	0.33975
954.58	0.33937
954.805	0.33932
955.03	0.33911
955.256	0.34005
955.481	0.33877
955.706	0.33841
955.932	0.33861
956.157	0.33784
956.382	0.33836
956.607	0.3384
956.833	0.33791
957.058	0.33763
957.283	0.33784
957.508	0.33716
957.734	0.33788
957.959	0.33781
958.184	0.33725
958.409	0.33635
958.634	0.33664
958.859	0.3367
959.084	0.3365
959.31	0.33678
959.535	0.33646
959.76	0.33668
959.985	0.33682
960.21	0.3368
960.435	0.33534
960.66	0.33561
960.885	0.33564
961.11	0.33552
961.335	0.33543
961.56	0.33539
961.785	0.33553
962.01	0.33521
962.234	0.33529
962.459	0.33492
962.684	0.33498
962.909	0.33453
963.134	0.33541
963.359	0.33525
963.584	0.33406
963.808	0.33461
964.033	0.33438
964.258	0.33446
964.483	0.33445
964.708	0.33475
964.932	0.33457
965.157	0.33413
965.382	0.33445
965.606	0.33389
965.831	0.33384
966.056	0.33402
966.28	0.3336
966.505	0.33329
966.73	0.33397
966.954	0.33361
967.179	0.33392
967.403	0.33386
967.628	0.33368
967.853	0.33342
968.077	0.33347
968.302	0.33334
968.526	0.33363
968.751	0.33397
968.975	0.33347
969.2	0.33335
969.424	0.33366
969.649	0.33304
969.873	0.33406
970.097	0.33373
970.322	0.33336
970.546	0.33369
970.771	0.33368
970.995	0.33317
971.219	0.33382
971.444	0.33332
971.668	0.33363
971.892	0.33367
972.116	0.33438
972.341	0.33369
972.565	0.33341
972.789	0.33285
973.013	0.33342
973.238	0.33372
973.462	0.33381
973.686	0.33324
973.91	0.33316
974.134	0.33322
974.358	0.33329
974.583	0.3328
974.807	0.33319
975.031	0.3331
975.255	0.33334
975.479	0.33286
975.703	0.33282
975.927	0.33359
976.151	0.33338
976.375	0.33312
976.599	0.33293
976.823	0.33344
977.047	0.33321
977.271	0.33356
977.495	0.33335
977.719	0.33378
977.943	0.33263
978.167	0.33273
978.391	0.33316
978.614	0.33345
978.838	0.334
979.062	0.33304
979.286	0.33336
979.51	0.3328
979.734	0.33361
979.957	0.33325
980.181	0.33378
980.405	0.3333
980.629	0.33357
980.852	0.3337
981.076	0.33395
981.3	0.33375
981.523	0.33303
981.747	0.33379
981.971	0.33355
982.194	0.33352
982.418	0.33355
982.642	0.3333
982.865	0.33381
983.089	0.33375
983.312	0.33447
983.536	0.33346
983.759	0.33438
983.983	0.33403
984.207	0.3337
984.43	0.33361
984.654	0.33354
984.877	0.33359
985.1	0.33479
985.324	0.33415
985.547	0.33398
985.771	0.33437
985.994	0.33435
986.218	0.3339
986.441	0.33477
986.664	0.33459
986.888	0.33384
987.111	0.33406
987.334	0.334
987.558	0.33461
987.781	0.33464
988.004	0.33407
988.227	0.33416
988.451	0.33404
988.674	0.3347
988.897	0.33497
989.12	0.33461
989.343	0.33462
989.567	0.33489
989.79	0.33479
990.013	0.33499
990.236	0.33533
990.459	0.33499
990.682	0.33531
990.905	0.33571
991.128	0.33547
991.351	0.33526
991.574	0.33567
991.797	0.33516
992.02	0.33487
992.243	0.3348
992.466	0.33545
992.689	0.33498
992.912	0.33518
993.135	0.33597
993.358	0.33593
993.581	0.33619
993.804	0.33631
994.027	0.33663
994.25	0.33587
994.473	0.33596
994.696	0.33549
994.918	0.33609
995.141	0.33667
995.364	0.33608
995.587	0.33658
995.81	0.33685
996.032	0.3371
996.255	0.33683
996.478	0.33656
996.7	0.33628
996.923	0.33669
997.146	0.33726
997.369	0.33688
997.591	0.33713
997.814	0.33712
998.036	0.3374
998.259	0.3375
998.482	0.3378
998.704	0.33773
998.927	0.33812
999.149	0.33708
999.372	0.33779
999.594	0.33852
999.817	0.33829
1000.04	0.33751
1000.26	0.33844
1000.48	0.33806
1000.71	0.33809
1000.93	0.3388
1001.15	0.33868
1001.37	0.33948
1001.6	0.33815
1001.82	0.33877
1002.04	0.33856
1002.26	0.33815
1002.49	0.33917
1002.71	0.3393
1002.93	0.33905
1003.15	0.33937
1003.38	0.33901
1003.6	0.33896
1003.82	0.33916
1004.04	0.33855
1004.26	0.33885
1004.49	0.33898
1004.71	0.33946
1004.93	0.33923
1005.15	0.33925
1005.38	0.33925