400.748	0.009
400.866	0.00897
400.984	0.00899
401.102	0.00901
401.219	0.00907
401.337	0.00903
401.455	0.00903
401.572	0.0091
401.69	0.00905
401.808	0.00904
401.926	0.00908
402.043	0.00907
402.161	0.00906
402.279	0.00909
402.396	0.00912
402.514	0.00906
402.632	0.00917
402.749	0.00921
402.867	0.0092
402.984	0.00917
403.102	0.00918
403.22	0.00922
403.337	0.00925
403.455	0.00928
403.572	0.00924
403.69	0.00925
403.808	0.0093
403.925	0.0094
404.043	0.00933
404.16	0.00933
404.278	0.00938
404.395	0.00945
404.513	0.00951
404.63	0.00957
404.748	0.00962
404.866	0.00962
404.983	0.00969
405.101	0.00971
405.218	0.00978
405.336	0.00977
405.453	0.00983
405.571	0.00989
405.688	0.00991
405.805	0.00995
405.923	0.00991
406.04	0.00995
406.158	0.00994
406.275	0.00996
406.393	0.01004
406.51	0.01002
406.628	0.01002
406.745	0.01012
406.862	0.01012
406.98	0.01011
407.097	0.01019
407.215	0.01019
407.332	0.01025
407.449	0.01025
407.567	0.01029
407.684	0.01032
407.801	0.01035
407.919	0.01041
408.036	0.01043
408.153	0.01047
408.271	0.01049
408.388	0.01053
408.505	0.01063
408.623	0.01069
408.74	0.0107
408.857	0.01074
408.975	0.01078
409.092	0.01083
409.209	0.01086
409.326	0.01094
409.444	0.01098
409.561	0.01102
409.678	0.01109
409.795	0.01116
409.913	0.0112
410.03	0.01128
410.147	0.01134
410.264	0.01139
410.382	0.01147
410.499	0.01149
410.616	0.01157
410.733	0.01161
410.85	0.01173
410.967	0.01173
411.085	0.01185
411.202	0.01189
411.319	0.01196
411.436	0.01204
411.553	0.01211
411.67	0.01219
411.788	0.01229
411.905	0.01232
412.022	0.01238
412.139	0.01248
412.256	0.01257
412.373	0.01261
412.49	0.01268
412.607	0.01276
412.724	0.01282
412.841	0.01292
412.958	0.01298
413.075	0.01312
413.193	0.01317
413.31	0.01325
413.427	0.01333
413.544	0.01338
413.661	0.01346
413.778	0.01355
413.895	0.01358
414.012	0.01363
414.129	0.01369
414.246	0.01383
414.363	0.01388
414.48	0.0139
414.597	0.01402
414.714	0.01406
414.831	0.01412
414.947	0.01418
415.064	0.01423
415.181	0.01427
415.298	0.01434
415.415	0.01442
415.532	0.01454
415.649	0.01452
415.766	0.01456
415.883	0.01462
416	0.01464
416.117	0.0147
416.233	0.01477
416.35	0.01479
416.467	0.01483
416.584	0.01488
416.701	0.01496
416.818	0.01494
416.935	0.01495
417.051	0.015
417.168	0.01504
417.285	0.01503
417.402	0.01507
417.519	0.01512
417.635	0.01517
417.752	0.01521
417.869	0.01522
417.986	0.01519
418.103	0.01522
418.219	0.01529
418.336	0.01527
418.453	0.01526
418.569	0.01526
418.686	0.01527
418.803	0.01528
418.92	0.0153
419.036	0.01531
419.153	0.01534
419.27	0.01532
419.386	0.01536
419.503	0.01534
419.62	0.01532
419.737	0.01535
419.853	0.01534
419.97	0.01542
420.086	0.01538
420.203	0.01542
420.32	0.01539
420.436	0.0154
420.553	0.01544
420.67	0.01539
420.786	0.01541
420.903	0.01542
421.019	0.01543
421.136	0.01545
421.253	0.01546
421.369	0.01546
421.486	0.01544
421.602	0.01547
421.719	0.01547
421.835	0.01549
421.952	0.01549
422.069	0.01554
422.185	0.01555
422.302	0.01555
422.418	0.01557
422.535	0.01559
422.651	0.01559
422.768	0.01559
422.884	0.01567
423.001	0.01563
423.117	0.01571
423.234	0.01571
423.35	0.01569
423.466	0.01572
423.583	0.01568
423.699	0.01573
423.816	0.01578
423.932	0.01578
424.049	0.01576
424.165	0.01575
424.281	0.01579
424.398	0.01584
424.514	0.01589
424.631	0.01588
424.747	0.0159
424.863	0.01594
424.98	0.01592
425.096	0.01593
425.212	0.016
425.329	0.01597
425.445	0.01596
425.561	0.016
425.678	0.01601
425.794	0.01606
425.91	0.01606
426.027	0.0161
426.143	0.01613
426.259	0.01613
426.376	0.01612
426.492	0.01612
426.608	0.01615
426.724	0.01619
426.841	0.01619
426.957	0.01618
427.073	0.01618
427.189	0.01621
427.306	0.01624
427.422	0.01627
427.538	0.01627
427.654	0.01624
427.771	0.01629
427.887	0.0163
428.003	0.01627
428.119	0.01635
428.235	0.01632
428.351	0.01635
428.468	0.01631
428.584	0.01634
428.7	0.01633
428.816	0.01637
428.932	0.01639
429.048	0.0164
429.164	0.01641
429.281	0.01642
429.397	0.0164
429.513	0.01644
429.629	0.01638
429.745	0.01642
429.861	0.0164
429.977	0.0164
430.093	0.01641
430.209	0.01647
430.325	0.01646
430.441	0.01644
430.557	0.0165
430.673	0.01646
430.789	0.0165
430.905	0.01648
431.022	0.01645
431.145	0.01582
431.261	0.01583
431.378	0.01586
431.494	0.01586
431.61	0.01586
431.726	0.01591
431.842	0.01592
431.958	0.01591
432.074	0.01591
432.19	0.01594
432.306	0.01597
432.422	0.01597
432.538	0.01599
432.654	0.01597
432.771	0.016
432.887	0.01604
433.003	0.01604
433.119	0.01606
433.235	0.01604
433.351	0.01609
433.467	0.01608
433.583	0.01616
433.699	0.01614
433.815	0.01616
433.931	0.01621
434.047	0.0162
434.162	0.01624
434.278	0.01623
434.394	0.01622
434.51	0.01629
434.626	0.0163
434.742	0.01628
434.858	0.01634
434.974	0.01638
435.09	0.01638
435.206	0.01642
435.322	0.01646
435.438	0.01649
435.553	0.01648
435.669	0.01651
435.785	0.01655
435.901	0.0166
436.017	0.01658
436.133	0.0166
436.249	0.01662
436.364	0.01669
436.48	0.01671
436.596	0.01673
436.712	0.01674
436.828	0.0168
436.943	0.01681
437.059	0.01684
437.175	0.01688
437.291	0.01693
437.407	0.01688
437.522	0.01691
437.638	0.01695
437.754	0.01702
437.869	0.01702
437.985	0.01705
438.101	0.01702
438.217	0.0171
438.332	0.01713
438.448	0.01717
438.564	0.0172
438.679	0.01721
438.795	0.0172
438.911	0.01725
439.027	0.01729
439.142	0.01731
439.258	0.01732
439.373	0.01735
439.489	0.01739
439.605	0.01737
439.72	0.01741
439.836	0.01744
439.952	0.01748
440.067	0.01745
440.183	0.01751
440.298	0.01755
440.414	0.01754
440.53	0.01752
440.645	0.01759
440.761	0.01759
440.876	0.01764
440.992	0.01766
441.107	0.01768
441.223	0.01769
441.338	0.01773
441.454	0.01775
441.57	0.01778
441.685	0.0178
441.801	0.01779
441.916	0.01782
442.032	0.01781
442.147	0.01781
442.262	0.01784
442.378	0.01788
442.493	0.01792
442.609	0.01789
442.724	0.01793
442.84	0.01793
442.955	0.01797
443.071	0.01798
443.186	0.01797
443.301	0.01803
443.417	0.01805
443.532	0.01803
443.648	0.01805
443.763	0.01806
443.878	0.01807
443.994	0.01806
444.109	0.01809
444.225	0.01806
444.34	0.01808
444.455	0.0181
444.571	0.01813
444.686	0.01813
444.801	0.01815
444.917	0.01817
445.032	0.01817
445.147	0.01823
445.262	0.0182
445.378	0.01823
445.493	0.01823
445.608	0.01821
445.724	0.01824
445.839	0.01824
445.954	0.01823
446.069	0.01824
446.185	0.01823
446.3	0.01826
446.415	0.01828
446.53	0.01827
446.646	0.01829
446.761	0.01826
446.876	0.0183
446.991	0.01829
447.106	0.01829
447.221	0.01831
447.337	0.01832
447.452	0.0183
447.567	0.01833
447.682	0.0183
447.797	0.01832
447.912	0.01833
448.028	0.01837
448.143	0.01836
448.258	0.01837
448.373	0.01832
448.488	0.01835
448.603	0.01837
448.718	0.01835
448.833	0.01836
448.948	0.0184
449.063	0.01836
449.179	0.01837
449.294	0.01837
449.409	0.01839
449.524	0.01831
449.639	0.01836
449.754	0.01836
449.869	0.01832
449.984	0.01835
450.099	0.01835
450.214	0.01833
450.329	0.01833
450.444	0.01837
450.559	0.01834
450.674	0.0184
450.789	0.01838
450.904	0.01836
451.019	0.01839
451.134	0.01835
451.248	0.01836
451.363	0.01834
451.478	0.01833
451.593	0.01829
451.708	0.01835
451.823	0.01837
451.938	0.01834
452.053	0.01833
452.168	0.0183
452.283	0.01832
452.397	0.01829
452.512	0.01831
452.627	0.01828
452.742	0.01826
452.857	0.01827
452.972	0.01824
453.087	0.01828
453.201	0.01826
453.316	0.01826
453.431	0.01827
453.546	0.01823
453.661	0.01823
453.775	0.01821
453.89	0.01822
454.005	0.01824
454.12	0.01819
454.234	0.01821
454.349	0.01818
454.464	0.01817
454.579	0.01816
454.693	0.01817
454.808	0.01814
454.923	0.01814
455.037	0.01812
455.152	0.01815
455.267	0.01815
455.382	0.01808
455.496	0.01809
455.611	0.01808
455.726	0.01808
455.84	0.01808
455.955	0.01804
456.07	0.01808
456.184	0.01804
456.299	0.01805
456.413	0.01805
456.528	0.01803
456.643	0.01802
456.757	0.01801
456.872	0.01797
456.986	0.01797
457.101	0.01798
457.151	0.01749
457.266	0.01746
457.381	0.01743
457.496	0.01742
457.611	0.01744
457.725	0.01741
457.84	0.01738
457.955	0.01732
458.07	0.01737
458.184	0.01735
458.299	0.01731
458.414	0.01729
458.529	0.01729
458.643	0.01731
458.758	0.01727
458.873	0.01724
458.988	0.01727
459.102	0.01721
459.217	0.01724
459.332	0.0172
459.446	0.01723
459.561	0.01719
459.676	0.0172
459.79	0.01715
459.905	0.01716
460.02	0.01714
460.134	0.01713
460.249	0.01712
460.364	0.01712
460.478	0.01712
460.593	0.0171
460.708	0.01708
460.822	0.01708
460.937	0.01709
461.051	0.01709
461.166	0.01704
461.281	0.01706
461.395	0.01711
461.51	0.0171
461.624	0.0171
461.739	0.01706
461.853	0.01707
461.968	0.01704
462.082	0.01707
462.197	0.01706
462.311	0.01707
462.426	0.01701
462.54	0.01702
462.655	0.01697
462.769	0.01701
462.884	0.01696
462.998	0.01697
463.113	0.01697
463.227	0.01695
463.342	0.01695
463.456	0.01696
463.571	0.01696
463.685	0.01695
463.799	0.01693
463.914	0.01689
464.028	0.01695
464.143	0.01689
464.257	0.01688
464.371	0.01692
464.486	0.01687
464.6	0.0169
464.715	0.01687
464.829	0.01683
464.943	0.01682
465.058	0.01684
465.172	0.01683
465.286	0.01679
465.401	0.0168
465.515	0.0168
465.629	0.01677
465.744	0.01682
465.858	0.01672
465.972	0.01678
466.086	0.01674
466.201	0.01675
466.315	0.01674
466.429	0.01669
466.543	0.0167
466.658	0.0167
466.772	0.01674
466.886	0.01665
467	0.01668
467.115	0.01668
467.229	0.01671
467.343	0.01665
467.457	0.01663
467.571	0.01663
467.686	0.01665
467.8	0.01662
467.914	0.01663
468.028	0.01664
468.142	0.01663
468.256	0.01663
468.371	0.01658
468.485	0.01663
468.599	0.0166
468.713	0.01659
468.827	0.01656
468.941	0.0166
469.055	0.01653
469.169	0.01657
469.283	0.01653
469.398	0.01653
469.512	0.01651
469.626	0.01655
469.74	0.01655
469.854	0.01652
469.968	0.01651
470.082	0.0165
470.196	0.0165
470.31	0.01649
470.424	0.0165
470.538	0.01648
470.652	0.01651
470.766	0.01643
470.88	0.01644
470.994	0.01647
471.108	0.01644
471.222	0.01643
471.336	0.01648
471.45	0.01644
471.564	0.01646
471.678	0.01645
471.792	0.01645
471.905	0.01647
472.019	0.01643
472.133	0.01641
472.247	0.01642
472.361	0.01644
472.475	0.01643
472.589	0.0164
472.703	0.01641
472.817	0.01641
472.93	0.01638
473.044	0.01637
473.158	0.01639
473.272	0.0164
473.386	0.01638
473.5	0.01639
473.613	0.01641
473.727	0.01643
473.841	0.01634
473.955	0.01637
474.069	0.01643
474.182	0.01639
474.296	0.01639
474.41	0.0164
474.524	0.01639
474.638	0.01638
474.751	0.01637
474.865	0.01635
474.979	0.01634
475.092	0.01636
475.206	0.01635
475.32	0.01632
475.434	0.01632
475.547	0.01634
475.661	0.01637
475.775	0.01637
475.888	0.01634
476.002	0.01634
476.116	0.01634
476.229	0.01629
476.343	0.01634
476.457	0.01633
476.57	0.01634
476.684	0.01632
476.797	0.01635
476.911	0.01635
477.025	0.01635
477.138	0.01635
477.252	0.01633
477.365	0.01636
477.479	0.01633
477.593	0.01631
477.706	0.01635
477.82	0.01634
477.933	0.01634
478.047	0.01635
478.16	0.01637
478.274	0.01636
478.387	0.01633
478.501	0.01633
478.614	0.01631
478.728	0.01636
478.841	0.01636
478.955	0.01636
479.068	0.01638
479.182	0.01636
479.295	0.01638
479.409	0.01635
479.522	0.01632
479.636	0.01628
479.749	0.01627
479.862	0.01626
479.976	0.01633
480.089	0.01628
480.203	0.01633
480.316	0.01636
480.43	0.01635
480.543	0.01638
480.656	0.01632
480.77	0.01637
480.883	0.01635
480.996	0.01632
481.11	0.01634
481.223	0.01636
481.336	0.01632
481.45	0.01636
481.563	0.01635
481.676	0.01637
481.79	0.01636
481.903	0.01637
482.016	0.01633
482.13	0.01634
482.243	0.01634
482.356	0.01638
482.469	0.01634
482.583	0.01633
482.696	0.01638
482.809	0.01634
482.922	0.01633
483.036	0.01634
483.149	0.01635
483.262	0.0164
483.375	0.01638
483.488	0.01634
483.602	0.01637
483.715	0.0164
483.828	0.01635
483.941	0.0164
484.054	0.01635
484.167	0.01643
484.281	0.01637
484.394	0.01637
484.507	0.0164
484.62	0.0164
484.733	0.01639
484.846	0.0164
484.959	0.0164
485.072	0.01643
485.185	0.01644
485.299	0.0164
485.412	0.01642
485.525	0.01648
485.638	0.01641
485.751	0.01648
485.864	0.01643
485.977	0.01646
486.09	0.01646
486.203	0.01643
486.316	0.01645
486.429	0.01646
486.542	0.01645
486.655	0.01646
486.768	0.01645
486.881	0.01648
486.994	0.01648
487.107	0.0165
487.22	0.0165
487.333	0.01649
487.446	0.01648
487.559	0.0165
487.672	0.01651
487.785	0.01656
487.897	0.01655
488.01	0.01651
488.123	0.01655
488.236	0.01655
488.349	0.01657
488.462	0.01658
488.575	0.01662
488.688	0.0166
488.801	0.01654
488.913	0.0166
489.026	0.01661
489.139	0.01665
489.252	0.01667
489.365	0.01664
489.478	0.01665
489.59	0.0167
489.703	0.01666
489.816	0.01671
489.929	0.01668
490.042	0.01669
490.154	0.01672
490.267	0.01674
490.38	0.01676
490.493	0.01679
490.605	0.01679
490.718	0.01677
490.831	0.0168
490.944	0.0168
491.056	0.01679
491.169	0.01687
491.282	0.01687
491.394	0.01683
491.507	0.01685
491.62	0.01689
491.732	0.0169
491.845	0.01688
491.958	0.01692
492.07	0.01691
492.183	0.01695
492.296	0.01696
492.408	0.01697
492.521	0.017
492.634	0.01697
492.746	0.01701
492.859	0.01703
492.971	0.01707
493.084	0.01706
493.197	0.01711
493.309	0.01713
493.422	0.0171
493.534	0.0171
493.647	0.01717
493.759	0.01714
493.872	0.01718
493.984	0.01717
494.097	0.01719
494.209	0.01722
494.322	0.01719
494.434	0.0172
494.547	0.01723
494.659	0.01728
494.772	0.01729
494.884	0.01728
494.997	0.01734
495.109	0.01739
495.222	0.0174
495.334	0.01738
495.447	0.01742
495.559	0.01746
495.671	0.01745
495.784	0.01749
495.896	0.01744
496.009	0.01752
496.121	0.01751
496.233	0.01757
496.346	0.01754
496.458	0.01757
496.571	0.01758
496.683	0.01764
496.795	0.01763
496.908	0.01769
497.02	0.0177
497.132	0.01768
497.245	0.01773
497.357	0.01776
497.469	0.01778
497.581	0.01781
497.694	0.01784
497.806	0.01787
497.918	0.0179
498.031	0.01786
498.143	0.01791
498.255	0.01794
498.367	0.01794
498.48	0.01798
498.592	0.01804
498.704	0.01802
498.816	0.01807
498.928	0.01806
499.041	0.01811
499.153	0.01818
499.265	0.01823
499.377	0.01819
499.489	0.01823
499.602	0.01827
499.714	0.01828
499.826	0.01833
499.938	0.01832
500.05	0.01836
500.162	0.01839
500.274	0.01845
500.387	0.01839
500.499	0.01845
500.611	0.01851
500.723	0.01854
500.835	0.01854
500.947	0.01861
501.059	0.0186
501.171	0.01866
501.283	0.01865
501.395	0.01868
501.507	0.01878
501.619	0.01878
501.731	0.0188
501.843	0.01884
501.955	0.01887
502.067	0.01892
502.179	0.01892
502.291	0.01892
502.403	0.01898
502.515	0.01905
502.627	0.01906
502.739	0.0191
502.851	0.01913
502.963	0.01913
503.075	0.01919
503.187	0.01923
503.299	0.01923
503.47	0.01914
503.582	0.01915
503.694	0.01919
503.806	0.01922
503.919	0.01922
504.031	0.01928
504.143	0.01935
504.255	0.01939
504.368	0.01937
504.48	0.01942
504.592	0.01943
504.704	0.0195
504.816	0.01953
504.929	0.01956
505.041	0.0196
505.153	0.01965
505.265	0.01967
505.377	0.01968
505.489	0.01975
505.602	0.01978
505.714	0.01979
505.826	0.01988
505.938	0.0199
506.05	0.01997
506.162	0.02002
506.274	0.02005
506.386	0.02006
506.498	0.02013
506.611	0.02015
506.723	0.02021
506.835	0.02028
506.947	0.02031
507.059	0.02033
507.171	0.0204
507.283	0.02044
507.395	0.02047
507.507	0.02057
507.619	0.02066
507.731	0.02065
507.843	0.02067
507.955	0.02072
508.067	0.02078
508.179	0.02084
508.291	0.02088
508.403	0.02099
508.515	0.02104
508.627	0.02106
508.739	0.02109
508.851	0.02118
508.963	0.02119
509.075	0.02124
509.186	0.02129
509.298	0.02134
509.41	0.02145
509.522	0.02148
509.634	0.02149
509.746	0.02154
509.858	0.02161
509.97	0.02166
510.081	0.02171
510.193	0.02175
510.305	0.02178
510.417	0.02186
510.529	0.02191
510.641	0.02192
510.752	0.022
510.864	0.02209
510.976	0.02208
511.088	0.02218
511.2	0.02226
511.311	0.0223
511.423	0.02236
511.535	0.02244
511.647	0.0224
511.758	0.02252
511.87	0.0226
511.982	0.02264
512.094	0.02273
512.205	0.02273
512.317	0.02284
512.429	0.02292
512.54	0.02296
512.652	0.02301
512.764	0.02304
512.876	0.02314
512.987	0.02323
513.099	0.02325
513.21	0.02332
513.322	0.02341
513.434	0.02349
513.545	0.02354
513.657	0.02357
513.769	0.02364
513.88	0.02369
513.992	0.02376
514.103	0.02386
514.215	0.02394
514.327	0.02397
514.438	0.0241
514.55	0.02414
514.661	0.0242
514.773	0.02428
514.884	0.02432
514.996	0.02439
515.107	0.02448
515.219	0.02456
515.33	0.02461
515.442	0.02468
515.553	0.02478
515.665	0.02485
515.776	0.02491
515.888	0.02495
515.999	0.02499
516.111	0.02508
516.222	0.02515
516.334	0.02525
516.445	0.02533
516.557	0.0254
516.668	0.02548
516.779	0.02553
516.891	0.02561
517.002	0.02569
517.114	0.02577
517.225	0.02587
517.336	0.02593
517.448	0.02601
517.559	0.02601
517.671	0.02616
517.782	0.02622
517.893	0.02629
518.005	0.02642
518.116	0.02648
518.227	0.02654
518.339	0.02661
518.45	0.02669
518.561	0.02682
518.672	0.02681
518.784	0.02692
518.895	0.02702
519.006	0.02706
519.118	0.02714
519.229	0.02728
519.34	0.02731
519.451	0.02742
519.563	0.02748
519.674	0.02754
519.785	0.02766
519.896	0.02775
520.007	0.02782
520.119	0.02786
520.23	0.02795
520.341	0.02797
520.452	0.02812
520.563	0.02819
520.674	0.02831
520.786	0.02834
520.897	0.0284
521.008	0.02847
521.119	0.02857
521.23	0.02865
521.341	0.02873
521.452	0.02872
521.563	0.02887
521.675	0.02899
521.786	0.02904
521.897	0.0291
522.008	0.02916
522.119	0.02923
522.23	0.02933
522.341	0.02933
522.452	0.02947
522.563	0.02953
522.674	0.02958
522.785	0.02964
522.896	0.02978
523.007	0.02984
523.118	0.02988
523.229	0.03001
523.34	0.03004
523.451	0.03015
523.562	0.0302
523.673	0.03027
523.784	0.03038
523.895	0.03047
524.006	0.03045
524.117	0.03057
524.228	0.0306
524.339	0.03071
524.449	0.03075
524.56	0.03083
524.671	0.03089
524.782	0.03101
524.893	0.03108
525.004	0.03113
525.115	0.03119
525.226	0.03125
525.336	0.03124
525.447	0.03123
525.558	0.03129
525.669	0.03129
525.78	0.03143
525.891	0.03153
526.001	0.03159
526.112	0.03167
526.223	0.03175
526.334	0.03183
526.445	0.0319
526.555	0.03188
526.666	0.03193
526.777	0.03201
526.888	0.0321
526.998	0.03219
527.109	0.03217
527.22	0.03229
527.33	0.03226
527.441	0.03237
527.552	0.03243
527.663	0.03247
527.773	0.03248
527.884	0.03256
527.995	0.03253
528.105	0.03264
528.216	0.03271
528.327	0.03268
528.437	0.03277
528.548	0.03275
528.658	0.03285
528.769	0.03291
528.88	0.03296
528.99	0.03298
529.101	0.03309
529.212	0.03304
529.322	0.03311
529.433	0.0331
529.543	0.03315
529.654	0.03322
529.764	0.03328
529.875	0.03321
529.985	0.03328
530.096	0.03333
530.206	0.03342
530.317	0.03337
530.427	0.03343
530.538	0.0334
530.648	0.03346
530.759	0.03349
530.869	0.0335
530.98	0.03352
531.09	0.03354
531.201	0.03357
531.311	0.03358
531.422	0.03358
531.532	0.03363
531.643	0.03362
531.753	0.03366
531.863	0.03364
531.974	0.03362
532.084	0.03365
532.195	0.03367
532.305	0.03367
532.415	0.03367
532.526	0.03365
532.636	0.03362
532.746	0.03369
532.857	0.03365
532.967	0.03372
533.077	0.03368
533.188	0.03371
533.298	0.03369
533.408	0.03371
533.519	0.03375
533.629	0.03373
533.739	0.03371
533.85	0.03366
533.96	0.0337
534.07	0.03368
534.18	0.0337
534.291	0.03367
534.401	0.03365
534.511	0.03369
534.621	0.03364
534.731	0.03363
534.842	0.03364
534.952	0.03361
535.062	0.03359
535.172	0.03361
535.282	0.03357
535.393	0.03359
535.503	0.03358
535.613	0.03357
535.723	0.03352
535.833	0.03354
535.943	0.03348
536.053	0.03347
536.164	0.03345
536.274	0.03346
536.384	0.0335
536.494	0.03354
536.604	0.03346
536.714	0.03344
536.824	0.03341
536.934	0.03342
537.044	0.03344
537.154	0.03342
537.264	0.03337
537.374	0.03333
537.484	0.03333
537.594	0.03331
537.704	0.03333
537.814	0.0333
537.924	0.03331
538.034	0.03332
538.144	0.03326
538.254	0.03328
538.364	0.03324
538.474	0.03324
538.584	0.03324
538.694	0.0333
538.804	0.03326
538.914	0.03327
539.024	0.03318
539.134	0.03322
539.244	0.03325
539.354	0.03324
539.464	0.03316
539.574	0.03318
539.683	0.03313
539.793	0.03308
539.903	0.03305
540.013	0.03315
540.123	0.03307
540.233	0.03317
540.343	0.03311
540.452	0.03317
540.562	0.03319
540.672	0.03323
540.782	0.03313
540.892	0.03317
541.001	0.03322
541.111	0.03315
541.221	0.03327
541.331	0.03323
541.44	0.0332
541.55	0.03325
541.66	0.03321
541.77	0.03319
541.879	0.03327
541.989	0.03328
542.099	0.03326
542.209	0.03332
542.318	0.03332
542.428	0.03332
542.538	0.03329
542.647	0.03329
542.757	0.03333
542.867	0.03337
542.976	0.03338
543.086	0.0334
543.196	0.03336
543.305	0.0334
543.415	0.03346
543.524	0.0335
543.634	0.03353
543.744	0.03351
543.853	0.03353
543.963	0.03361
544.072	0.03358
544.182	0.03351
544.292	0.03365
544.401	0.03363
544.511	0.03368
544.62	0.0337
544.73	0.03376
544.839	0.03378
544.949	0.03374
545.058	0.03378
545.168	0.03378
545.277	0.03385
545.387	0.0339
545.496	0.03396
545.606	0.03396
545.715	0.03396
545.825	0.03401
545.934	0.03401
546.043	0.03408
546.153	0.03409
546.262	0.03411
546.372	0.0341
546.481	0.03421
546.591	0.03422
546.7	0.03434
546.809	0.03434
546.919	0.03433
547.028	0.03443
547.137	0.03441
547.247	0.03441
547.356	0.03445
547.466	0.03455
547.575	0.03456
547.684	0.03458
547.794	0.03459
547.903	0.03463
548.012	0.03466
548.121	0.03475
548.231	0.03477
548.34	0.03477
548.449	0.03483
548.559	0.03488
548.668	0.03491
548.777	0.03491
548.886	0.03504
548.996	0.03501
549.105	0.03503
549.214	0.03506
549.323	0.03507
549.432	0.03521
549.542	0.03521
549.651	0.03524
549.76	0.03527
549.869	0.03532
549.978	0.03536
550.088	0.03542
550.197	0.03545
550.306	0.03545
550.415	0.03545
550.524	0.03556
550.633	0.03559
550.742	0.03564
550.851	0.03561
550.961	0.03575
551.07	0.03572
551.179	0.03567
551.288	0.03581
551.397	0.03581
551.506	0.03581
551.615	0.03591
551.724	0.0359
551.833	0.03591
551.942	0.03595
552.051	0.03604
552.16	0.03602
552.269	0.03613
552.378	0.03611
552.487	0.03612
552.596	0.03623
552.705	0.0362
552.814	0.03625
552.923	0.03633
553.032	0.03634
553.141	0.03638
553.25	0.03638
553.359	0.03642
553.468	0.03641
553.577	0.03649
553.686	0.03644
553.794	0.03655
553.903	0.03656
554.012	0.0366
554.121	0.03664
554.23	0.03664
554.339	0.03669
554.448	0.0367
554.557	0.03672
554.665	0.0367
554.774	0.0368
554.883	0.03681
554.992	0.03684
555.101	0.03684
555.21	0.03684
555.318	0.03685
555.427	0.03687
555.536	0.0369
555.645	0.03691
555.753	0.03696
555.862	0.03694
555.971	0.03703
556.08	0.03696
556.188	0.03697
556.297	0.03705
556.406	0.03706
556.515	0.03711
556.623	0.03713
556.732	0.03715
556.841	0.03714
556.949	0.03717
557.058	0.03719
557.167	0.03717
557.275	0.03722
557.384	0.03724
557.493	0.03727
557.601	0.03724
557.71	0.03731
557.819	0.03727
557.927	0.03722
558.036	0.03731
558.144	0.03735
558.253	0.03733
558.362	0.03735
558.47	0.03737
558.579	0.03728
558.687	0.03731
558.796	0.03727
558.904	0.03736
559.013	0.03735
559.121	0.03738
559.23	0.03738
559.338	0.03741
559.447	0.03742
559.555	0.03742
559.664	0.03742
559.772	0.03742
559.881	0.03742
559.989	0.03738
560.098	0.0375
560.206	0.03743
560.315	0.03741
560.423	0.03742
560.532	0.03738
560.64	0.03742
560.748	0.03751
560.857	0.03745
560.965	0.03741
561.074	0.0374
561.182	0.03747
561.29	0.03747
561.399	0.0374
561.507	0.03738
561.615	0.03742
561.724	0.03741
561.832	0.03739
561.941	0.03736
562.049	0.03742
562.157	0.03739
562.265	0.03742
562.374	0.03746
562.482	0.0374
562.59	0.03737
562.699	0.0374
562.807	0.03736
562.915	0.03736
563.023	0.03728
563.132	0.03736
563.24	0.03736
563.348	0.03736
563.456	0.03734
563.565	0.03736
563.673	0.03722
563.781	0.03732
563.889	0.03728
563.997	0.03733
564.106	0.03733
564.214	0.03721
564.322	0.03722
564.43	0.03722
564.538	0.03723
564.646	0.03721
564.754	0.03723
564.863	0.03717
564.971	0.03722
565.079	0.03714
565.187	0.03717
565.295	0.03715
565.403	0.03713
565.511	0.03713
565.619	0.03712
565.727	0.0371
565.835	0.03706
565.943	0.03708
566.051	0.03715
566.159	0.03704
566.267	0.03704
566.376	0.03701
566.484	0.03705
566.592	0.03703
566.7	0.037
566.807	0.03699
566.915	0.03696
567.023	0.03697
567.131	0.03695
567.239	0.0369
567.347	0.03693
567.455	0.03691
567.563	0.03685
567.671	0.03687
567.779	0.03686
567.887	0.03682
567.995	0.0368
568.103	0.03684
568.211	0.03678
568.319	0.03678
568.426	0.03681
568.534	0.03674
568.642	0.03676
568.75	0.03677
568.858	0.03672
568.966	0.03675
569.073	0.0367
569.181	0.03668
569.289	0.03664
569.397	0.03663
569.505	0.03666
569.612	0.03666
569.72	0.03668
569.828	0.03667
569.936	0.03663
570.044	0.0366
570.151	0.03657
570.259	0.03656
570.367	0.03661
570.474	0.03652
570.582	0.0365
570.69	0.03654
570.798	0.03646
570.905	0.03649
571.013	0.03646
571.121	0.03649
571.228	0.03649
571.336	0.03642
571.444	0.03646
571.551	0.03639
571.659	0.03637
571.767	0.03637
571.874	0.03634
571.982	0.03639
572.089	0.03638
572.197	0.03629
572.305	0.03634
572.412	0.03635
572.52	0.0363
572.627	0.03633
572.735	0.03626
572.842	0.03635
572.95	0.03628
573.058	0.03623
573.165	0.03627
573.273	0.03627
573.38	0.03624
573.488	0.03625
573.595	0.03626
573.703	0.03623
573.81	0.03623
573.918	0.03626
574.025	0.03619
574.133	0.03616
574.24	0.03614
574.347	0.03622
574.455	0.03614
574.562	0.03612
574.67	0.03618
574.777	0.03612
574.885	0.0361
574.992	0.03615
575.099	0.03614
575.207	0.03614
575.314	0.0361
575.422	0.03615
575.529	0.03608
575.636	0.03608
575.744	0.03609
575.851	0.03607
575.958	0.03608
576.066	0.03609
576.173	0.03605
576.28	0.0361
576.387	0.03603
576.495	0.03612
576.602	0.03609
576.709	0.03608
576.817	0.0361
576.924	0.03604
577.031	0.0361
577.138	0.03604
577.246	0.03608
577.353	0.03601
577.46	0.03604
577.567	0.03604
577.675	0.03606
577.782	0.03597
577.889	0.03604
577.996	0.03601
578.103	0.03599
578.21	0.03602
578.318	0.03598
578.425	0.03599
578.532	0.03604
578.639	0.03601
578.746	0.03602
578.853	0.03597
578.96	0.036
579.068	0.036
579.175	0.03599
579.282	0.03598
579.389	0.03597
579.496	0.03601
579.603	0.03598
579.71	0.036
579.817	0.03599
579.924	0.03592
580.031	0.03607
580.138	0.03597
580.245	0.03597
580.352	0.03594
580.459	0.03598
580.566	0.03595
580.673	0.0359
580.78	0.0359
580.887	0.0359
580.994	0.03599
581.101	0.03594
581.208	0.03592
581.315	0.03597
581.422	0.03589
581.529	0.03593
581.636	0.03589
581.743	0.03595
581.85	0.03592
581.957	0.03591
582.063	0.03587
582.17	0.0359
582.277	0.03597
582.384	0.03584
582.491	0.03589
582.598	0.03591
582.705	0.03589
582.811	0.03585
582.918	0.03589
583.025	0.03581
583.132	0.03582
583.239	0.03584
583.346	0.03586
583.452	0.03585
583.559	0.03585
583.666	0.03578
583.773	0.03581
583.879	0.03583
583.986	0.03581
584.093	0.03579
584.2	0.03582
584.306	0.03574
584.413	0.03577
584.52	0.03574
584.627	0.03577
584.733	0.03573
584.84	0.03576
584.947	0.03574
585.053	0.03565
585.16	0.03568
585.267	0.03565
585.373	0.03562
585.48	0.03563
585.587	0.03561
585.693	0.0356
585.8	0.03553
585.906	0.03561
586.013	0.03557
586.12	0.03559
586.226	0.03554
586.333	0.03556
586.439	0.03554
586.546	0.03553
586.652	0.03552
586.759	0.03551
586.866	0.03543
586.972	0.03551
587.079	0.03542
587.185	0.03547
587.292	0.0355
587.398	0.03548
587.505	0.03541
587.611	0.0354
587.718	0.03538
587.824	0.03535
587.931	0.03531
588.037	0.03533
588.143	0.03533
588.25	0.03535
588.356	0.03535
588.463	0.03528
588.569	0.03526
588.676	0.03521
588.782	0.03527
588.888	0.03525
588.995	0.03516
589.101	0.03519
589.208	0.03517
589.314	0.03513
589.42	0.03512
589.527	0.03511
589.633	0.03509
589.739	0.03516
589.846	0.03505
589.952	0.03506
590.058	0.03497
590.165	0.03503
590.271	0.03491
590.377	0.03497
590.483	0.03491
590.59	0.03489
590.696	0.0349
590.802	0.03487
590.908	0.0348
591.015	0.03491
591.121	0.03485
591.227	0.0348
591.333	0.03482
591.44	0.03479
591.546	0.03483
591.652	0.03473
591.758	0.03473
591.864	0.03469
591.97	0.03473
592.077	0.03469
592.183	0.03467
592.289	0.03465
592.395	0.03464
592.501	0.03459
592.607	0.03455
592.713	0.03454
592.82	0.03454
592.926	0.03451
593.032	0.03453
593.138	0.03451
593.244	0.03436
593.35	0.03439
593.456	0.03439
593.562	0.03433
593.668	0.03429
593.774	0.03437
593.88	0.03432
593.986	0.03425
594.092	0.03433
594.198	0.03423
594.304	0.03425
594.41	0.0342
594.516	0.03424
594.622	0.03416
594.728	0.03412
594.834	0.0341
594.94	0.03408
595.046	0.03413
595.152	0.03404
595.258	0.034
595.364	0.03402
595.47	0.03398
595.576	0.03391
595.682	0.03393
595.787	0.03391
595.893	0.03391
595.999	0.03385
596.105	0.03383
596.211	0.03382
596.317	0.03379
596.423	0.03374
596.528	0.03368
596.634	0.03373
596.74	0.03367
596.846	0.03358
596.952	0.0336
597.058	0.03355
597.163	0.03356
597.269	0.03353
597.375	0.03351
597.481	0.03351
597.586	0.03341
597.692	0.03342
597.798	0.03332
597.904	0.03334
598.009	0.03329
598.115	0.03326
598.221	0.03319
598.327	0.03325
598.432	0.03327
598.538	0.03318
598.644	0.03316
598.749	0.03311
598.855	0.03309
598.961	0.03308
599.066	0.03305
599.172	0.03304
599.277	0.03296
599.383	0.03294
599.489	0.03292
599.594	0.03286
599.7	0.03282
599.806	0.03281
599.911	0.03276
600.017	0.03269
600.122	0.03266
600.228	0.03265
600.333	0.03266
600.439	0.03261
600.544	0.03253
600.65	0.03263
600.756	0.03246
600.861	0.03246
600.967	0.03241
601.072	0.03237
601.178	0.03238
601.283	0.03231
601.389	0.03228
601.494	0.03225
601.599	0.03226
601.705	0.03223
601.81	0.03218
601.916	0.03213
602.021	0.03203
602.127	0.03202
602.232	0.03201
602.337	0.03207
602.443	0.03194
602.548	0.03195
602.654	0.03187
602.759	0.03185
602.864	0.03184
602.97	0.03177
603.075	0.03173
603.18	0.03172
603.286	0.03161
603.391	0.03157
603.496	0.03157
603.602	0.03155
603.707	0.03153
603.812	0.0315
603.918	0.03142
604.023	0.03139
604.128	0.03134
604.233	0.03133
604.339	0.0313
604.444	0.0312
604.549	0.0312
604.654	0.03118
604.76	0.03115
604.865	0.03112
604.97	0.0311
605.075	0.03098
605.181	0.03094
605.286	0.03096
605.391	0.03092
605.496	0.03088
605.601	0.03083
605.706	0.03071
605.812	0.03079
605.917	0.03075
606.022	0.03066
606.127	0.03067
606.232	0.03059
606.337	0.03059
606.442	0.03057
606.547	0.03053
606.652	0.03051
606.758	0.03043
606.863	0.03043
606.968	0.03032
607.073	0.03032
607.178	0.03032
607.283	0.03032
607.388	0.03026
607.493	0.03023
607.598	0.03013
607.703	0.03017
607.808	0.03006
607.913	0.03008
608.018	0.03002
608.123	0.02997
608.228	0.02992
608.333	0.02991
608.438	0.02992
608.543	0.02987
608.648	0.02985
608.753	0.02985
608.858	0.0298
608.962	0.02971
609.067	0.02974
609.172	0.02972
609.277	0.02959
609.382	0.0296
609.487	0.02957
609.592	0.02955
609.697	0.02952
609.801	0.02946
609.906	0.02937
610.011	0.02941
610.116	0.02941
610.221	0.02934
610.326	0.02935
610.43	0.02931
610.535	0.02929
610.64	0.02924
610.745	0.02919
610.85	0.0292
610.954	0.02921
611.059	0.02913
611.164	0.02915
611.269	0.02911
611.373	0.02904
611.478	0.02907
611.583	0.02906
611.688	0.02898
611.792	0.02895
611.897	0.02898
612.002	0.02896
612.106	0.02888
612.211	0.02893
612.316	0.02889
612.42	0.02886
612.53	0.02888
612.636	0.02885
612.742	0.02882
612.847	0.02879
612.953	0.02874
613.059	0.02884
613.164	0.02874
613.27	0.02876
613.376	0.02874
613.481	0.02871
613.587	0.02873
613.692	0.02869
613.798	0.02866
613.904	0.02866
614.009	0.02869
614.115	0.02866
614.22	0.0287
614.326	0.02864
614.432	0.02863
614.537	0.02865
614.643	0.02862
614.748	0.02859
614.854	0.02862
614.959	0.02858
615.065	0.02858
615.17	0.02859
615.276	0.02857
615.381	0.02854
615.487	0.02861
615.592	0.02858
615.698	0.02858
615.803	0.02858
615.909	0.02858
616.014	0.02857
616.119	0.02855
616.225	0.02854
616.33	0.02855
616.436	0.02849
616.541	0.02853
616.647	0.02846
616.752	0.02852
616.857	0.02847
616.963	0.02848
617.068	0.02853
617.173	0.02847
617.279	0.02849
617.384	0.02848
617.489	0.0285
617.595	0.02848
617.7	0.02851
617.805	0.0285
617.911	0.02848
618.016	0.02847
618.121	0.02844
618.226	0.0285
618.332	0.0285
618.437	0.02847
618.542	0.02851
618.648	0.02847
618.753	0.02842
618.858	0.02845
618.963	0.02845
619.068	0.02853
619.174	0.02849
619.279	0.0285
619.384	0.02845
619.489	0.02842
619.594	0.02847
619.7	0.0285
619.805	0.02849
619.91	0.02848
620.015	0.02848
620.12	0.02849
620.225	0.02854
620.33	0.02851
620.435	0.02849
620.541	0.02847
620.646	0.02854
620.751	0.02847
620.856	0.0285
620.961	0.02852
621.066	0.02856
621.171	0.02853
621.276	0.02849
621.381	0.02853
621.486	0.02855
621.591	0.02853
621.696	0.02854
621.801	0.02855
621.906	0.0286
622.011	0.02855
622.116	0.0286
622.221	0.02857
622.326	0.02862
622.431	0.02859
622.536	0.02861
622.641	0.02862
622.746	0.02868
622.851	0.02866
622.956	0.02865
623.061	0.02865
623.166	0.02865
623.27	0.02867
623.375	0.02867
623.48	0.02871
623.585	0.02868
623.69	0.02872
623.795	0.02869
623.9	0.02876
624.004	0.02877
624.109	0.02872
624.214	0.02879
624.319	0.02875
624.424	0.02881
624.529	0.02883
624.633	0.0288
624.738	0.02885
624.843	0.02881
624.948	0.02887
625.052	0.02885
625.157	0.02885
625.262	0.02887
625.367	0.02886
625.471	0.02887
625.576	0.02891
625.681	0.02887
625.786	0.02894
625.89	0.02891
625.995	0.02898
626.1	0.02901
626.204	0.02904
626.309	0.02902
626.414	0.02903
626.518	0.02903
626.623	0.02902
626.727	0.02905
626.832	0.02908
626.937	0.02907
627.041	0.02921
627.146	0.02914
627.251	0.02917
627.355	0.02912
627.46	0.02903
627.564	0.02901
627.669	0.029
627.773	0.02902
627.878	0.02908
627.982	0.02913
628.087	0.02918
628.191	0.02921
628.296	0.0292
628.4	0.02921
628.505	0.02921
628.609	0.02923
628.714	0.02926
628.818	0.02925
628.923	0.02924
629.027	0.0293
629.132	0.02926
629.236	0.02934
629.341	0.02926
629.445	0.02932
629.549	0.0293
629.654	0.02933
629.758	0.02933
629.863	0.02929
629.967	0.02934
630.071	0.02932
630.176	0.02937
630.28	0.02927
630.384	0.0293
630.489	0.02936
630.593	0.02934
630.697	0.02934
630.802	0.02934
630.906	0.0294
631.01	0.02934
631.115	0.02935
631.219	0.02935
631.323	0.02932
631.428	0.02931
631.532	0.02933
631.636	0.02936
631.74	0.02929
631.845	0.02936
631.949	0.02928
632.053	0.02932
632.157	0.02928
632.261	0.02929
632.366	0.02926
632.47	0.0292
632.574	0.02925
632.678	0.02923
632.782	0.02924
632.886	0.02917
632.991	0.02914
633.095	0.02919
633.199	0.02919
633.303	0.02918
633.407	0.02913
633.511	0.0291
633.615	0.02912
633.719	0.0291
633.823	0.02901
633.928	0.02903
634.032	0.02903
634.136	0.02898
634.24	0.02899
634.344	0.02893
634.448	0.02893
634.552	0.02888
634.656	0.02886
634.76	0.02885
634.864	0.02884
634.968	0.02881
635.072	0.02873
635.176	0.02875
635.28	0.02868
635.384	0.02865
635.488	0.02865
635.592	0.02868
635.696	0.02859
635.799	0.02857
635.903	0.02851
636.007	0.02848
636.111	0.02847
636.215	0.02836
636.319	0.02836
636.423	0.0283
636.527	0.02829
636.631	0.02817
636.734	0.02816
636.838	0.02815
636.942	0.02808
637.046	0.02804
637.15	0.02802
637.254	0.0279
637.357	0.02787
637.461	0.0279
637.565	0.02776
637.669	0.02778
637.773	0.02773
637.876	0.02767
637.98	0.02768
638.084	0.02755
638.188	0.02744
638.291	0.02749
638.395	0.02739
638.499	0.02732
638.603	0.02732
638.706	0.02725
638.81	0.02719
638.914	0.02712
639.017	0.02704
639.121	0.02701
639.225	0.02696
639.328	0.02687
639.432	0.02689
639.536	0.02684
639.639	0.02678
639.743	0.02669
639.846	0.02665
639.95	0.02653
640.054	0.02658
640.157	0.02655
640.261	0.0265
640.364	0.02641
640.468	0.02636
640.571	0.02627
640.675	0.02623
640.779	0.02614
640.882	0.02607
640.986	0.02594
641.089	0.02589
641.193	0.02591
641.296	0.02579
641.4	0.02572
641.503	0.0257
641.607	0.02572
641.71	0.02563
641.813	0.02558
641.917	0.02556
642.02	0.02547
642.124	0.0254
642.227	0.02539
642.331	0.02533
642.434	0.02527
642.537	0.02523
642.641	0.02517
642.744	0.02512
642.848	0.02505
642.951	0.02501
643.054	0.02493
643.158	0.02494
643.261	0.02491
643.364	0.02487
643.468	0.02481
643.571	0.02476
643.674	0.02473
643.778	0.02468
643.881	0.02461
643.984	0.02456
644.088	0.0245
644.191	0.02446
644.294	0.02442
644.397	0.02438
644.501	0.02433
644.604	0.02429
644.707	0.02428
644.81	0.02418
644.913	0.02415
645.017	0.02414
645.12	0.02408
645.223	0.02404
645.326	0.02401
645.429	0.02395
645.533	0.02389
645.636	0.02386
645.739	0.02384
645.842	0.02382
645.945	0.02377
646.048	0.02375
646.151	0.0237
646.254	0.02366
646.358	0.02365
646.461	0.02357
646.564	0.02349
646.667	0.02347
646.77	0.02347
646.873	0.02339
646.976	0.02341
647.079	0.02337
647.182	0.02332
647.285	0.02334
647.388	0.02322
647.491	0.02321
647.594	0.02322
647.697	0.02315
647.8	0.02316
647.903	0.02312
648.006	0.02304
648.109	0.02305
648.212	0.02303
648.315	0.02303
648.418	0.02295
648.521	0.02293
648.624	0.02292
648.727	0.02291
648.829	0.02288
648.932	0.02287
649.035	0.02281
649.138	0.02285
649.241	0.02277
649.344	0.02276
649.447	0.02277
649.55	0.02276
649.652	0.02276
649.755	0.02269
649.858	0.02265
649.961	0.02269
650.064	0.0226
650.166	0.02267
650.269	0.02262
650.372	0.0226
650.475	0.02261
650.578	0.02254
650.68	0.02256
650.783	0.02254
650.886	0.02256
650.989	0.0225
651.091	0.02245
651.194	0.0225
651.297	0.02249
651.399	0.02248
651.502	0.02245
651.605	0.02246
651.707	0.02239
651.81	0.02238
651.913	0.02238
652.015	0.02236
652.118	0.0223
652.221	0.02235
652.323	0.02229
652.426	0.02229
652.529	0.02232
652.631	0.0223
652.734	0.0223
652.836	0.02223
652.939	0.02224
653.041	0.02223
653.144	0.02222
653.247	0.02223
653.349	0.02218
653.452	0.02217
653.554	0.0222
653.657	0.02213
653.759	0.02213
653.862	0.02215
653.964	0.02215
654.067	0.02214
654.169	0.02205
654.272	0.0221
654.374	0.02205
654.477	0.02208
654.579	0.0221
654.681	0.02206
654.784	0.02204
654.886	0.02202
654.989	0.022
655.091	0.022
655.193	0.02199
655.296	0.02191
655.398	0.02195
655.501	0.0219
655.603	0.0219
655.705	0.02188
655.808	0.02189
655.91	0.02185
656.012	0.02185
656.115	0.02184
656.217	0.02177
656.319	0.02178
656.422	0.02175
656.524	0.02176
656.626	0.02178
656.728	0.02168
656.831	0.02169
656.933	0.02166
657.035	0.02161
657.137	0.02164
657.24	0.02159
657.342	0.0216
657.444	0.02161
657.546	0.02153
657.648	0.02148
657.751	0.02151
657.853	0.02146
657.955	0.0215
658.057	0.02144
658.159	0.02149
658.261	0.02141
658.364	0.02136
658.466	0.02135
658.568	0.02129
658.67	0.02129
658.772	0.02127
658.874	0.02123
658.976	0.02125
659.078	0.02121
659.18	0.02124
659.282	0.02117
659.385	0.02116
659.487	0.02107
659.589	0.02114
659.691	0.02108
659.793	0.02105
659.895	0.02106
659.997	0.02099
660.099	0.02097
660.201	0.02095
660.303	0.0209
660.405	0.02087
660.507	0.02083
660.609	0.02083
660.711	0.02079
660.812	0.02076
660.914	0.02073
661.016	0.0207
661.118	0.02066
661.22	0.02067
661.322	0.02066
661.424	0.02062
661.526	0.0206
661.628	0.02056
661.73	0.02052
661.831	0.02053
661.933	0.02045
662.035	0.02048
662.137	0.02042
662.239	0.02039
662.341	0.02038
662.442	0.02039
662.544	0.02034
662.646	0.02031
662.748	0.02029
662.85	0.02028
662.951	0.02027
663.053	0.02022
663.155	0.02017
663.257	0.02015
663.358	0.02015
663.46	0.02008
663.562	0.02006
663.663	0.02007
663.765	0.02003
663.867	0.02003
663.969	0.02003
664.07	0.01999
664.172	0.01998
664.274	0.01996
664.375	0.0199
664.477	0.01995
664.578	0.01991
664.68	0.01986
664.782	0.01987
664.883	0.01984
664.985	0.01981
665.086	0.01984
665.188	0.01977
665.29	0.0198
665.391	0.01972
665.493	0.01972
665.594	0.01974
665.696	0.0197
665.797	0.01971
665.899	0.01964
666	0.0197
666.102	0.01967
666.203	0.01961
666.305	0.01966
666.406	0.01963
666.508	0.01958
666.609	0.01954
666.711	0.01959
666.812	0.01953
666.914	0.01955
667.015	0.01952
667.117	0.01952
667.218	0.01951
667.319	0.01949
667.421	0.0195
667.522	0.01944
667.624	0.01947
667.725	0.01942
667.826	0.01945
667.928	0.01944
668.029	0.01942
668.13	0.01942
668.232	0.01942
668.333	0.01935
668.434	0.01939
668.536	0.01939
668.637	0.0194
668.738	0.01933
668.84	0.01937
668.941	0.01938
669.042	0.01936
669.143	0.01935
669.245	0.01932
669.346	0.01929
669.447	0.01931
669.548	0.01928
669.65	0.01932
669.751	0.01935
669.852	0.01927
669.953	0.0193
670.054	0.01932
670.156	0.01928
670.257	0.01932
670.358	0.01928
670.459	0.01935
670.56	0.01931
670.661	0.01935
670.763	0.01931
670.864	0.01932
670.965	0.01928
671.066	0.01933
671.167	0.0193
671.268	0.01928
671.369	0.01927
671.47	0.01934
671.571	0.01931
671.672	0.01938
671.773	0.01934
671.874	0.01931
671.975	0.01931
672.076	0.01932
672.177	0.01938
672.278	0.01933
672.379	0.01938
672.48	0.01934
672.581	0.01935
672.682	0.01937
672.783	0.01939
672.884	0.01941
672.985	0.01939
673.086	0.0194
673.187	0.01941
673.288	0.01942
673.389	0.01943
673.49	0.01943
673.591	0.01944
673.692	0.01946
673.793	0.01947
673.893	0.01945
673.994	0.01947
674.095	0.01945
674.196	0.01951
674.297	0.01947
674.398	0.01948
674.498	0.01953
674.599	0.01949
674.7	0.0195
674.801	0.01953
674.902	0.01954
675.002	0.01958
675.103	0.01955
675.204	0.01961
675.305	0.01955
675.405	0.01955
675.506	0.01959
675.607	0.01963
675.708	0.01965
675.808	0.01962
675.909	0.01963
676.01	0.01965
676.11	0.01968
676.211	0.0197
676.312	0.01971
676.412	0.0197
676.513	0.01976
676.614	0.01976
676.714	0.01975
676.815	0.01978
676.916	0.01979
677.016	0.01981
677.117	0.01984
677.217	0.01984
677.318	0.01986
677.419	0.01987
677.519	0.01989
677.62	0.01993
677.72	0.01999
677.821	0.01999
677.921	0.01996
678.022	0.02002
678.122	0.01999
678.223	0.02005
678.324	0.02008
678.424	0.02009
678.524	0.02014
678.625	0.02011
678.725	0.02017
678.826	0.02016
678.926	0.02017
679.027	0.02025
679.127	0.02024
679.228	0.02023
679.328	0.02029
679.429	0.02035
679.529	0.02032
679.629	0.02037
679.73	0.02039
679.83	0.0204
679.93	0.02039
680.031	0.02044
680.131	0.0205
680.232	0.02053
680.332	0.02055
680.432	0.02053
680.533	0.0206
680.633	0.0206
680.733	0.02064
680.833	0.02068
680.934	0.02071
681.034	0.02074
681.134	0.02075
681.235	0.02078
681.335	0.02087
681.435	0.02088
681.535	0.02085
681.635	0.02097
681.736	0.021
681.836	0.02097
681.936	0.02101
682.036	0.02108
682.137	0.02108
682.237	0.02114
682.337	0.02115
682.437	0.02119
682.537	0.02128
682.637	0.02134
682.737	0.02131
682.838	0.02138
682.938	0.02144
683.038	0.02145
683.138	0.02152
683.238	0.02158
683.338	0.02156
683.438	0.02168
683.538	0.02171
683.638	0.02178
683.738	0.02176
683.838	0.02188
683.938	0.02188
684.039	0.02197
684.139	0.02202
684.239	0.02205
684.339	0.02213
684.439	0.02211
684.539	0.02221
684.639	0.02224
684.738	0.0223
684.838	0.02234
684.938	0.0224
685.038	0.02252
685.138	0.02259
685.238	0.02256
685.338	0.0227
685.438	0.02275
685.538	0.02279
685.638	0.02289
685.738	0.02296
685.838	0.02295
685.937	0.02302
686.037	0.02317
686.137	0.02322
686.237	0.02328
686.337	0.02337
686.437	0.02342
686.537	0.02348
686.636	0.02359
686.736	0.02363
686.836	0.02369
686.936	0.02379
687.036	0.0239
687.135	0.02392
687.235	0.02401
687.335	0.02406
687.435	0.0242
687.534	0.02424
687.634	0.02434
687.734	0.02447
687.833	0.02448
687.933	0.02459
688.033	0.02462
688.133	0.02472
688.232	0.02487
688.332	0.02493
688.432	0.02508
688.531	0.02513
688.631	0.02521
688.73	0.02535
688.83	0.02542
688.93	0.02553
689.029	0.02561
689.129	0.02573
689.229	0.02578
689.328	0.02595
689.428	0.02601
689.527	0.02617
689.627	0.02628
689.726	0.02637
689.826	0.02654
689.925	0.02657
690.025	0.02665
690.124	0.02678
690.224	0.02689
690.324	0.02701
690.423	0.0271
690.53333	0.02738
690.77333	0.02764
691.01333	0.02782
691.25333	0.02816
691.49333	0.02843
691.73333	0.02863
691.97333	0.02897
692.21333	0.02926
692.45333	0.02945
692.69267	0.02981
692.93233	0.03016
693.17233	0.03035
693.41233	0.03074
693.65233	0.03103
693.89233	0.03141
694.13233	0.03176
694.37167	0.03223
694.61133	0.03253
694.85133	0.03284
695.09133	0.03317
695.33067	0.03356
695.57033	0.034
695.81033	0.03434
696.05033	0.03481
696.28967	0.0353
696.52933	0.03572
696.76933	0.03624
697.00867	0.0366
697.24833	0.0371
697.48833	0.03757
697.72767	0.038
697.96733	0.03846
698.20733	0.03895
698.44667	0.03956
698.68633	0.04017
698.92567	0.04064
699.16533	0.04128
699.40467	0.04167
699.64433	0.04226
699.88367	0.04289
700.12333	0.04356
700.36267	0.04413
700.60233	0.04485
700.84167	0.0455
701.08133	0.04619
701.32067	0.04678
701.56033	0.04778
701.79967	0.04844
702.03867	0.04918
702.27833	0.04986
702.51767	0.05075
702.75733	0.05147
702.99667	0.05225
703.23567	0.05316
703.47533	0.05407
703.71467	0.05492
703.95367	0.05598
704.19267	0.05679
704.43233	0.05776
704.67167	0.0587
704.91067	0.05971
705.15033	0.0606
705.38967	0.06178
705.62867	0.06265
705.86767	0.06383
706.10667	0.06489
706.34567	0.06594
706.58567	0.06717
706.82467	0.06814
707.06367	0.06925
707.30267	0.07054
707.54167	0.07185
707.78067	0.07285
708.01967	0.07398
708.25867	0.07535
708.49767	0.07662
708.73667	0.07781
708.97667	0.07907
709.21567	0.08008
709.45467	0.08165
709.69367	0.08277
709.93267	0.08421
710.171	0.08554
710.41	0.08686
710.64867	0.08813
710.88767	0.08932
711.12667	0.09051
711.36567	0.09212
711.60467	0.09337
711.84367	0.09475
712.08267	0.09594
712.32167	0.0973
712.56	0.09858
712.79867	0.09974
713.03767	0.1011
713.27667	0.10236
713.51567	0.10389
713.754	0.10521
713.993	0.10653
714.23167	0.10787
714.47067	0.10885
714.709	0.11015
714.94767	0.11148
715.18667	0.11281
715.42567	0.11407
715.664	0.11548
715.90267	0.11645
716.141	0.11757
716.38	0.11901
716.61867	0.12011
716.857	0.12135
717.09567	0.12217
717.33467	0.12351
717.573	0.12461
717.81167	0.12568
718.05	0.127
718.28867	0.12798
718.527	0.12921
718.76567	0.13033
719.004	0.13112
719.24267	0.13246
719.481	0.13339
719.71967	0.13442
719.958	0.13554
720.19667	0.13646
720.435	0.1372
720.673	0.13828
720.91167	0.1394
721.15	0.14056
721.388	0.14091
721.627	0.14208
721.865	0.14293
722.103	0.14411
722.342	0.14489
722.58	0.14561
722.818	0.14691
723.057	0.14764
723.295	0.14821
723.533	0.1489
723.771	0.14974
724.01	0.15108
724.248	0.15135
724.486	0.1521
724.724	0.15305
724.962	0.15378
725.201	0.1548
725.439	0.15559
725.677	0.15631
725.915	0.15659
726.153	0.15777
726.391	0.15824
726.629	0.15921
726.867	0.15982
727.105	0.16073
727.34333	0.16143
727.58133	0.16212
727.81933	0.16275
728.05733	0.16336
728.29533	0.16363
728.53333	0.16476
728.77133	0.16528
729.00933	0.16586
729.247	0.16633
729.485	0.1671
729.723	0.16741
729.961	0.16821
730.199	0.16881
730.437	0.16957
730.675	0.1703
730.913	0.17042
731.15033	0.17131
731.38833	0.17186
731.626	0.17223
731.864	0.17284
732.102	0.17328
732.33933	0.17406
732.57733	0.1744
732.815	0.17461
733.053	0.17544
733.29033	0.1761
733.528	0.1763
733.766	0.17674
734.00333	0.17742
734.24133	0.17795
734.479	0.17852
734.71633	0.17914
734.95433	0.17951
735.192	0.1797
735.42933	0.18015
735.667	0.18061
735.90433	0.18122
736.14233	0.18149
736.37933	0.1817
736.61733	0.18219
736.855	0.18268
737.09233	0.1831
737.33	0.18354
737.56733	0.18374
737.805	0.18449
738.04233	0.18462
738.27933	0.18513
738.51733	0.1854
738.75433	0.18572
738.992	0.18638
739.22933	0.1865
739.46633	0.1869
739.70433	0.18731
739.94133	0.18754
740.179	0.18803
740.41633	0.18829
740.65333	0.1887
740.891	0.18873
741.12833	0.18945
741.36533	0.18961
741.60233	0.18957
741.84033	0.19063
742.07733	0.19079
742.31433	0.19071
742.55133	0.19138
742.78867	0.19132
743.02633	0.1919
743.26333	0.19239
743.50033	0.19238
743.73733	0.1929
743.97433	0.19294
744.21167	0.19344
744.44933	0.19343
744.68633	0.19362
744.92333	0.19365
745.16033	0.19424
745.39733	0.19456
745.63433	0.19481
745.87133	0.19494
746.10833	0.19515
746.34533	0.19529
746.58233	0.19558
746.81933	0.19578
747.05633	0.19613
747.29333	0.19637
747.53033	0.19638
747.76733	0.1969
748.00433	0.19698
748.24133	0.19715
748.47767	0.19731
748.71467	0.19758
748.95167	0.19765
749.18833	0.19821
749.42533	0.19828
749.66233	0.19857
749.89933	0.19875
750.13567	0.19887
750.37267	0.1988
750.60933	0.1991
750.84633	0.19941
751.08267	0.19958
751.31967	0.19957
751.55633	0.20003
751.79333	0.2001
752.02967	0.20005
752.26667	0.20022
752.50333	0.20018
752.73967	0.20057
752.97667	0.20083
753.21333	0.20096
753.44967	0.20093
753.68633	0.20144
753.92267	0.20161
754.15967	0.20171
754.39567	0.20185
754.63267	0.2016
754.86933	0.20202
755.10567	0.20256
755.34233	0.2023
755.57867	0.20236
755.81533	0.20268
756.05167	0.20282
756.28833	0.20287
756.52467	0.20254
756.76067	0.20293
756.99767	0.20319
757.23367	0.2029
757.47067	0.20323
757.70667	0.20381
757.94267	0.20337
758.17967	0.20385
758.41567	0.20391
758.65167	0.20408
758.88867	0.20495
759.12467	0.20468
759.36067	0.20456
759.59767	0.20468
759.83367	0.2048
760.06967	0.20485
760.30567	0.20502
760.54267	0.20491
760.77867	0.20502
761.01467	0.20523
761.25067	0.20567
761.487	0.20573
761.72367	0.20565
761.95967	0.20579
762.19567	0.20598
762.43167	0.20628
762.66767	0.20639
762.90367	0.2062
763.13967	0.20644
763.376	0.20638
763.612	0.20656
763.848	0.20692
764.084	0.20671
764.32	0.20663
764.556	0.2067
764.792	0.20684
765.028	0.2073
765.264	0.20685
765.5	0.20697
765.736	0.20735
765.972	0.20736
766.208	0.20762
766.44367	0.20747
766.67967	0.20803
766.91567	0.20795
767.15167	0.20795
767.387	0.208
767.623	0.20755
767.859	0.20816
768.09467	0.20822
768.33067	0.20832
768.566	0.2085
768.802	0.20882
769.038	0.20849
769.27367	0.20863
769.509	0.20846
769.745	0.20879
769.981	0.20914
770.21667	0.20897
770.452	0.20904
770.688	0.20899
770.781	0.20949
771.017	0.20914
771.254	0.2092
771.49	0.20943
771.726	0.20948
771.962	0.20965
772.199	0.20954
772.435	0.20965
772.671	0.20987
772.907	0.20951
773.143	0.20978
773.38	0.20983
773.616	0.21009
773.852	0.2097
774.088	0.20989
774.324	0.20991
774.56	0.20971
774.796	0.21029
775.032	0.21014
775.268	0.2102
775.504	0.21014
775.74	0.21032
775.977	0.21053
776.213	0.20998
776.449	0.21036
776.685	0.21049
776.92	0.21071
777.156	0.21063
777.392	0.21096
777.628	0.21113
777.864	0.21064
778.1	0.211
778.336	0.21124
778.572	0.21141
778.808	0.21131
779.044	0.21107
779.279	0.21153
779.515	0.21124
779.751	0.21114
779.987	0.21165
780.223	0.21182
780.458	0.2119
780.694	0.21184
780.93	0.2118
781.166	0.21183
781.401	0.21221
781.637	0.21212
781.873	0.21217
782.109	0.21226
782.344	0.21214
782.58	0.21259
782.816	0.21229
783.051	0.21235
783.287	0.21214
783.522	0.21217
783.758	0.21286
783.994	0.21246
784.229	0.21261
784.465	0.21285
784.7	0.21296
784.936	0.21289
785.171	0.21275
785.407	0.2134
785.642	0.2132
785.878	0.21315
786.113	0.21351
786.349	0.21356
786.584	0.21391
786.819	0.21358
787.055	0.21382
787.29	0.21388
787.526	0.2141
787.761	0.21435
787.996	0.21449
788.232	0.21454
788.467	0.21439
788.702	0.21449
788.938	0.21455
789.173	0.21452
789.408	0.21451
789.643	0.21476
789.879	0.21474
790.114	0.21518
790.349	0.21491
790.584	0.21457
790.82	0.21441
791.055	0.21493
791.29	0.2144
791.525	0.21508
791.76	0.21532
791.995	0.21513
792.23	0.215
792.466	0.21503
792.701	0.21533
792.936	0.2153
793.171	0.21531
793.406	0.21546
793.641	0.21556
793.876	0.21559
794.111	0.21588
794.346	0.21607
794.581	0.21563
794.816	0.21595
795.051	0.21624
795.286	0.2163
795.521	0.21627
795.756	0.2167
795.99	0.21649
796.225	0.21643
796.46	0.21652
796.695	0.2167
796.93	0.21666
797.165	0.21647
797.4	0.2165
797.634	0.21675
797.869	0.2163
798.104	0.21677
798.339	0.21667
798.574	0.217
798.808	0.21686
799.043	0.21682
799.278	0.21705
799.512	0.21742
799.747	0.21726
799.982	0.21746
800.216	0.21774
800.451	0.2173
800.686	0.21723
800.92	0.2173
801.155	0.21773
801.39	0.21752
801.624	0.21794
801.859	0.21813
802.093	0.21815
802.328	0.21826
802.562	0.21802
802.797	0.21837
803.031	0.21832
803.266	0.21834
803.5	0.21834
803.735	0.21818
803.969	0.21824
804.204	0.2186
804.438	0.2187
804.673	0.21854
804.907	0.21826
805.141	0.21861
805.376	0.21861
805.61	0.21819
805.844	0.21858
806.079	0.21877
806.313	0.21863
806.547	0.21899
806.782	0.21883
807.016	0.21877
807.25	0.21979
807.484	0.21934
807.719	0.21962
807.953	0.21884
808.187	0.21899
808.421	0.21917
808.655	0.21957
808.89	0.2197
809.124	0.21955
809.358	0.21943
809.592	0.21983
809.826	0.21991
810.06	0.21969
810.294	0.21964
810.528	0.21976
810.763	0.2195
810.997	0.21993
811.231	0.21961
811.465	0.21971
811.699	0.22035
811.933	0.22069
812.167	0.22062
812.401	0.22071
812.635	0.22056
812.868	0.2207
813.102	0.22042
813.336	0.22111
813.57	0.22101
813.804	0.22108
814.038	0.22138
814.272	0.22156
814.506	0.22095
814.74	0.22068
814.973	0.22119
815.207	0.22046
815.441	0.22128
815.675	0.22161
815.908	0.22128
816.142	0.22161
816.376	0.22181
816.61	0.2215
816.843	0.2209
817.077	0.22052
817.311	0.22117
817.544	0.22072
817.778	0.22108
818.012	0.22145
818.245	0.22157
818.479	0.22195
818.713	0.22216
818.946	0.22209
819.18	0.222
819.413	0.22206
819.647	0.2224
819.88	0.22249
820.114	0.22208
820.347	0.22218
820.581	0.22205
820.814	0.22247
821.048	0.22245
821.281	0.22209
821.515	0.22218
821.748	0.22243
821.982	0.22233
822.215	0.2226
822.448	0.22248
822.682	0.22291
822.915	0.22279
823.149	0.22306
823.382	0.22337
823.615	0.2233
823.849	0.22312
824.082	0.22306
824.315	0.22357
824.548	0.2229
824.782	0.22309
825.015	0.22289
825.248	0.22308
825.481	0.22369
825.715	0.22332
825.948	0.22306
826.181	0.2233
826.414	0.2233
826.647	0.22368
826.88	0.22343
827.113	0.22318
827.347	0.22395
827.58	0.22373
827.813	0.22407
828.046	0.22399
828.279	0.22389
828.512	0.22382
828.745	0.22429
828.978	0.22417
829.211	0.22387
829.444	0.2245
829.677	0.2239
829.91	0.22404
830.143	0.22401
830.376	0.22356
830.609	0.2241
830.842	0.22416
831.074	0.22401
831.307	0.22358
831.54	0.22397
831.773	0.22399
832.006	0.22397
832.239	0.22417
832.471	0.22479
832.704	0.22431
832.937	0.22448
833.17	0.22473
833.403	0.22492
833.635	0.22504
833.868	0.22471
834.101	0.22484
834.333	0.22511
834.566	0.22536
834.799	0.22524
835.031	0.22497
835.264	0.22543
835.497	0.22517
835.729	0.22522
835.962	0.2251
836.195	0.22499
836.427	0.22506
836.66	0.22493
836.892	0.22543
837.125	0.2246
837.357	0.22483
837.59	0.22508
837.822	0.22555
838.055	0.22525
838.287	0.225
838.52	0.22612
838.752	0.22573
838.985	0.22622
839.217	0.22567
839.449	0.22582
839.682	0.22639
839.914	0.22626
840.147	0.22641
840.379	0.22653
840.611	0.22625
840.844	0.22672
841.076	0.22657
841.308	0.22693
841.54	0.22592
841.773	0.2261
842.005	0.22597
842.237	0.22647
842.469	0.22632
842.702	0.22672
842.934	0.22597
843.166	0.22537
843.398	0.22655
843.63	0.22616
843.862	0.2265
844.095	0.22678
844.327	0.22698
844.559	0.22706
844.791	0.22739
845.023	0.22712
845.255	0.22756
845.487	0.22724
845.719	0.22785
845.951	0.22811
846.183	0.2282
846.415	0.22796
846.647	0.22848
846.879	0.22771
847.111	0.22734
847.343	0.2277
847.575	0.22706
847.807	0.22744
848.039	0.22731
848.271	0.22688
848.502	0.22735
848.734	0.22734
848.966	0.22763
849.198	0.22745
849.43	0.22725
849.662	0.22769
849.893	0.22755
850.125	0.22845
850.357	0.22795
850.589	0.22782
850.82	0.2283
851.052	0.22835
851.284	0.22882
851.516	0.2289
851.747	0.22904
851.979	0.22881
852.211	0.22877
852.442	0.22918
852.674	0.22934
852.905	0.22938
853.137	0.22902
853.369	0.22887
853.6	0.2291
853.832	0.22929
854.063	0.2287
854.295	0.22819
854.526	0.22879
854.758	0.22895
854.989	0.22893
855.221	0.22858
855.452	0.22871
855.684	0.22885
855.915	0.2289
856.146	0.22865
856.378	0.22904
856.609	0.22931
856.841	0.22957
857.072	0.2294
857.303	0.22901
857.535	0.22968
857.766	0.22974
857.997	0.23
858.229	0.22982
858.46	0.23001
858.691	0.23017
858.922	0.23031
859.154	0.2301
859.385	0.22999
859.616	0.23022
859.847	0.22987
860.078	0.22984
860.31	0.22972
860.541	0.22993
860.772	0.22938
861.003	0.22964
861.234	0.22969
861.465	0.22946
861.696	0.22978
861.927	0.22957
862.159	0.22963
862.39	0.22996
862.621	0.22995
862.852	0.23022
863.083	0.2302
863.314	0.23083
863.545	0.23096
863.776	0.23135
864.007	0.231
864.237	0.23113
864.468	0.23097
864.699	0.23119
864.93	0.23102
865.161	0.23085
865.392	0.23072
865.623	0.23092
865.854	0.23143
866.084	0.23089
866.315	0.23072
866.546	0.23118
866.777	0.23089
867.008	0.2305
867.238	0.23102
867.469	0.23044
867.7	0.23031
867.931	0.23078
868.161	0.23048
868.392	0.23066
868.623	0.23104
868.853	0.23121
869.084	0.23164
869.315	0.23171
869.545	0.23153
869.776	0.23146
870.006	0.23149
870.237	0.23179
870.468	0.23219
870.698	0.23193
870.929	0.232
871.159	0.23203
871.39	0.23203
871.62	0.2322
871.851	0.23145
872.081	0.23192
872.312	0.23161
872.542	0.2317
872.772	0.2319
873.003	0.23192
873.233	0.2314
873.464	0.23165
873.694	0.23142
873.924	0.23191
874.155	0.2316
874.385	0.23207
874.615	0.23199
874.846	0.23234
875.076	0.2324
875.306	0.23267
875.536	0.23274
875.767	0.23303
875.997	0.23298
876.227	0.23261
876.457	0.23321
876.688	0.23296
876.918	0.23277
877.148	0.23299
877.378	0.2329
877.608	0.23306
877.838	0.23267
878.068	0.23309
878.299	0.2328
878.529	0.2329
878.759	0.23257
878.989	0.23277
879.219	0.23265
879.449	0.233
879.679	0.2325
879.909	0.23262
880.139	0.23311
880.369	0.23283
880.599	0.23263
880.829	0.2327
881.059	0.23248
881.288	0.23324
881.518	0.23269
881.748	0.23327
881.978	0.2333
882.208	0.23347
882.438	0.23344
882.668	0.23349
882.897	0.23351
883.127	0.23368
883.357	0.23438
883.587	0.23368
883.817	0.23392
884.046	0.23398
884.276	0.23445
884.506	0.2343
884.736	0.23446
884.965	0.23411
885.195	0.23428
885.425	0.23414
885.654	0.23379
885.884	0.23415
886.113	0.2338
886.343	0.23373
886.573	0.23415
886.802	0.23398
887.032	0.23404
887.261	0.23362
887.491	0.2337
887.72	0.23414
887.95	0.23366
888.179	0.23416
888.409	0.2342
888.638	0.23438
888.868	0.23399
889.097	0.23405
889.327	0.23443
889.556	0.23429
889.786	0.23475
890.015	0.23452
890.244	0.2346
890.474	0.23506
890.703	0.23546
890.932	0.23494
891.162	0.23491
891.391	0.23503
891.62	0.23509
891.85	0.23517
892.079	0.23471
892.308	0.23495
892.537	0.2349
892.767	0.23485
892.996	0.23511
893.225	0.23572
893.454	0.23476
893.683	0.23497
893.912	0.23465
894.142	0.23458
894.371	0.23478
894.6	0.23511
894.829	0.23488
895.058	0.23521
895.287	0.2353
895.516	0.23533
895.745	0.23536
895.974	0.23546
896.203	0.23528
896.432	0.2359
896.661	0.23537
896.89	0.23553
897.119	0.23562
897.348	0.23562
897.577	0.23651
897.806	0.23547
898.035	0.23613
898.264	0.23597
898.492	0.23616
898.721	0.23612
898.95	0.23595
899.179	0.23602
899.408	0.23612
899.637	0.23594
899.865	0.23582
900.094	0.23539
900.323	0.23562
900.552	0.23545
900.78	0.2353
901.009	0.23533
901.238	0.23528
901.467	0.23541
901.695	0.23523
901.924	0.23557
902.152	0.23548
902.381	0.23562
902.61	0.23553
902.838	0.23578
903.067	0.23601
903.296	0.23535
903.524	0.23634
903.753	0.23616
903.981	0.23639
904.21	0.23662
904.438	0.23673
904.667	0.23644
904.895	0.23644
905.124	0.23682
905.352	0.23618
905.581	0.23604
905.809	0.23609
906.037	0.23623
906.266	0.2362
906.494	0.23573
906.723	0.23552
906.951	0.23602
907.179	0.23557
907.408	0.23613
907.636	0.23567
907.864	0.23585
908.092	0.23549
908.321	0.23615
908.549	0.2361
908.777	0.23634
909.005	0.23622
909.234	0.23622
909.462	0.23658
909.69	0.23674
909.918	0.23668
910.146	0.23713
910.374	0.23708
910.603	0.23683
910.831	0.23719
911.059	0.23715
911.287	0.23648
911.515	0.23694
911.743	0.23685
911.971	0.23717
912.199	0.23683
912.427	0.23689
912.655	0.23679
912.883	0.23652
913.111	0.23671
913.339	0.23673
913.567	0.23679
913.795	0.2363
914.023	0.2366
914.251	0.23666
914.479	0.23671
914.707	0.23676
914.934	0.23678
915.162	0.23689
915.39	0.23685
915.618	0.23673
915.846	0.23721
916.074	0.23719
916.301	0.23673
916.529	0.23724
916.757	0.23702
916.985	0.23699
917.212	0.23724
917.44	0.23694
917.668	0.23706
917.895	0.23678
918.123	0.23692
918.351	0.23643
918.578	0.23696
918.806	0.23648
919.034	0.2367
919.261	0.23693
919.489	0.23659
919.716	0.23619
919.944	0.23646
920.171	0.23665
920.399	0.23629
920.626	0.23659
920.854	0.2364
921.081	0.23592
921.309	0.23663
921.536	0.23653
921.764	0.23697
921.991	0.23652
922.219	0.23667
922.446	0.23668
922.673	0.23688
922.901	0.23681
923.128	0.23702
923.355	0.23703
923.583	0.23726
923.81	0.23683
924.037	0.23739
924.265	0.23721
924.492	0.23731
924.719	0.23688
924.946	0.23714
925.174	0.23709
925.401	0.23734
925.628	0.23672
925.855	0.23677
926.082	0.23651
926.31	0.23684
926.537	0.23655
926.764	0.23648
926.991	0.23661
927.218	0.23646
927.445	0.23637
927.672	0.23617
927.899	0.23605
928.126	0.23613
928.353	0.23662
928.58	0.23622
928.807	0.2365
929.034	0.23668
929.261	0.23633
929.488	0.23688
929.715	0.23686
929.942	0.23692
930.169	0.23653
930.396	0.23701
930.623	0.23677
930.85	0.2363
931.077	0.23662
931.304	0.23633
931.53	0.23648
931.757	0.23608
931.984	0.23626
932.211	0.23628
932.438	0.23591
932.664	0.23565
932.891	0.23576
933.118	0.23582
933.345	0.23551
933.571	0.23563
933.798	0.23505
934.025	0.23544
934.251	0.23545
934.478	0.23557
934.705	0.236
934.931	0.23578
935.158	0.23579
935.384	0.23549
935.611	0.2355
935.838	0.23526
936.064	0.23573
936.291	0.23535
936.517	0.23514
936.744	0.23544
936.97	0.23588
937.197	0.2355
937.423	0.23542
937.65	0.23568
937.876	0.23517
938.103	0.23549
938.329	0.23543
938.555	0.23521
938.782	0.23515
939.008	0.23504
939.234	0.23514
939.461	0.23484
939.687	0.23472
939.913	0.23486
940.14	0.23454
940.366	0.23456
940.592	0.23455
940.819	0.23403
941.045	0.23427
941.271	0.2341
941.497	0.23398
941.723	0.23432
941.95	0.23386
942.176	0.23411
942.402	0.23396
942.628	0.2343
942.854	0.23379
943.08	0.23382
943.306	0.23359
943.533	0.23417
943.759	0.23399
943.985	0.23398
944.211	0.23404
944.437	0.23391
944.663	0.23373
944.889	0.23376
945.115	0.23359
945.341	0.23366
945.567	0.23358
945.793	0.23331
946.019	0.23324
946.244	0.23269
946.47	0.23291
946.696	0.23264
946.922	0.23258
947.148	0.23208
947.374	0.23242
947.6	0.23214
947.825	0.23214
948.051	0.2318
948.277	0.23186
948.503	0.23173
948.729	0.23191
948.954	0.23164
949.18	0.23174
949.406	0.23158
949.631	0.23162
949.857	0.23187
950.083	0.23154
950.309	0.23178
950.534	0.23148
950.76	0.23202
950.985	0.23124
951.211	0.23136
951.437	0.231
951.662	0.23075
951.888	0.23097
952.113	0.23032
952.339	0.23035
952.564	0.22979
952.79	0.22943
953.015	0.2295
953.241	0.22953
953.466	0.22926
953.692	0.22901
953.917	0.22906
954.143	0.22833
954.368	0.22866
954.593	0.22872
954.819	0.22804
955.044	0.22846
955.269	0.2282
955.495	0.22807
955.72	0.22746
955.945	0.22767
956.171	0.22734
956.396	0.22754
956.621	0.22736
956.847	0.22702
957.072	0.22706
957.297	0.22658
957.522	0.2275
957.747	0.2264
957.973	0.22628
958.198	0.22603
958.423	0.22651
958.648	0.22597
958.873	0.22535
959.098	0.22562
959.323	0.22563
959.548	0.22518
959.773	0.22559
959.999	0.22504
960.224	0.22495
960.449	0.22522
960.674	0.22471
960.899	0.22476
961.124	0.22473
961.349	0.2245
961.574	0.22433
961.798	0.22471
962.023	0.22427
962.248	0.2242
962.473	0.22431
962.698	0.22398
962.923	0.22425
963.148	0.22398
963.373	0.22397
963.597	0.22375
963.822	0.22386
964.047	0.22384
964.272	0.22394
964.497	0.22401
964.721	0.22365
964.946	0.22367
965.171	0.22337
965.395	0.22353
965.62	0.22306
965.845	0.22323
966.07	0.22338
966.294	0.22309
966.519	0.22327
966.743	0.22289
966.968	0.22284
967.193	0.22314
967.417	0.22314
967.642	0.22311
967.866	0.22257
968.091	0.22252
968.315	0.22315
968.54	0.22284
968.764	0.22274
968.989	0.22284
969.213	0.22268
969.438	0.22286
969.662	0.22259
969.887	0.22275
970.111	0.22265
970.336	0.22309
970.56	0.22285
970.784	0.22285
971.009	0.22308
971.233	0.22247
971.457	0.22324
971.682	0.22313
971.906	0.22309
972.13	0.22294
972.354	0.22253
972.579	0.22248
972.803	0.22274
973.027	0.22277
973.251	0.22246
973.476	0.2228
973.7	0.22253
973.924	0.22256
974.148	0.22219
974.372	0.22232
974.596	0.2225
974.82	0.22223
975.045	0.2227
975.269	0.22237
975.493	0.22251
975.717	0.22224
975.941	0.22233
976.165	0.22242
976.389	0.22274
976.613	0.22253
976.837	0.22257
977.061	0.22292
977.285	0.22253
977.509	0.22273
977.733	0.22297
977.957	0.22268
978.18	0.22223
978.404	0.22213
978.628	0.22229
978.852	0.22316
979.076	0.22242
979.3	0.2223
979.523	0.22272
979.747	0.2224
979.971	0.22261
980.195	0.22226
980.419	0.2222
980.642	0.2225
980.866	0.22244
981.09	0.22249
981.313	0.22235
981.537	0.22229
981.761	0.22296
981.984	0.22276
982.208	0.22292
982.432	0.2235
982.655	0.2232
982.879	0.22354
983.103	0.22328
983.326	0.22349
983.55	0.22303
983.773	0.2232
983.997	0.2234
984.22	0.22323
984.444	0.22339
984.667	0.22329
984.891	0.22358
985.114	0.2232
985.338	0.22326
985.561	0.22283
985.784	0.22324
986.008	0.22314
986.231	0.22346
986.455	0.22278
986.678	0.22335
986.901	0.22401
987.125	0.2235
987.348	0.22394
987.571	0.22369
987.794	0.22415
988.018	0.22366
988.241	0.22357
988.464	0.22402
988.687	0.22394
988.911	0.22378
989.134	0.22389
989.357	0.22386
989.58	0.22393
989.803	0.22412
990.027	0.22393
990.25	0.22428
990.473	0.22418
990.696	0.22417
990.919	0.22508
991.142	0.22513
991.365	0.22471
991.588	0.22488
991.811	0.22506
992.034	0.22475
992.257	0.22538
992.48	0.22464
992.703	0.22509
992.926	0.22499
993.149	0.22473
993.372	0.22528
993.595	0.22439
993.818	0.22452
994.041	0.22538
994.263	0.22522
994.486	0.22527
994.709	0.22584
994.932	0.22579
995.155	0.22575
995.378	0.22631
995.6	0.22571
995.823	0.22641
996.046	0.22547
996.269	0.22573
996.491	0.22615
996.714	0.22625
996.937	0.22606
997.159	0.22624
997.382	0.2267
997.605	0.22666
997.827	0.22712
998.05	0.22689
998.273	0.22685
998.495	0.22707
998.718	0.22684
998.94	0.22734
999.163	0.22697
999.386	0.22748
999.608	0.22726
999.831	0.22778
1000.05	0.22787
1000.28	0.2282
1000.5	0.22812
1000.72	0.22827
1000.94	0.22793
1001.17	0.22834
1001.39	0.22802
1001.61	0.22778
1001.83	0.22808
1002.05	0.22828
1002.28	0.22833
1002.5	0.22881
1002.72	0.22801
1002.94	0.22873
1003.17	0.2287
1003.39	0.22811
1003.61	0.22849
1003.83	0.22818
1004.06	0.22864
1004.28	0.22833
1004.5	0.22846
1004.72	0.2278
1004.94	0.22917
1005.17	0.22905
1005.39	0.2286