400.605	0.0153
400.722	0.01524
400.84	0.0153
400.958	0.01539
401.075	0.01525
401.193	0.01527
401.311	0.0153
401.429	0.01536
401.546	0.01532
401.664	0.01529
401.782	0.01532
401.899	0.01534
402.017	0.0154
402.135	0.01532
402.252	0.01535
402.37	0.01539
402.488	0.01541
402.605	0.0154
402.723	0.01546
402.841	0.01545
402.958	0.01545
403.076	0.01545
403.194	0.01546
403.311	0.01554
403.429	0.01557
403.546	0.01558
403.664	0.01561
403.782	0.01558
403.899	0.01557
404.017	0.01564
404.134	0.01568
404.252	0.01565
404.369	0.01571
404.487	0.01576
404.604	0.0158
404.722	0.0158
404.839	0.0159
404.957	0.01596
405.074	0.01596
405.192	0.01607
405.309	0.01608
405.427	0.01607
405.544	0.01612
405.662	0.01604
405.779	0.01605
405.897	0.01604
406.014	0.01615
406.132	0.0161
406.249	0.01608
406.367	0.0161
406.484	0.01612
406.601	0.01615
406.719	0.01615
406.836	0.01618
406.954	0.01619
407.071	0.01617
407.188	0.01618
407.306	0.01627
407.423	0.01627
407.541	0.01633
407.658	0.01628
407.775	0.0163
407.893	0.01635
408.01	0.01632
408.127	0.01644
408.245	0.01642
408.362	0.01646
408.479	0.01643
408.597	0.01645
408.714	0.01648
408.831	0.01655
408.949	0.01655
409.066	0.01662
409.183	0.01664
409.3	0.01661
409.418	0.01666
409.535	0.0167
409.652	0.01673
409.769	0.01675
409.887	0.01676
410.004	0.01686
410.121	0.01686
410.238	0.01689
410.355	0.01692
410.473	0.01697
410.59	0.01702
410.707	0.01704
410.824	0.01711
410.941	0.01716
411.059	0.01716
411.176	0.01721
411.293	0.01718
411.41	0.01725
411.527	0.01728
411.644	0.01732
411.761	0.01738
411.879	0.01735
411.996	0.01745
412.113	0.01754
412.23	0.01756
412.347	0.01757
412.464	0.01759
412.581	0.01767
412.698	0.01768
412.815	0.0177
412.932	0.01772
413.049	0.01781
413.166	0.01788
413.284	0.01786
413.401	0.01795
413.518	0.01797
413.635	0.01795
413.752	0.01809
413.869	0.01809
413.986	0.01819
414.103	0.01814
414.22	0.01816
414.337	0.01823
414.454	0.0182
414.571	0.01828
414.688	0.01829
414.804	0.01833
414.921	0.01836
415.038	0.01833
415.155	0.01839
415.272	0.01845
415.389	0.01845
415.506	0.01846
415.623	0.01853
415.74	0.01858
415.857	0.0186
415.974	0.01855
416.091	0.01866
416.207	0.01868
416.324	0.01868
416.441	0.01867
416.558	0.01865
416.675	0.01872
416.792	0.01876
416.908	0.01873
417.025	0.01877
417.142	0.01878
417.259	0.0188
417.376	0.01878
417.493	0.01881
417.609	0.01883
417.726	0.01889
417.843	0.01889
417.96	0.01889
418.076	0.01885
418.193	0.01892
418.31	0.01891
418.427	0.01891
418.543	0.0189
418.66	0.01894
418.777	0.01889
418.894	0.01894
419.01	0.01899
419.127	0.01897
419.244	0.01897
419.36	0.01902
419.477	0.019
419.594	0.019
419.71	0.01896
419.827	0.01901
419.944	0.01905
420.06	0.01909
420.177	0.01907
420.294	0.01908
420.41	0.01909
420.527	0.01906
420.644	0.01909
420.76	0.01908
420.877	0.0191
420.993	0.01908
421.11	0.01911
421.227	0.01912
421.343	0.01917
421.46	0.01917
421.576	0.01914
421.693	0.01915
421.809	0.01921
421.926	0.0192
422.043	0.01921
422.159	0.01924
422.276	0.01922
422.392	0.0192
422.509	0.01918
422.625	0.01922
422.742	0.01923
422.858	0.01931
422.975	0.01927
423.091	0.01935
423.208	0.01937
423.324	0.01935
423.44	0.01935
423.557	0.01947
423.673	0.01946
423.79	0.01949
423.906	0.01951
424.023	0.01951
424.139	0.01949
424.255	0.01947
424.372	0.01947
424.488	0.01944
424.605	0.01947
424.721	0.01948
424.837	0.01948
424.954	0.0196
425.07	0.01957
425.186	0.01957
425.303	0.01959
425.419	0.01959
425.536	0.01963
425.652	0.01963
425.768	0.01961
425.884	0.01964
426.001	0.01966
426.117	0.01965
426.233	0.01966
426.35	0.01967
426.466	0.01968
426.582	0.01975
426.698	0.01975
426.815	0.01976
426.931	0.01979
427.047	0.01974
427.163	0.01971
427.28	0.01973
427.396	0.01974
427.512	0.01974
427.628	0.01974
427.745	0.0198
427.861	0.01983
427.977	0.01983
428.093	0.01983
428.209	0.01981
428.325	0.01984
428.442	0.0198
428.558	0.0198
428.674	0.01984
428.79	0.01983
428.906	0.01987
429.022	0.01982
429.138	0.01993
429.255	0.01991
429.371	0.0199
429.487	0.01992
429.603	0.0199
429.719	0.01988
429.835	0.01993
429.951	0.01987
430.067	0.01991
430.183	0.01989
430.299	0.01995
430.415	0.01992
430.531	0.01995
430.647	0.01996
430.764	0.01999
430.88	0.01997
430.996	0.01998
431.112	0.01999
431.228	0.01993
431.344	0.01993
431.46	0.01999
431.576	0.02004
431.691	0.02008
431.807	0.02
431.923	0.02004
432.039	0.02009
432.155	0.02008
432.271	0.02005
432.387	0.02006
432.503	0.02013
432.619	0.02007
432.735	0.02012
432.851	0.0201
432.967	0.0201
433.083	0.02016
433.199	0.02019
433.314	0.02019
433.43	0.02015
433.546	0.0202
433.662	0.02018
433.778	0.02027
433.894	0.0203
434.01	0.02028
434.125	0.0203
434.241	0.02031
434.357	0.02028
434.473	0.02033
434.516	0.01951
434.632	0.01952
434.748	0.01951
434.864	0.01953
434.98	0.01952
435.096	0.01959
435.212	0.01965
435.328	0.01961
435.444	0.01964
435.56	0.01969
435.675	0.01967
435.791	0.01968
435.907	0.01972
436.023	0.01975
436.139	0.01972
436.255	0.01977
436.37	0.01975
436.486	0.01978
436.602	0.01979
436.718	0.01981
436.834	0.01984
436.95	0.01982
437.065	0.01982
437.181	0.01986
437.297	0.01988
437.413	0.01996
437.528	0.01988
437.644	0.01995
437.76	0.02003
437.876	0.01997
437.991	0.01994
438.107	0.02001
438.223	0.02002
438.338	0.02002
438.454	0.02008
438.57	0.02011
438.686	0.02006
438.801	0.02011
438.917	0.02011
439.033	0.02012
439.148	0.02018
439.264	0.02017
439.38	0.02017
439.495	0.0202
439.611	0.02024
439.726	0.0202
439.842	0.02025
439.958	0.0203
440.073	0.02027
440.189	0.02036
440.305	0.02035
440.42	0.02035
440.536	0.02042
440.651	0.02037
440.767	0.02037
440.882	0.02041
440.998	0.02044
441.114	0.02041
441.229	0.02044
441.345	0.02047
441.46	0.02047
441.576	0.02048
441.691	0.02048
441.807	0.02052
441.922	0.0205
442.038	0.02053
442.153	0.02054
442.269	0.02057
442.384	0.0206
442.5	0.02062
442.615	0.02061
442.73	0.02059
442.846	0.02059
442.961	0.02063
443.077	0.02062
443.192	0.02071
443.308	0.02068
443.423	0.02069
443.538	0.02072
443.654	0.02068
443.769	0.0207
443.885	0.02071
444	0.02068
444.115	0.0207
444.231	0.02073
444.346	0.02072
444.461	0.02074
444.577	0.02073
444.692	0.02076
444.807	0.02082
444.923	0.02079
445.038	0.0208
445.153	0.02083
445.269	0.02087
445.384	0.02087
445.499	0.0209
445.614	0.02081
445.73	0.02092
445.845	0.02092
445.96	0.02092
446.075	0.02095
446.191	0.02095
446.306	0.02091
446.421	0.02093
446.536	0.02094
446.652	0.02094
446.767	0.02094
446.882	0.021
446.997	0.02099
447.112	0.02101
447.228	0.02103
447.343	0.02101
447.458	0.02103
447.573	0.02103
447.688	0.021
447.803	0.0211
447.919	0.02109
448.034	0.02107
448.149	0.02106
448.264	0.02106
448.379	0.02112
448.494	0.0211
448.609	0.02113
448.724	0.02113
448.839	0.02118
448.954	0.02114
449.07	0.0212
449.185	0.02113
449.3	0.02115
449.415	0.02116
449.53	0.02111
449.645	0.02116
449.76	0.02115
449.875	0.02117
449.99	0.02119
450.105	0.02119
450.22	0.02119
450.335	0.0212
450.45	0.02121
450.565	0.02118
450.68	0.02125
450.795	0.02125
450.91	0.02126
451.025	0.02126
451.14	0.02122
451.255	0.02125
451.369	0.02124
451.484	0.02128
451.599	0.02127
451.714	0.02129
451.829	0.02128
451.944	0.0213
452.059	0.02127
452.174	0.02131
452.289	0.02126
452.404	0.02127
452.518	0.02133
452.633	0.0213
452.748	0.02128
452.863	0.0213
452.978	0.0213
453.093	0.02132
453.207	0.02129
453.322	0.02127
453.437	0.02131
453.552	0.02131
453.667	0.02132
453.781	0.02133
453.896	0.02134
454.011	0.02127
454.126	0.02129
454.24	0.02128
454.355	0.02129
454.47	0.02134
454.585	0.02131
454.699	0.0213
454.814	0.02132
454.929	0.02127
455.044	0.02133
455.158	0.02129
455.273	0.02135
455.388	0.02131
455.502	0.02134
455.617	0.02131
455.732	0.02127
455.846	0.02129
455.961	0.02137
456.076	0.02131
456.19	0.02131
456.305	0.02126
456.42	0.02135
456.534	0.02127
456.649	0.02131
456.763	0.02129
456.878	0.02131
456.993	0.02131
457.13	0.02087
457.245	0.02088
457.36	0.02087
457.475	0.02084
457.589	0.02087
457.704	0.02083
457.819	0.02083
457.934	0.02086
458.049	0.02084
458.163	0.02083
458.278	0.02082
458.393	0.02083
458.508	0.02078
458.622	0.02077
458.737	0.02077
458.852	0.0208
458.966	0.02079
459.081	0.02073
459.196	0.02078
459.311	0.02079
459.425	0.02077
459.54	0.02073
459.655	0.02078
459.769	0.02076
459.884	0.02071
459.999	0.02074
460.113	0.02073
460.228	0.0207
460.343	0.02072
460.457	0.02076
460.572	0.02071
460.686	0.02064
460.801	0.02071
460.916	0.02074
461.03	0.02074
461.145	0.02072
461.259	0.02072
461.374	0.02074
461.488	0.02072
461.603	0.02074
461.718	0.02081
461.832	0.02079
461.947	0.02068
462.061	0.02071
462.176	0.02076
462.29	0.02068
462.405	0.02072
462.519	0.02068
462.634	0.02069
462.748	0.02069
462.863	0.02073
462.977	0.02071
463.092	0.02068
463.206	0.0207
463.321	0.02068
463.435	0.0207
463.549	0.02075
463.664	0.0207
463.778	0.02068
463.893	0.02065
464.007	0.02073
464.121	0.0207
464.236	0.02061
464.35	0.02067
464.465	0.02069
464.579	0.02062
464.693	0.02064
464.808	0.02065
464.922	0.02065
465.036	0.0206
465.151	0.02061
465.265	0.02059
465.379	0.02062
465.494	0.02054
465.608	0.0206
465.722	0.02058
465.837	0.02056
465.951	0.02056
466.065	0.0206
466.18	0.02058
466.294	0.02056
466.408	0.02056
466.522	0.02055
466.637	0.02061
466.751	0.02055
466.865	0.02056
466.979	0.02057
467.094	0.02058
467.208	0.02059
467.322	0.02056
467.436	0.02056
467.55	0.02059
467.664	0.02053
467.779	0.02053
467.893	0.02051
468.007	0.02057
468.121	0.0206
468.235	0.02049
468.349	0.02055
468.464	0.02054
468.578	0.02053
468.692	0.02055
468.806	0.02052
468.92	0.02057
469.034	0.02055
469.148	0.02053
469.262	0.02057
469.376	0.02053
469.491	0.02052
469.605	0.02048
469.719	0.02048
469.833	0.02051
469.947	0.0205
470.061	0.02049
470.175	0.02052
470.289	0.0205
470.403	0.02045
470.517	0.02048
470.631	0.02049
470.745	0.02049
470.859	0.02049
470.973	0.02045
471.087	0.02051
471.201	0.02048
471.315	0.02045
471.429	0.02047
471.543	0.02046
471.657	0.02046
471.77	0.02046
471.884	0.02044
471.998	0.02051
472.112	0.02047
472.226	0.02047
472.34	0.02047
472.454	0.02043
472.568	0.02051
472.682	0.02048
472.796	0.02047
472.909	0.02042
473.023	0.02048
473.137	0.02044
473.251	0.02047
473.365	0.02046
473.479	0.02049
473.592	0.02043
473.706	0.02046
473.82	0.0205
473.934	0.02051
474.048	0.02047
474.161	0.02044
474.275	0.02045
474.389	0.02047
474.503	0.02043
474.616	0.02043
474.73	0.02048
474.844	0.02041
474.958	0.02047
475.071	0.02044
475.185	0.02047
475.299	0.02043
475.413	0.02044
475.526	0.02048
475.64	0.02046
475.754	0.02047
475.867	0.02046
475.981	0.02042
476.095	0.02045
476.208	0.02043
476.322	0.02046
476.436	0.02051
476.549	0.02043
476.663	0.02044
476.776	0.02048
476.89	0.02047
477.004	0.02053
477.117	0.02045
477.231	0.02052
477.344	0.02048
477.458	0.0205
477.572	0.02052
477.685	0.02047
477.799	0.0205
477.912	0.02053
478.026	0.0205
478.139	0.0205
478.253	0.02055
478.366	0.02045
478.48	0.02053
478.593	0.02048
478.707	0.02051
478.82	0.02058
478.934	0.02059
479.047	0.02057
479.161	0.02048
479.274	0.02054
479.388	0.02049
479.501	0.02046
479.615	0.02049
479.728	0.0205
479.841	0.0205
479.955	0.02054
480.068	0.02051
480.182	0.02052
480.295	0.02057
480.409	0.02056
480.522	0.02053
480.635	0.02058
480.749	0.02054
480.862	0.02053
480.975	0.02057
481.089	0.02055
481.202	0.02055
481.315	0.02059
481.429	0.02055
481.542	0.02053
481.655	0.02055
481.769	0.02059
481.882	0.02058
481.995	0.02059
482.109	0.02058
482.222	0.0206
482.335	0.02054
482.448	0.0206
482.562	0.02058
482.675	0.02058
482.788	0.0206
482.901	0.0206
483.015	0.02063
483.128	0.0206
483.241	0.02064
483.354	0.02059
483.467	0.02059
483.581	0.02063
483.694	0.02064
483.807	0.0206
483.92	0.02058
484.033	0.02059
484.146	0.02059
484.26	0.02067
484.373	0.02063
484.486	0.02065
484.599	0.02061
484.712	0.02061
484.825	0.02062
484.938	0.02067
485.051	0.02065
485.165	0.02066
485.278	0.02066
485.391	0.02066
485.504	0.02071
485.617	0.02068
485.73	0.02067
485.843	0.02068
485.956	0.02075
486.069	0.02065
486.182	0.02069
486.295	0.02068
486.408	0.0207
486.521	0.02068
486.634	0.0207
486.747	0.02074
486.86	0.02076
486.973	0.02073
487.086	0.02073
487.199	0.02076
487.312	0.02079
487.425	0.02077
487.538	0.02082
487.651	0.02081
487.764	0.02078
487.877	0.02078
487.989	0.0208
488.102	0.02081
488.215	0.02082
488.328	0.0208
488.441	0.02085
488.554	0.02081
488.667	0.02085
488.78	0.02086
488.893	0.02088
489.005	0.02086
489.118	0.02088
489.231	0.0209
489.344	0.02086
489.457	0.02091
489.57	0.02087
489.682	0.02091
489.795	0.02095
489.908	0.02097
490.021	0.02095
490.133	0.02099
490.246	0.02094
490.359	0.02099
490.472	0.02099
490.584	0.02103
490.697	0.02102
490.81	0.02105
490.923	0.02103
491.035	0.02108
491.148	0.02106
491.261	0.02108
491.374	0.0211
491.486	0.02112
491.599	0.02116
491.712	0.02116
491.824	0.02116
491.937	0.02118
492.05	0.02116
492.162	0.02116
492.275	0.02117
492.387	0.02122
492.5	0.02124
492.613	0.02125
492.725	0.02127
492.838	0.02127
492.951	0.02132
493.063	0.02133
493.176	0.02136
493.288	0.02134
493.401	0.02145
493.513	0.02142
493.626	0.02146
493.738	0.02143
493.851	0.02145
493.964	0.02145
494.076	0.02143
494.189	0.02145
494.301	0.02146
494.414	0.02148
494.526	0.02148
494.639	0.02154
494.751	0.02154
494.864	0.0216
494.976	0.02163
495.088	0.02168
495.201	0.02162
495.313	0.02166
495.426	0.02167
495.538	0.02176
495.651	0.02173
495.763	0.02174
495.875	0.02183
495.988	0.02183
496.1	0.02184
496.213	0.02185
496.325	0.02192
496.437	0.02193
496.55	0.02191
496.662	0.0219
496.774	0.02196
496.887	0.02201
496.999	0.02201
497.111	0.02208
497.224	0.02208
497.336	0.02211
497.448	0.02213
497.561	0.02217
497.673	0.02215
497.785	0.02218
497.898	0.02224
498.01	0.02222
498.122	0.02221
498.234	0.02235
498.347	0.02235
498.459	0.02237
498.571	0.02242
498.683	0.0224
498.795	0.02248
498.908	0.02251
499.02	0.02251
499.132	0.02258
499.244	0.02261
499.356	0.02264
499.469	0.02263
499.581	0.02268
499.693	0.02271
499.805	0.02274
499.917	0.02274
500.029	0.02283
500.142	0.02283
500.254	0.02289
500.366	0.02294
500.478	0.02297
500.59	0.02302
500.702	0.02307
500.814	0.02306
500.926	0.02313
501.038	0.02312
501.15	0.02317
501.262	0.02323
501.375	0.02328
501.487	0.0233
501.599	0.02335
501.711	0.02345
501.823	0.02347
501.935	0.02347
502.047	0.0235
502.159	0.02358
502.271	0.02357
502.383	0.02366
502.495	0.02373
502.607	0.02378
502.719	0.02375
502.831	0.02386
502.942	0.02387
503.054	0.02389
503.166	0.02395
503.278	0.02399
503.39	0.02404
503.495	0.02433
503.607	0.02433
503.72	0.02439
503.832	0.02441
503.944	0.02448
504.056	0.02459
504.169	0.02457
504.281	0.02466
504.393	0.02469
504.505	0.02475
504.617	0.02479
504.73	0.02485
504.842	0.02492
504.954	0.02496
505.066	0.02496
505.178	0.02508
505.291	0.02512
505.403	0.02522
505.515	0.02522
505.627	0.02537
505.739	0.02539
505.851	0.02544
505.963	0.02548
506.076	0.02554
506.188	0.02561
506.3	0.02565
506.412	0.02574
506.524	0.02578
506.636	0.02586
506.748	0.02596
506.86	0.02602
506.972	0.02611
507.084	0.02616
507.196	0.02624
507.308	0.02638
507.42	0.02646
507.532	0.02649
507.644	0.02656
507.756	0.02663
507.868	0.02674
507.98	0.0268
508.092	0.0269
508.204	0.02698
508.316	0.02704
508.428	0.02716
508.54	0.02723
508.652	0.02732
508.764	0.02739
508.876	0.02738
508.988	0.02756
509.1	0.02759
509.212	0.02772
509.324	0.02782
509.436	0.02789
509.548	0.02798
509.659	0.0281
509.771	0.02811
509.883	0.02821
509.995	0.02831
510.107	0.0284
510.219	0.02849
510.331	0.02855
510.442	0.02871
510.554	0.02876
510.666	0.02883
510.778	0.02895
510.89	0.02904
511.001	0.02914
511.113	0.02921
511.225	0.02935
511.337	0.02946
511.449	0.02956
511.56	0.02969
511.672	0.02979
511.784	0.02987
511.896	0.02997
512.007	0.03006
512.119	0.03019
512.231	0.03032
512.342	0.03046
512.454	0.03052
512.566	0.03066
512.678	0.03071
512.789	0.03085
512.901	0.03096
513.013	0.0311
513.124	0.03119
513.236	0.03127
513.347	0.03142
513.459	0.03152
513.571	0.03169
513.682	0.03175
513.794	0.0319
513.906	0.032
514.017	0.03215
514.129	0.03227
514.24	0.03238
514.352	0.0325
514.464	0.03263
514.575	0.0327
514.687	0.03287
514.798	0.03298
514.91	0.03312
515.021	0.03322
515.133	0.03336
515.244	0.03354
515.356	0.03364
515.467	0.03375
515.579	0.0339
515.69	0.03407
515.802	0.0342
515.913	0.03432
516.025	0.03441
516.136	0.03455
516.248	0.0347
516.359	0.03481
516.471	0.03499
516.582	0.03513
516.693	0.0353
516.805	0.03539
516.916	0.03557
517.028	0.0356
517.139	0.03576
517.25	0.03599
517.362	0.03608
517.473	0.0362
517.584	0.03638
517.696	0.03649
517.807	0.03668
517.919	0.03679
518.03	0.037
518.141	0.03708
518.253	0.03723
518.364	0.03735
518.475	0.03743
518.586	0.0377
518.698	0.03775
518.809	0.03797
518.92	0.03809
519.032	0.03827
519.143	0.0384
519.254	0.03851
519.365	0.03867
519.477	0.03882
519.588	0.03893
519.699	0.03911
519.81	0.03926
519.921	0.03941
520.033	0.03956
520.144	0.03972
520.255	0.03987
520.366	0.04002
520.477	0.04025
520.589	0.04035
520.7	0.04043
520.811	0.04063
520.922	0.04076
521.033	0.04085
521.144	0.04102
521.255	0.04125
521.366	0.04129
521.478	0.04149
521.589	0.04159
521.7	0.04173
521.811	0.04191
521.922	0.04202
522.033	0.04213
522.144	0.04225
522.255	0.04246
522.366	0.04255
522.477	0.04268
522.588	0.04285
522.699	0.04297
522.81	0.04306
522.921	0.04325
523.032	0.04342
523.143	0.0435
523.254	0.04369
523.365	0.04384
523.476	0.04392
523.587	0.04403
523.698	0.04419
523.809	0.04435
523.92	0.04449
524.031	0.0446
524.142	0.04466
524.253	0.04486
524.364	0.04501
524.475	0.04512
524.586	0.04523
524.696	0.04544
524.807	0.04552
524.918	0.04572
525.029	0.04575
525.14	0.04583
525.251	0.04589
525.362	0.04596
525.472	0.04607
525.583	0.04627
525.694	0.04637
525.805	0.04655
525.916	0.0467
526.027	0.04679
526.137	0.04692
526.248	0.04701
526.359	0.04713
526.47	0.04716
526.58	0.04735
526.691	0.04742
526.802	0.0475
526.913	0.04764
527.023	0.04786
527.134	0.04784
527.245	0.04795
527.356	0.04809
527.466	0.04811
527.577	0.04828
527.688	0.04838
527.798	0.04844
527.909	0.04854
528.02	0.04876
528.13	0.04872
528.241	0.04888
528.352	0.04891
528.462	0.04905
528.573	0.04909
528.684	0.0492
528.794	0.0494
528.905	0.04941
529.015	0.04942
529.126	0.04954
529.237	0.04967
529.347	0.04974
529.458	0.04979
529.568	0.04988
529.679	0.05001
529.789	0.04997
529.9	0.05014
530.011	0.0502
530.121	0.05028
530.232	0.05038
530.342	0.05045
530.453	0.05056
530.563	0.05052
530.674	0.05064
530.784	0.05065
530.895	0.05068
531.005	0.0508
531.115	0.05084
531.226	0.0509
531.336	0.05103
531.447	0.05114
531.557	0.05117
531.668	0.05116
531.778	0.05123
531.889	0.05129
531.999	0.0514
532.109	0.05143
532.22	0.05144
532.33	0.05148
532.44	0.0516
532.551	0.05167
532.661	0.05168
532.772	0.05178
532.882	0.05173
532.992	0.05188
533.103	0.05187
533.213	0.05198
533.323	0.05202
533.433	0.05203
533.544	0.05213
533.654	0.05211
533.764	0.05219
533.875	0.05222
533.985	0.0523
534.095	0.05236
534.205	0.05237
534.316	0.05242
534.426	0.05249
534.536	0.05252
534.646	0.0525
534.757	0.05249
534.867	0.05265
534.977	0.05268
535.087	0.05271
535.197	0.05276
535.307	0.05285
535.418	0.05278
535.528	0.05288
535.638	0.05286
535.748	0.05287
535.858	0.0529
535.968	0.05301
536.079	0.05294
536.189	0.05307
536.299	0.05306
536.409	0.05316
536.519	0.05305
536.629	0.05314
536.739	0.0533
536.849	0.05319
536.959	0.05321
537.069	0.05327
537.179	0.0533
537.289	0.05329
537.399	0.05331
537.509	0.05334
537.619	0.0534
537.729	0.05346
537.839	0.05338
537.949	0.05357
538.059	0.0535
538.169	0.05356
538.279	0.05367
538.389	0.05365
538.499	0.05363
538.609	0.05368
538.719	0.05374
538.829	0.05368
538.939	0.05377
539.049	0.05374
539.159	0.05384
539.269	0.05382
539.379	0.05389
539.489	0.05373
539.599	0.05384
539.708	0.05386
539.818	0.05386
539.928	0.05391
540.038	0.05387
540.148	0.05397
540.258	0.05397
540.368	0.05396
540.477	0.05406
540.587	0.05412
540.697	0.05412
540.807	0.05412
540.917	0.0541
541.026	0.05411
541.136	0.05415
541.246	0.05418
541.356	0.05419
541.465	0.05429
541.575	0.05431
541.685	0.05431
541.795	0.05428
541.904	0.05433
542.014	0.0544
542.124	0.05445
542.234	0.0544
542.343	0.05445
542.453	0.05445
542.563	0.05447
542.672	0.05445
542.782	0.05456
542.892	0.05457
543.001	0.05455
543.111	0.05452
543.221	0.05462
543.33	0.05467
543.44	0.05464
543.549	0.0547
543.659	0.05473
543.769	0.05475
543.878	0.05483
543.988	0.05479
544.097	0.05484
544.207	0.0549
544.316	0.05492
544.426	0.05484
544.536	0.05499
544.645	0.05489
544.755	0.05501
544.864	0.05503
544.974	0.05497
545.083	0.05499
545.193	0.05507
545.302	0.05505
545.412	0.05515
545.521	0.05513
545.631	0.05516
545.74	0.05528
545.85	0.05524
545.959	0.05527
546.068	0.05529
546.178	0.05532
546.287	0.05542
546.397	0.05539
546.506	0.05539
546.615	0.05548
546.725	0.0555
546.834	0.05548
546.944	0.05563
547.053	0.0557
547.162	0.05562
547.272	0.05563
547.381	0.05566
547.49	0.05568
547.6	0.05573
547.709	0.05571
547.818	0.05578
547.928	0.05582
548.037	0.05585
548.146	0.05584
548.256	0.0559
548.365	0.05584
548.474	0.05598
548.583	0.05594
548.693	0.05603
548.802	0.05606
548.911	0.05606
549.02	0.05609
549.13	0.05617
549.239	0.05612
549.348	0.05616
549.457	0.05617
549.566	0.05621
549.676	0.05616
549.785	0.05631
549.894	0.05625
550.003	0.05626
550.112	0.05634
550.222	0.05644
550.331	0.05639
550.44	0.0564
550.549	0.05645
550.658	0.05648
550.767	0.05646
550.876	0.05647
550.985	0.05651
551.094	0.05659
551.204	0.05662
551.313	0.05658
551.422	0.05657
551.531	0.0567
551.64	0.05678
551.749	0.05677
551.858	0.05674
551.967	0.05673
552.076	0.05677
552.185	0.05666
552.294	0.0568
552.403	0.05671
552.512	0.05679
552.621	0.05683
552.73	0.05684
552.839	0.05683
552.948	0.05684
553.057	0.0569
553.166	0.05686
553.275	0.05696
553.384	0.05684
553.493	0.05692
553.601	0.05686
553.71	0.0569
553.819	0.05702
553.928	0.0569
554.037	0.05684
554.146	0.05694
554.255	0.05694
554.364	0.05693
554.473	0.05696
554.581	0.05697
554.69	0.05688
554.799	0.05692
554.908	0.05691
555.017	0.05682
555.126	0.05689
555.234	0.0569
555.343	0.05681
555.452	0.05688
555.561	0.0569
555.669	0.05679
555.778	0.05684
555.887	0.05684
555.996	0.05677
556.104	0.0568
556.213	0.05669
556.322	0.05674
556.431	0.05677
556.539	0.05673
556.648	0.05677
556.757	0.05661
556.865	0.05664
556.974	0.05673
557.083	0.05658
557.191	0.05657
557.3	0.0566
557.409	0.05655
557.517	0.05649
557.626	0.05643
557.735	0.05646
557.843	0.05638
557.952	0.05633
558.061	0.05635
558.169	0.05633
558.278	0.05634
558.386	0.05626
558.495	0.05618
558.603	0.05621
558.712	0.05616
558.821	0.05609
558.929	0.05602
559.038	0.05597
559.146	0.05601
559.255	0.056
559.363	0.05596
559.472	0.05596
559.58	0.05577
559.689	0.05586
559.797	0.05581
559.906	0.0557
560.014	0.05567
560.123	0.05569
560.231	0.05562
560.339	0.05568
560.448	0.05565
560.556	0.05553
560.665	0.05545
560.773	0.05545
560.882	0.05548
560.99	0.05534
561.098	0.05537
561.207	0.0552
561.315	0.05527
561.423	0.05525
561.532	0.05518
561.64	0.05511
561.749	0.05507
561.857	0.0551
561.965	0.05497
562.074	0.05491
562.182	0.05485
562.29	0.05476
562.398	0.0548
562.507	0.05471
562.615	0.05468
562.723	0.05464
562.832	0.05464
562.94	0.0545
563.048	0.05447
563.156	0.05442
563.265	0.05439
563.373	0.05429
563.481	0.05427
563.589	0.05421
563.697	0.05412
563.806	0.05414
563.914	0.05408
564.022	0.05395
564.13	0.05384
564.238	0.0539
564.347	0.05383
564.455	0.05369
564.563	0.05361
564.671	0.0536
564.779	0.05353
564.887	0.0534
564.995	0.05348
565.103	0.05337
565.212	0.05328
565.32	0.05324
565.428	0.05315
565.536	0.05311
565.644	0.05311
565.752	0.05294
565.86	0.05291
565.968	0.0528
566.076	0.05268
566.184	0.05258
566.292	0.05263
566.4	0.05253
566.508	0.05252
566.616	0.0524
566.724	0.05231
566.832	0.05221
566.94	0.05221
567.048	0.05207
567.156	0.05201
567.264	0.05195
567.372	0.05184
567.48	0.05174
567.588	0.05176
567.696	0.0517
567.804	0.05156
567.912	0.05153
568.019	0.05136
568.127	0.05134
568.235	0.05132
568.343	0.05126
568.451	0.05109
568.559	0.0509
568.667	0.05096
568.775	0.05087
568.882	0.05082
568.99	0.05068
569.098	0.05062
569.206	0.05054
569.314	0.05042
569.421	0.0504
569.529	0.05035
569.637	0.05024
569.745	0.05011
569.853	0.05007
569.96	0.05
570.068	0.04991
570.176	0.04982
570.284	0.04976
570.391	0.04964
570.499	0.0496
570.607	0.0495
570.714	0.04941
570.822	0.04941
570.93	0.0493
571.038	0.04923
571.145	0.0492
571.253	0.04902
571.361	0.04892
571.468	0.0489
571.576	0.04873
571.683	0.04872
571.791	0.04864
571.899	0.04855
572.006	0.04852
572.114	0.04844
572.222	0.04834
572.329	0.04833
572.437	0.04814
572.544	0.04804
572.652	0.048
572.759	0.04796
572.867	0.04787
572.975	0.0478
573.082	0.04783
573.19	0.04765
573.297	0.04758
573.405	0.04745
573.512	0.04744
573.62	0.04735
573.727	0.04726
573.835	0.04714
573.942	0.04715
574.05	0.04714
574.157	0.04708
574.265	0.04692
574.372	0.04682
574.479	0.04687
574.587	0.0468
574.694	0.04676
574.802	0.04667
574.909	0.04655
575.016	0.04649
575.124	0.04651
575.231	0.04636
575.339	0.04633
575.446	0.04626
575.553	0.04619
575.661	0.04611
575.768	0.04604
575.875	0.04599
575.983	0.04596
576.09	0.04592
576.197	0.04581
576.305	0.04576
576.412	0.04572
576.519	0.04567
576.627	0.04552
576.734	0.04555
576.841	0.0455
576.948	0.0454
577.056	0.04537
577.163	0.04525
577.27	0.04531
577.377	0.0452
577.485	0.04512
577.592	0.04507
577.699	0.04508
577.806	0.04492
577.913	0.04499
578.021	0.04491
578.128	0.04484
578.235	0.0448
578.342	0.04468
578.449	0.04469
578.556	0.04461
578.664	0.04462
578.771	0.04455
578.878	0.04444
578.985	0.04443
579.092	0.04444
579.199	0.04436
579.306	0.04431
579.413	0.04428
579.52	0.04421
579.627	0.04416
579.734	0.04418
579.842	0.04411
579.949	0.04403
580.056	0.04399
580.163	0.04398
580.27	0.04396
580.377	0.04384
580.484	0.04381
580.591	0.04375
580.698	0.04375
580.805	0.04372
580.912	0.04366
581.019	0.04371
581.126	0.04359
581.232	0.04359
581.339	0.04353
581.446	0.0435
581.553	0.04343
581.66	0.0434
581.767	0.0434
581.874	0.04336
581.981	0.04329
582.088	0.04321
582.195	0.04322
582.302	0.04317
582.408	0.04314
582.515	0.04315
582.622	0.04312
582.729	0.04299
582.836	0.04295
582.943	0.04296
583.05	0.04292
583.156	0.04292
583.263	0.04284
583.37	0.04281
583.477	0.04279
583.583	0.04276
583.69	0.04271
583.797	0.04271
583.904	0.04269
584.011	0.04267
584.117	0.04258
584.224	0.04249
584.331	0.04253
584.437	0.0425
584.544	0.04244
584.651	0.0424
584.758	0.04241
584.864	0.04237
584.971	0.04232
585.078	0.04223
585.184	0.04226
585.291	0.04226
585.398	0.04217
585.504	0.04215
585.611	0.04214
585.718	0.04206
585.824	0.04202
585.931	0.04206
586.037	0.04199
586.144	0.04195
586.251	0.04196
586.357	0.04199
586.464	0.04186
586.57	0.04182
586.677	0.04182
586.783	0.04186
586.89	0.0418
586.996	0.04173
587.103	0.04168
587.209	0.04172
587.316	0.04167
587.422	0.0417
587.529	0.04163
587.635	0.04166
587.742	0.04157
587.848	0.04162
587.955	0.04161
588.061	0.04156
588.168	0.04152
588.274	0.0415
588.381	0.04149
588.487	0.04141
588.594	0.04146
588.7	0.04136
588.806	0.04138
588.913	0.04133
589.019	0.04126
589.125	0.0413
589.232	0.04133
589.338	0.04121
589.445	0.04119
589.551	0.04121
589.657	0.04113
589.764	0.04113
589.87	0.04104
589.976	0.04106
590.083	0.04108
590.189	0.041
590.295	0.04103
590.401	0.041
590.508	0.0409
590.614	0.04096
590.72	0.04096
590.826	0.04091
590.933	0.04095
591.039	0.04098
591.145	0.04085
591.251	0.04089
591.358	0.04081
591.464	0.04081
591.57	0.04084
591.676	0.04074
591.782	0.04077
591.889	0.04076
591.995	0.04074
592.101	0.04076
592.207	0.04073
592.313	0.04067
592.419	0.04075
592.525	0.04071
592.632	0.04073
592.738	0.04067
592.844	0.04065
592.95	0.04067
593.056	0.04063
593.162	0.04059
593.268	0.04059
593.374	0.04061
593.48	0.04054
593.586	0.04054
593.692	0.04057
593.798	0.0405
593.904	0.04054
594.01	0.04049
594.117	0.04047
594.223	0.04047
594.329	0.04048
594.435	0.04049
594.54	0.04049
594.646	0.04047
594.752	0.04043
594.858	0.04039
594.964	0.04042
595.07	0.04041
595.176	0.04039
595.282	0.04042
595.388	0.04037
595.494	0.04039
595.6	0.04038
595.706	0.04037
595.812	0.04043
595.918	0.04036
596.023	0.04035
596.129	0.04031
596.235	0.04032
596.341	0.04037
596.447	0.04029
596.553	0.04036
596.659	0.04034
596.764	0.0403
596.87	0.04028
596.976	0.04027
597.082	0.04017
597.188	0.04029
597.293	0.04027
597.399	0.04024
597.505	0.04026
597.611	0.04021
597.716	0.04017
597.822	0.04021
597.928	0.04018
598.034	0.04012
598.139	0.04017
598.245	0.04021
598.351	0.0402
598.456	0.04014
598.562	0.04018
598.668	0.0402
598.773	0.04017
598.879	0.04014
598.985	0.04013
599.09	0.04012
599.196	0.04012
599.302	0.04012
599.407	0.04007
599.513	0.04014
599.618	0.04007
599.724	0.04006
599.83	0.04001
599.935	0.04005
600.041	0.04004
600.146	0.04
600.252	0.03999
600.358	0.03997
600.463	0.04001
600.569	0.03992
600.674	0.03995
600.78	0.03995
600.885	0.03997
600.991	0.03994
601.096	0.03981
601.202	0.03988
601.307	0.03988
601.413	0.03987
601.518	0.03992
601.624	0.03985
601.729	0.03983
601.834	0.03983
601.94	0.03986
602.045	0.0398
602.151	0.03984
602.256	0.03978
602.362	0.03982
602.467	0.03972
602.572	0.03975
602.678	0.03972
602.783	0.03969
602.888	0.03977
602.994	0.03972
603.099	0.03972
603.205	0.03967
603.31	0.03968
603.415	0.03968
603.521	0.03961
603.626	0.03957
603.731	0.03962
603.836	0.03959
603.942	0.03959
604.047	0.03955
604.152	0.03948
604.258	0.03949
604.363	0.03952
604.468	0.03947
604.573	0.03947
604.679	0.03947
604.784	0.03933
604.889	0.03944
604.994	0.03928
605.099	0.03931
605.205	0.03932
605.31	0.03929
605.415	0.03922
605.52	0.03918
605.625	0.03919
605.73	0.03917
605.836	0.03924
605.941	0.03918
606.046	0.03916
606.151	0.03913
606.256	0.03906
606.361	0.03903
606.466	0.03902
606.571	0.03898
606.694	0.04002
606.8	0.03998
606.906	0.03996
607.012	0.03993
607.118	0.03986
607.224	0.0399
607.331	0.03987
607.437	0.03979
607.543	0.03972
607.649	0.03979
607.755	0.03976
607.861	0.0397
607.967	0.03971
608.073	0.03961
608.179	0.0396
608.285	0.03962
608.391	0.0395
608.497	0.03947
608.603	0.03947
608.709	0.03942
608.815	0.03939
608.921	0.03934
609.027	0.03928
609.133	0.0393
609.239	0.03925
609.345	0.03919
609.451	0.03922
609.557	0.03916
609.663	0.03919
609.768	0.03912
609.874	0.03906
609.98	0.03906
610.086	0.03904
610.192	0.03899
610.298	0.03903
610.404	0.03901
610.51	0.03888
610.615	0.03894
610.721	0.0389
610.827	0.03887
610.933	0.03888
611.039	0.03879
611.145	0.03872
611.25	0.03877
611.356	0.0387
611.462	0.0387
611.568	0.03874
611.674	0.03858
611.779	0.03859
611.885	0.03857
611.991	0.03853
612.097	0.03847
612.202	0.03846
612.308	0.03843
612.414	0.03842
612.519	0.03835
612.625	0.03831
612.731	0.03833
612.836	0.03831
612.942	0.03828
613.048	0.03827
613.153	0.03813
613.259	0.03814
613.365	0.03818
613.47	0.03818
613.576	0.0381
613.682	0.0381
613.787	0.03805
613.893	0.03794
613.998	0.03801
614.104	0.03804
614.21	0.03802
614.315	0.03799
614.421	0.03789
614.526	0.03782
614.632	0.03787
614.737	0.0379
614.843	0.03785
614.948	0.03782
615.054	0.03777
615.16	0.0378
615.265	0.03772
615.371	0.03774
615.476	0.03775
615.581	0.03774
615.687	0.03774
615.792	0.03773
615.898	0.03762
616.003	0.03768
616.109	0.0376
616.214	0.03761
616.32	0.03762
616.425	0.03756
616.53	0.03752
616.636	0.03748
616.741	0.03746
616.847	0.03747
616.952	0.03748
617.057	0.03747
617.163	0.03748
617.268	0.03737
617.373	0.0374
617.479	0.03731
617.584	0.03736
617.689	0.03733
617.795	0.03736
617.9	0.03737
618.005	0.03731
618.111	0.03725
618.216	0.03724
618.321	0.03724
618.426	0.03721
618.532	0.03728
618.637	0.0372
618.742	0.03728
618.847	0.0371
618.953	0.03712
619.058	0.03711
619.163	0.03714
619.268	0.03715
619.373	0.03714
619.479	0.03709
619.584	0.03709
619.689	0.03704
619.794	0.03704
619.899	0.037
620.004	0.0371
620.109	0.03702
620.215	0.03704
620.32	0.03695
620.425	0.03694
620.53	0.03696
620.635	0.03688
620.74	0.03692
620.845	0.03692
620.95	0.03687
621.055	0.03685
621.16	0.03689
621.265	0.03689
621.37	0.03682
621.475	0.03688
621.581	0.03685
621.686	0.03686
621.791	0.03681
621.896	0.03685
622.001	0.03683
622.105	0.03682
622.21	0.0368
622.315	0.0368
622.42	0.03679
622.525	0.03676
622.63	0.03672
622.735	0.03678
622.84	0.03675
622.945	0.03675
623.05	0.03669
623.155	0.03673
623.26	0.03672
623.365	0.03672
623.47	0.03671
623.574	0.03669
623.679	0.03677
623.784	0.03674
623.889	0.03667
623.994	0.03667
624.099	0.03681
624.203	0.03665
624.308	0.03674
624.413	0.03672
624.518	0.03677
624.623	0.0367
624.727	0.03673
624.832	0.03667
624.937	0.03672
625.042	0.03668
625.147	0.03668
625.251	0.03667
625.356	0.03662
625.461	0.03662
625.565	0.03667
625.67	0.03661
625.775	0.03671
625.88	0.03671
625.984	0.03673
626.089	0.03668
626.194	0.03665
626.298	0.03672
626.403	0.03667
626.508	0.03664
626.612	0.03666
626.717	0.03673
626.821	0.03676
626.926	0.03681
627.031	0.03681
627.135	0.03672
627.24	0.03666
627.344	0.03667
627.449	0.03666
627.554	0.03666
627.658	0.03674
627.763	0.03676
627.867	0.03674
627.972	0.03667
628.076	0.0368
628.181	0.03683
628.285	0.03673
628.39	0.0368
628.494	0.03683
628.599	0.03681
628.703	0.03677
628.808	0.03679
628.912	0.03677
629.017	0.03678
629.121	0.03674
629.226	0.03678
629.33	0.03677
629.434	0.03681
629.539	0.03685
629.643	0.03688
629.748	0.03688
629.852	0.03677
629.956	0.03681
630.061	0.03688
630.165	0.03681
630.27	0.03684
630.374	0.03679
630.478	0.03675
630.583	0.03675
630.687	0.03682
630.791	0.03684
630.895	0.03685
631	0.03685
631.104	0.03685
631.208	0.03681
631.313	0.03684
631.417	0.03684
631.521	0.03682
631.625	0.03684
631.73	0.03687
631.834	0.03691
631.938	0.03684
632.042	0.03677
632.147	0.03683
632.251	0.03685
632.355	0.03682
632.459	0.03684
632.563	0.03679
632.668	0.03685
632.772	0.03681
632.876	0.03679
632.98	0.03677
633.084	0.03679
633.188	0.03677
633.292	0.03692
633.396	0.03677
633.501	0.03676
633.605	0.03673
633.709	0.03671
633.813	0.03674
633.917	0.03672
634.021	0.0367
634.125	0.03669
634.229	0.03663
634.333	0.03668
634.437	0.03672
634.541	0.03664
634.645	0.03671
634.749	0.03664
634.853	0.03665
634.957	0.03665
635.061	0.03669
635.165	0.03663
635.269	0.03656
635.373	0.03657
635.477	0.03659
635.581	0.03658
635.685	0.03659
635.789	0.03659
635.893	0.03651
635.997	0.03649
636.101	0.03648
636.205	0.03645
636.308	0.03645
636.412	0.03648
636.516	0.03636
636.62	0.03635
636.724	0.03636
636.828	0.03635
636.932	0.03631
637.035	0.03629
637.139	0.03621
637.243	0.03621
637.347	0.03622
637.451	0.03614
637.554	0.03614
637.658	0.03608
637.762	0.03607
637.866	0.03599
637.97	0.03605
638.073	0.03592
638.177	0.03593
638.281	0.03595
638.385	0.03581
638.488	0.03588
638.592	0.03583
638.696	0.0358
638.799	0.0358
638.903	0.03572
639.007	0.03567
639.11	0.03566
639.214	0.03561
639.318	0.03567
639.421	0.03563
639.525	0.03554
639.629	0.03551
639.732	0.03543
639.836	0.03539
639.939	0.03539
640.043	0.03534
640.147	0.03535
640.25	0.03529
640.354	0.03524
640.457	0.03516
640.561	0.03516
640.664	0.0351
640.768	0.035
640.872	0.03498
640.975	0.03493
641.079	0.03492
641.182	0.03489
641.286	0.0348
641.389	0.0348
641.493	0.0348
641.596	0.03477
641.699	0.03473
641.803	0.03466
641.906	0.03464
642.01	0.0346
642.113	0.0346
642.217	0.03455
642.32	0.03452
642.424	0.03452
642.527	0.03443
642.63	0.03441
642.734	0.03434
642.837	0.03431
642.94	0.03424
643.044	0.03423
643.147	0.03421
643.251	0.03417
643.354	0.03413
643.457	0.03411
643.561	0.03406
643.664	0.03403
643.767	0.03395
643.87	0.03392
643.974	0.03393
644.077	0.03387
644.18	0.03387
644.284	0.03378
644.387	0.03371
644.49	0.03376
644.593	0.03369
644.696	0.03361
644.8	0.03362
644.903	0.03358
645.006	0.03358
645.109	0.03353
645.213	0.03349
645.316	0.03344
645.419	0.03338
645.522	0.03339
645.625	0.03339
645.728	0.03334
645.831	0.03327
645.935	0.03317
646.038	0.03312
646.141	0.03317
646.244	0.03312
646.347	0.03308
646.45	0.03302
646.553	0.03304
646.656	0.03294
646.759	0.03297
646.862	0.03285
646.965	0.03294
647.069	0.03284
647.172	0.03286
647.275	0.03279
647.378	0.03272
647.481	0.03276
647.584	0.0327
647.687	0.03268
647.79	0.03268
647.893	0.03263
647.996	0.03262
648.099	0.03258
648.201	0.03255
648.304	0.03256
648.407	0.03253
648.51	0.03254
648.613	0.03249
648.716	0.03243
648.819	0.03239
648.922	0.03238
649.025	0.03232
649.128	0.03235
649.231	0.03229
649.333	0.03228
649.436	0.0323
649.539	0.03227
649.642	0.03222
649.745	0.03221
649.848	0.03224
649.95	0.03217
650.053	0.03221
650.156	0.03215
650.259	0.03215
650.362	0.03208
650.464	0.03211
650.567	0.0321
650.67	0.03214
650.773	0.03207
650.875	0.03208
650.978	0.03201
651.081	0.03204
651.184	0.03202
651.286	0.03199
651.389	0.03194
651.492	0.03197
651.594	0.03194
651.697	0.03191
651.8	0.03188
651.902	0.03189
652.005	0.03189
652.108	0.0319
652.21	0.03187
652.313	0.03181
652.415	0.0318
652.518	0.0318
652.621	0.03172
652.723	0.03179
652.826	0.03175
652.928	0.03182
653.031	0.03175
653.134	0.03178
653.236	0.03171
653.339	0.03172
653.441	0.03169
653.544	0.03173
653.646	0.03171
653.749	0.0317
653.851	0.03164
653.954	0.03167
654.056	0.03163
654.159	0.03167
654.261	0.03164
654.364	0.03158
654.466	0.03161
654.569	0.03156
654.671	0.03161
654.773	0.03155
654.876	0.03151
654.978	0.03144
655.081	0.03145
655.183	0.0315
655.285	0.03143
655.388	0.03147
655.49	0.03144
655.593	0.0314
655.695	0.03139
655.797	0.03138
655.9	0.03135
656.002	0.03131
656.104	0.03136
656.207	0.03136
656.309	0.0313
656.411	0.03134
656.513	0.0313
656.616	0.0312
656.718	0.03123
656.82	0.03118
656.922	0.03113
657.025	0.03117
657.127	0.03114
657.229	0.03116
657.331	0.03106
657.434	0.03107
657.536	0.03104
657.638	0.03104
657.74	0.03102
657.842	0.03095
657.945	0.03096
658.047	0.03096
658.149	0.03091
658.251	0.03085
658.353	0.03087
658.455	0.03085
658.557	0.03081
658.66	0.03078
658.762	0.03078
658.864	0.03071
658.966	0.03065
659.068	0.03065
659.17	0.03063
659.272	0.03068
659.374	0.0306
659.476	0.03056
659.578	0.0306
659.68	0.0306
659.782	0.03047
659.884	0.03051
659.986	0.03046
660.088	0.03042
660.19	0.03042
660.292	0.03034
660.394	0.0303
660.496	0.03032
660.598	0.03029
660.7	0.0303
660.802	0.03021
660.904	0.03017
661.006	0.03011
661.108	0.03011
661.21	0.03012
661.312	0.03007
661.414	0.03006
661.515	0.03003
661.617	0.02998
661.719	0.02998
661.821	0.02993
661.923	0.02987
662.025	0.0299
662.127	0.02983
662.228	0.02983
662.33	0.02977
662.432	0.02975
662.534	0.0297
662.636	0.02972
662.737	0.02965
662.839	0.0297
662.941	0.02961
663.043	0.0296
663.144	0.02956
663.246	0.02956
663.348	0.02947
663.45	0.02948
663.551	0.02942
663.653	0.02941
663.755	0.02943
663.856	0.02939
663.958	0.02935
664.06	0.02937
664.161	0.02926
664.263	0.0293
664.365	0.02928
664.466	0.02922
664.568	0.02919
664.67	0.02925
664.771	0.0292
664.873	0.02916
664.975	0.02912
665.076	0.02911
665.178	0.0291
665.279	0.02908
665.381	0.02906
665.482	0.02903
665.584	0.02901
665.686	0.02903
665.787	0.02898
665.889	0.02899
665.99	0.02893
666.092	0.02897
666.193	0.02895
666.295	0.02893
666.396	0.02891
666.498	0.02883
666.599	0.02885
666.701	0.02885
666.802	0.02881
666.903	0.02885
667.005	0.02881
667.106	0.02869
667.208	0.02877
667.309	0.02875
667.411	0.02877
667.512	0.02876
667.613	0.0287
667.715	0.02872
667.816	0.02868
667.917	0.02866
668.019	0.02862
668.12	0.02864
668.221	0.02862
668.323	0.02862
668.424	0.02863
668.525	0.02864
668.627	0.02866
668.728	0.02855
668.829	0.02857
668.931	0.02858
669.032	0.02859
669.133	0.02861
669.234	0.02854
669.336	0.02851
669.437	0.02849
669.538	0.0285
669.639	0.02859
669.74	0.02846
669.842	0.02849
669.943	0.0285
670.044	0.0285
670.145	0.02848
670.246	0.02848
670.348	0.0285
670.449	0.02849
670.55	0.02854
670.651	0.02849
670.752	0.02847
670.853	0.02846
670.954	0.02845
671.056	0.02847
671.157	0.02847
671.258	0.02844
671.359	0.0285
671.46	0.02852
671.561	0.02846
671.662	0.02848
671.763	0.02847
671.864	0.02847
671.965	0.02851
672.066	0.02843
672.167	0.02842
672.268	0.02846
672.369	0.02848
672.47	0.02846
672.571	0.02846
672.672	0.02849
672.773	0.02845
672.874	0.02845
672.975	0.0285
673.076	0.02853
673.177	0.02849
673.278	0.02849
673.379	0.02844
673.48	0.02851
673.58	0.02846
673.681	0.02854
673.782	0.02851
673.883	0.02848
673.984	0.02851
674.085	0.02853
674.186	0.02849
674.286	0.02855
674.387	0.02857
674.488	0.02853
674.589	0.02858
674.69	0.02851
674.791	0.02852
674.891	0.02859
674.992	0.02853
675.093	0.02848
675.194	0.02858
675.294	0.02858
675.395	0.02861
675.496	0.02858
675.597	0.02858
675.697	0.02867
675.798	0.02859
675.899	0.02863
675.999	0.02867
676.1	0.0286
676.201	0.02864
676.302	0.02866
676.402	0.02867
676.503	0.0287
676.603	0.02862
676.704	0.02873
676.805	0.02868
676.905	0.02875
677.006	0.02869
677.107	0.02875
677.207	0.02873
677.308	0.02879
677.408	0.02874
677.509	0.0287
677.609	0.02879
677.71	0.02875
677.811	0.02884
677.911	0.02879
678.012	0.02882
678.112	0.02889
678.213	0.02883
678.313	0.02884
678.414	0.02889
678.514	0.02886
678.615	0.02884
678.715	0.02895
678.816	0.0289
678.916	0.02892
679.017	0.02897
679.117	0.02893
679.217	0.02903
679.318	0.02909
679.418	0.02909
679.519	0.02907
679.619	0.02908
679.719	0.02908
679.82	0.02911
679.92	0.0291
680.021	0.02909
680.121	0.0292
680.221	0.02915
680.322	0.02922
680.422	0.02922
680.522	0.02922
680.623	0.02927
680.723	0.02931
680.823	0.0293
680.923	0.02935
681.024	0.02931
681.124	0.02937
681.224	0.02942
681.325	0.02941
681.425	0.0295
681.525	0.02941
681.625	0.0295
681.725	0.02952
681.826	0.02956
681.926	0.02948
682.026	0.02959
682.126	0.0296
682.226	0.02971
682.327	0.02966
682.427	0.02971
682.527	0.02973
682.627	0.0298
682.727	0.02982
682.827	0.02989
682.927	0.02987
683.028	0.02997
683.128	0.02992
683.228	0.03002
683.328	0.02999
683.428	0.03007
683.528	0.03014
683.628	0.03018
683.728	0.03016
683.828	0.03025
683.928	0.03025
684.028	0.03033
684.128	0.03032
684.228	0.03039
684.328	0.03039
684.428	0.03055
684.528	0.03055
684.628	0.03054
684.728	0.0307
684.828	0.03075
684.928	0.03074
685.028	0.03078
685.128	0.03087
685.228	0.0309
685.328	0.03098
685.428	0.03112
685.528	0.03111
685.628	0.03117
685.727	0.03123
685.827	0.03128
685.927	0.03143
686.027	0.03146
686.127	0.03139
686.227	0.03155
686.327	0.03162
686.426	0.03165
686.526	0.03176
686.626	0.0318
686.726	0.03193
686.826	0.03199
686.926	0.03201
687.025	0.03208
687.125	0.03227
687.225	0.03233
687.325	0.03238
687.424	0.03252
687.524	0.03254
687.624	0.03264
687.724	0.03271
687.823	0.03285
687.923	0.03298
688.023	0.03306
688.122	0.03327
688.222	0.03324
688.322	0.03343
688.421	0.03348
688.521	0.03365
688.621	0.03378
688.72	0.03388
688.82	0.03401
688.92	0.03406
689.019	0.03421
689.119	0.03435
689.218	0.0345
689.318	0.03469
689.417	0.03483
689.517	0.03496
689.617	0.0351
689.716	0.03525
689.816	0.03533
689.915	0.03553
690.015	0.03562
690.114	0.03586
690.214	0.036
690.313	0.03614
690.413	0.03632
690.512	0.03646
690.612	0.03663
690.711	0.0369
690.811	0.03695
690.91	0.03723
691.01	0.03743
691.109	0.03754
691.208	0.03774
691.308	0.0379
691.407	0.03811
691.507	0.0383
691.606	0.03849
691.705	0.03866
691.805	0.03896
691.904	0.03909
692.004	0.03938
692.103	0.03953
692.202	0.03981
692.302	0.03999
692.401	0.04027
692.5	0.04043
692.6	0.04069
692.699	0.04088
692.798	0.04115
692.897	0.04139
692.997	0.04163
693.096	0.04191
693.195	0.0421
693.295	0.04231
693.394	0.04265
693.493	0.04298
693.592	0.04318
693.691	0.04336
693.791	0.0437
693.89	0.04394
693.989	0.04428
694.088	0.04451
694.187	0.04483
694.287	0.04514
694.386	0.04534
694.485	0.04574
694.584	0.04598
694.683	0.0463
694.782	0.04665
694.881	0.04696
694.981	0.04716
695.08	0.04749
695.169	0.0477
695.408	0.04853
695.648	0.04909
695.888	0.05026
696.128	0.05098
696.367	0.05168
696.607	0.05246
696.847	0.05321
697.086	0.05392
697.326	0.05465
697.566	0.05554
697.805	0.05625
698.045	0.05694
698.284	0.058
698.524	0.0588
698.764	0.05958
699.003	0.0605
699.243	0.0613
699.482	0.06228
699.722	0.06318
699.961	0.06415
700.201	0.065
700.44	0.06604
700.68	0.06699
700.919	0.06789
701.159	0.06871
701.398	0.06973
701.638	0.07076
701.877	0.07169
702.116	0.07285
702.356	0.07389
702.595	0.07481
702.835	0.07572
703.074	0.0768
703.313	0.0778
703.553	0.07891
703.792	0.08002
704.031	0.08085
704.27	0.08204
704.51	0.08317
704.749	0.08408
704.988	0.08532
705.227	0.0864
705.467	0.08745
705.706	0.08839
705.945	0.08967
706.184	0.09068
706.423	0.09178
706.663	0.09304
706.902	0.09388
707.141	0.09524
707.38	0.09657
707.619	0.09766
707.858	0.09875
708.097	0.09961
708.336	0.10087
708.575	0.10201
708.814	0.10319
709.054	0.10421
709.293	0.10518
709.532	0.1063
709.771	0.10762
710.01	0.10903
710.248	0.11021
710.487	0.11172
710.726	0.11271
710.965	0.11401
711.204	0.11517
711.443	0.11625
711.682	0.11747
711.921	0.11872
712.16	0.12023
712.399	0.12141
712.637	0.12255
712.876	0.12388
713.115	0.12505
713.354	0.12625
713.593	0.12754
713.831	0.12875
714.07	0.12992
714.309	0.13134
714.548	0.13267
714.786	0.13366
715.025	0.13504
715.264	0.13631
715.503	0.13766
715.741	0.13899
715.98	0.14056
716.219	0.14187
716.457	0.14304
716.696	0.1445
716.934	0.14591
717.173	0.14706
717.412	0.14848
717.65	0.14973
717.889	0.15096
718.127	0.15239
718.366	0.15363
718.604	0.15518
718.843	0.15617
719.081	0.15791
719.32	0.15913
719.558	0.16081
719.797	0.16175
720.035	0.16349
720.274	0.16451
720.512	0.16588
720.75	0.16765
720.989	0.16871
721.227	0.17012
721.466	0.17173
721.704	0.17237
721.942	0.17419
722.181	0.17575
722.419	0.17688
722.657	0.17807
722.895	0.17952
723.134	0.18096
723.372	0.1823
723.61	0.18347
723.849	0.18492
724.087	0.1862
724.325	0.18753
724.563	0.1889
724.801	0.19002
725.04	0.19159
725.278	0.19261
725.516	0.19406
725.754	0.1953
725.992	0.1967
726.23	0.19826
726.468	0.19894
726.706	0.20021
726.944	0.20182
727.183	0.2031
727.421	0.2041
727.659	0.20565
727.897	0.20703
728.135	0.20824
728.373	0.20908
728.611	0.21043
728.849	0.21165
729.087	0.21297
729.324	0.21466
729.562	0.21523
729.8	0.21616
730.038	0.21783
730.276	0.21888
730.514	0.21976
730.752	0.2212
730.99	0.22182
731.228	0.22313
731.465	0.22466
731.703	0.22549
731.941	0.22654
732.179	0.22727
732.417	0.22819
732.654	0.22958
732.892	0.23068
733.13	0.23153
733.367	0.23246
733.605	0.23412
733.843	0.23511
734.081	0.23558
734.318	0.23642
734.556	0.23789
734.794	0.23907
735.031	0.23993
735.269	0.24096
735.506	0.24186
735.744	0.24266
735.982	0.24365
736.219	0.24432
736.457	0.24524
736.694	0.24589
736.932	0.24636
737.169	0.24745
737.407	0.24867
737.644	0.24945
737.882	0.25001
738.119	0.2508
738.357	0.25201
738.594	0.25249
738.832	0.25303
739.069	0.25417
739.306	0.25509
739.544	0.25604
739.781	0.25668
740.018	0.25733
740.256	0.25766
740.493	0.25898
740.73	0.25968
740.968	0.26003
741.205	0.26063
741.442	0.26142
741.68	0.26225
741.917	0.2632
742.154	0.26344
742.391	0.2642
742.629	0.26478
742.866	0.26544
743.103	0.26639
743.34	0.2664
743.577	0.26712
743.814	0.26777
744.052	0.26792
744.289	0.26897
744.526	0.26951
744.763	0.27004
745	0.27019
745.237	0.27091
745.474	0.27132
745.711	0.27177
745.948	0.27248
746.185	0.27331
746.422	0.27357
746.659	0.27403
746.896	0.27475
747.133	0.27506
747.37	0.27612
747.607	0.27571
747.844	0.27683
748.081	0.27686
748.318	0.27748
748.555	0.27758
748.792	0.27833
749.029	0.27859
749.265	0.27914
749.502	0.27934
749.739	0.27932
749.976	0.28022
750.213	0.28096
750.449	0.28113
750.686	0.28139
750.923	0.2811
751.16	0.28158
751.396	0.28202
751.633	0.28207
751.87	0.28278
752.107	0.28307
752.343	0.2834
752.58	0.28357
752.817	0.28385
753.053	0.28483
753.29	0.28533
753.527	0.28562
753.763	0.28574
754	0.28516
754.236	0.28589
754.473	0.28613
754.709	0.28641
754.946	0.28663
755.182	0.28716
755.419	0.28742
755.656	0.28779
755.892	0.28771
756.128	0.28741
756.365	0.28781
756.601	0.28813
756.838	0.28819
757.074	0.28826
757.311	0.28849
757.547	0.28884
757.783	0.28943
758.02	0.28934
758.256	0.29004
758.493	0.28991
758.729	0.29004
758.965	0.29033
759.201	0.29085
759.438	0.29105
759.674	0.29106
759.91	0.29119
760.147	0.29127
760.383	0.29179
760.619	0.29163
760.855	0.29153
761.091	0.29191
761.328	0.29243
761.564	0.29263
761.8	0.29278
762.036	0.29278
762.272	0.29283
762.508	0.2931
762.744	0.29314
762.981	0.29329
763.217	0.29373
763.453	0.2943
763.689	0.29417
763.925	0.29332
764.161	0.29358
764.397	0.29373
764.633	0.29426
764.869	0.29413
765.105	0.29449
765.341	0.29453
765.577	0.29489
765.813	0.29491
766.049	0.29498
766.285	0.29481
766.52	0.2948
766.756	0.29517
766.992	0.29554
767.228	0.29544
767.464	0.29563
767.7	0.29588
767.936	0.29616
768.171	0.29622
768.407	0.29631
768.643	0.2963
768.879	0.29667
769.114	0.29667
769.35	0.29705
769.586	0.29706
769.822	0.29706
770.057	0.29686
770.293	0.29762
770.529	0.29694
770.781	0.29786
771.017	0.29856
771.254	0.29826
771.49	0.29842
771.726	0.29863
771.962	0.29837
772.199	0.29823
772.435	0.29877
772.671	0.29818
772.907	0.29879
773.143	0.29833
773.38	0.29898
773.616	0.29886
773.852	0.29904
774.088	0.29901
774.324	0.29863
774.56	0.29952
774.796	0.29903
775.032	0.29962
775.268	0.29936
775.504	0.29884
775.74	0.29949
775.977	0.29937
776.213	0.29928
776.449	0.30006
776.685	0.29992
776.92	0.2997
777.156	0.29978
777.392	0.30029
777.628	0.2997
777.864	0.30038
778.1	0.3005
778.336	0.30049
778.572	0.3005
778.808	0.30017
779.044	0.30065
779.279	0.30035
779.515	0.30112
779.751	0.30066
779.987	0.30051
780.223	0.30058
780.458	0.301
780.694	0.3008
780.93	0.30141
781.166	0.30113
781.401	0.30107
781.637	0.30116
781.873	0.30178
782.109	0.30162
782.344	0.30184
782.58	0.30134
782.816	0.3018
783.051	0.30182
783.287	0.30212
783.522	0.30176
783.758	0.30202
783.994	0.30207
784.229	0.30223
784.465	0.30243
784.7	0.3022
784.936	0.30229
785.171	0.30304
785.407	0.30228
785.642	0.30261
785.878	0.30268
786.113	0.30301
786.349	0.3024
786.584	0.30331
786.819	0.30278
787.055	0.30359
787.29	0.3037
787.526	0.30383
787.761	0.30362
787.996	0.30405
788.232	0.304
788.467	0.30428
788.702	0.30394
788.938	0.30391
789.173	0.30476
789.408	0.30381
789.643	0.30448
789.879	0.30441
790.114	0.30423
790.349	0.30428
790.584	0.30455
790.82	0.30455
791.055	0.30466
791.29	0.3043
791.525	0.30459
791.76	0.3043
791.995	0.30462
792.23	0.30489
792.466	0.30475
792.701	0.30495
792.936	0.30476
793.171	0.30521
793.406	0.30491
793.641	0.30537
793.876	0.30525
794.111	0.30529
794.346	0.30566
794.581	0.30555
794.816	0.30569
795.051	0.30606
795.286	0.30596
795.521	0.30644
795.756	0.30595
795.99	0.30618
796.225	0.30646
796.46	0.30605
796.695	0.30642
796.93	0.30624
797.165	0.3068
797.4	0.30603
797.634	0.30649
797.869	0.30688
798.104	0.30609
798.339	0.30644
798.574	0.30686
798.808	0.3069
799.043	0.30665
799.278	0.3067
799.512	0.30728
799.747	0.30718
799.982	0.30684
800.216	0.30734
800.451	0.30761
800.686	0.30775
800.92	0.30691
801.155	0.30815
801.39	0.30793
801.624	0.30766
801.859	0.30785
802.093	0.30753
802.328	0.30816
802.562	0.30856
802.797	0.30842
803.031	0.30863
803.266	0.30834
803.5	0.30776
803.735	0.3082
803.969	0.30752
804.204	0.30815
804.438	0.30808
804.673	0.30816
804.907	0.30766
805.141	0.30804
805.376	0.30825
805.61	0.30885
805.844	0.30833
806.079	0.30868
806.313	0.30924
806.547	0.30919
806.782	0.30954
807.016	0.30889
807.25	0.30923
807.484	0.30926
807.719	0.30954
807.953	0.30968
808.187	0.3096
808.421	0.30912
808.655	0.30941
808.89	0.30963
809.124	0.31
809.358	0.30947
809.592	0.30982
809.826	0.30953
810.06	0.30945
810.294	0.30969
810.528	0.31028
810.763	0.31014
810.997	0.30999
811.231	0.30972
811.465	0.30992
811.699	0.31004
811.933	0.31056
812.167	0.30998
812.401	0.31127
812.635	0.31108
812.868	0.31076
813.102	0.3109
813.336	0.31114
813.57	0.31184
813.804	0.31168
814.038	0.31114
814.272	0.3115
814.506	0.31093
814.74	0.3104
814.973	0.31178
815.207	0.31145
815.441	0.31199
815.675	0.31167
815.908	0.31183
816.142	0.31093
816.376	0.31092
816.61	0.31104
816.843	0.31109
817.077	0.31084
817.311	0.31081
817.544	0.31076
817.778	0.31128
818.012	0.31175
818.245	0.31211
818.479	0.31278
818.713	0.3122
818.946	0.31305
819.18	0.31251
819.413	0.31238
819.647	0.3119
819.88	0.31239
820.114	0.31212
820.347	0.31269
820.581	0.31234
820.814	0.31304
821.048	0.3125
821.281	0.31211
821.515	0.31224
821.748	0.31316
821.982	0.31346
822.215	0.31301
822.448	0.31322
822.682	0.31341
822.915	0.31322
823.149	0.31343
823.382	0.31318
823.615	0.31305
823.849	0.31348
824.082	0.31385
824.315	0.31414
824.548	0.31404
824.782	0.31375
825.015	0.31356
825.248	0.31311
825.481	0.31354
825.715	0.3136
825.948	0.3135
826.181	0.31309
826.414	0.31384
826.647	0.31399
826.88	0.31419
827.113	0.31483
827.347	0.31412
827.58	0.31517
827.813	0.31507
828.046	0.31462
828.279	0.31455
828.512	0.31506
828.745	0.31449
828.978	0.31525
829.211	0.31466
829.444	0.31474
829.677	0.31473
829.91	0.31486
830.143	0.31446
830.376	0.31411
830.609	0.31478
830.842	0.31475
831.074	0.31391
831.307	0.31456
831.54	0.31438
831.773	0.31475
832.006	0.31506
832.239	0.31488
832.471	0.31523
832.704	0.31539
832.937	0.31546
833.17	0.31489
833.403	0.31528
833.635	0.31557
833.868	0.31531
834.101	0.31559
834.333	0.31607
834.566	0.31542
834.799	0.31583
835.031	0.31638
835.264	0.31622
835.497	0.3153
835.729	0.31519
835.962	0.31525
836.195	0.3163
836.427	0.31549
836.66	0.31497
836.892	0.31554
837.125	0.31588
837.357	0.31558
837.59	0.31621
837.822	0.31563
838.055	0.31604
838.287	0.31534
838.52	0.31626
838.752	0.31642
838.985	0.3164
839.217	0.31654
839.449	0.31687
839.682	0.31713
839.914	0.31759
840.147	0.31694
840.379	0.31735
840.611	0.31721
840.844	0.31742
841.076	0.31734
841.308	0.31703
841.54	0.31682
841.773	0.31742
842.005	0.31713
842.237	0.31698
842.469	0.31731
842.702	0.317
842.934	0.31703
843.166	0.3176
843.398	0.31719
843.63	0.31729
843.862	0.31709
844.095	0.31791
844.327	0.31758
844.559	0.31791
844.791	0.31821
845.023	0.31854
845.255	0.31856
845.487	0.31923
845.719	0.31904
845.951	0.31878
846.183	0.31939
846.415	0.31876
846.647	0.31827
846.879	0.31852
847.111	0.31859
847.343	0.31812
847.575	0.31783
847.807	0.31793
848.039	0.31765
848.271	0.31834
848.502	0.31872
848.734	0.3179
848.966	0.3181
849.198	0.3185
849.43	0.31877
849.662	0.31799
849.893	0.31959
850.125	0.31903
850.357	0.31965
850.589	0.31868
850.82	0.32007
851.052	0.31981
851.284	0.31907
851.516	0.32028
851.747	0.31977
851.979	0.31964
852.211	0.31991
852.442	0.31956
852.674	0.31928
852.905	0.31969
853.137	0.32032
853.369	0.32008
853.6	0.3198
853.832	0.32026
854.063	0.32063
854.295	0.31978
854.526	0.32049
854.758	0.32027
854.989	0.32013
855.221	0.31979
855.452	0.31951
855.684	0.32003
855.915	0.32016
856.146	0.32028
856.378	0.31993
856.609	0.32055
856.841	0.32052
857.072	0.32094
857.303	0.32094
857.535	0.32086
857.766	0.32089
857.997	0.3212
858.229	0.32109
858.46	0.3213
858.691	0.32135
858.922	0.32114
859.154	0.32173
859.385	0.32085
859.616	0.32159
859.847	0.32115
860.078	0.32119
860.31	0.32092
860.541	0.3214
860.772	0.32095
861.003	0.32108
861.234	0.32049
861.465	0.32079
861.696	0.32087
861.927	0.32023
862.159	0.3211
862.39	0.3214
862.621	0.32072
862.852	0.32154
863.083	0.32149
863.314	0.32127
863.545	0.32139
863.776	0.32265
864.007	0.32203
864.237	0.32257
864.468	0.32247
864.699	0.32214
864.93	0.32273
865.161	0.32262
865.392	0.32233
865.623	0.32259
865.854	0.32253
866.084	0.32219
866.315	0.32169
866.546	0.32206
866.777	0.32195
867.008	0.32199
867.238	0.32194
867.469	0.32161
867.7	0.32199
867.931	0.3219
868.161	0.32178
868.392	0.32172
868.623	0.32242
868.853	0.32192
869.084	0.32277
869.315	0.3222
869.545	0.32225
869.776	0.32331
870.006	0.32337
870.237	0.32277
870.468	0.32417
870.698	0.32272
870.929	0.32342
871.159	0.32314
871.39	0.32264
871.62	0.32324
871.851	0.32317
872.081	0.32358
872.312	0.32288
872.542	0.32278
872.772	0.32284
873.003	0.32291
873.233	0.32298
873.464	0.32291
873.694	0.32289
873.924	0.32269
874.155	0.3233
874.385	0.32346
874.615	0.32341
874.846	0.32368
875.076	0.32366
875.306	0.32372
875.536	0.32461
875.767	0.32423
875.997	0.32406
876.227	0.32422
876.457	0.32427
876.688	0.32512
876.918	0.32447
877.148	0.32479
877.378	0.32449
877.608	0.32434
877.838	0.32506
878.068	0.32431
878.299	0.32413
878.529	0.32415
878.759	0.32423
878.989	0.32457
879.219	0.32406
879.449	0.32457
879.679	0.32416
879.909	0.32417
880.139	0.32451
880.369	0.32466
880.599	0.32417
880.829	0.32448
881.059	0.32461
881.288	0.32471
881.518	0.32565
881.748	0.32471
881.978	0.32521
882.208	0.32488
882.438	0.32544
882.668	0.32523
882.897	0.32507
883.127	0.32593
883.357	0.32599
883.587	0.3261
883.817	0.32612
884.046	0.32565
884.276	0.32526
884.506	0.32615
884.736	0.32564
884.965	0.32588
885.195	0.32579
885.425	0.32608
885.654	0.32537
885.884	0.32537
886.113	0.32578
886.343	0.32526
886.573	0.32591
886.802	0.32532
887.032	0.32575
887.261	0.32553
887.491	0.32525
887.72	0.32564
887.95	0.32584
888.179	0.32599
888.409	0.32576
888.638	0.32574
888.868	0.32608
889.097	0.32592
889.327	0.32632
889.556	0.3266
889.786	0.32622
890.015	0.32685
890.244	0.32709
890.474	0.32689
890.703	0.3266
890.932	0.32751
891.162	0.32671
891.391	0.32716
891.62	0.32747
891.85	0.3277
892.079	0.32664
892.308	0.32708
892.537	0.32641
892.767	0.32718
892.996	0.32641
893.225	0.32668
893.454	0.32681
893.683	0.32664
893.912	0.32678
894.142	0.32597
894.371	0.32678
894.6	0.32623
894.829	0.32776
895.058	0.32745
895.287	0.32631
895.516	0.32711
895.745	0.32771
895.974	0.32732
896.203	0.32791
896.432	0.3277
896.661	0.32736
896.89	0.32787
897.119	0.32764
897.348	0.3275
897.577	0.32764
897.806	0.32821
898.035	0.32834
898.264	0.32798
898.492	0.32758
898.721	0.32813
898.95	0.32878
899.179	0.32792
899.408	0.32776
899.637	0.32748
899.865	0.32797
900.094	0.32667
900.323	0.32721
900.552	0.32722
900.78	0.32684
901.009	0.32726
901.238	0.3276
901.467	0.32788
901.695	0.32679
901.924	0.32708
902.152	0.32747
902.381	0.32736
902.61	0.32761
902.838	0.32769
903.067	0.32751
903.296	0.32815
903.524	0.32783
903.753	0.32781
903.981	0.32806
904.21	0.32783
904.438	0.32798
904.667	0.32865
904.895	0.32824
905.124	0.32736
905.352	0.32809
905.581	0.32807
905.809	0.32813
906.037	0.3276
906.266	0.32763
906.494	0.3278
906.723	0.32757
906.951	0.32764
907.179	0.32734
907.408	0.32752
907.636	0.32737
907.864	0.32765
908.092	0.32799
908.321	0.32818
908.549	0.32816
908.777	0.32844
909.005	0.3281
909.234	0.32775
909.462	0.32803
909.69	0.32833
909.918	0.32814
910.146	0.3289
910.374	0.32858
910.603	0.3292
910.831	0.32847
911.059	0.32892
911.287	0.3288
911.515	0.32811
911.743	0.3288
911.971	0.32887
912.199	0.32859
912.427	0.32852
912.655	0.3279
912.883	0.32848
913.111	0.32812
913.339	0.32851
913.567	0.32792
913.795	0.32862
914.023	0.32873
914.251	0.32869
914.479	0.32847
914.707	0.32837
914.934	0.32855
915.162	0.32881
915.39	0.32872
915.618	0.32845
915.846	0.32887
916.074	0.32895
916.301	0.32853
916.529	0.32924
916.757	0.32911
916.985	0.32874
917.212	0.32838
917.44	0.32868
917.668	0.32828
917.895	0.32836
918.123	0.32852
918.351	0.32853
918.578	0.32865
918.806	0.32839
919.034	0.32777
919.261	0.32736
919.489	0.32777
919.716	0.32792
919.944	0.32726
920.171	0.32777
920.399	0.32833
920.626	0.3277
920.854	0.32841
921.081	0.32764
921.309	0.32794
921.536	0.32755
921.764	0.32835
921.991	0.32841
922.219	0.32819
922.446	0.32825
922.673	0.32826
922.901	0.32814
923.128	0.32788
923.355	0.3289
923.583	0.32849
923.81	0.32884
924.037	0.32846
924.265	0.32828
924.492	0.32838
924.719	0.32804
924.946	0.32801
925.174	0.32807
925.401	0.32832
925.628	0.32803
925.855	0.3278
926.082	0.32824
926.31	0.32744
926.537	0.32796
926.764	0.32769
926.991	0.32761
927.218	0.32748
927.445	0.32757
927.672	0.32734
927.899	0.32699
928.126	0.32739
928.353	0.32747
928.58	0.32708
928.807	0.32739
929.034	0.32761
929.261	0.32702
929.488	0.32756
929.715	0.3274
929.942	0.32758
930.169	0.32741
930.396	0.32708
930.623	0.32714
930.85	0.32757
931.077	0.32733
931.304	0.32689
931.53	0.32666
931.757	0.32616
931.984	0.3266
932.211	0.32634
932.438	0.32654
932.664	0.32567
932.891	0.32655
933.118	0.32555
933.345	0.32525
933.571	0.32571
933.798	0.32521
934.025	0.32577
934.251	0.32516
934.478	0.32552
934.705	0.32503
934.931	0.32557
935.158	0.32573
935.384	0.32537
935.611	0.32597
935.838	0.32506
936.064	0.32572
936.291	0.3249
936.517	0.3249
936.744	0.32486
936.97	0.3248
937.197	0.32538
937.423	0.3248
937.65	0.3252
937.876	0.32466
938.103	0.32466
938.329	0.32502
938.555	0.32502
938.782	0.32478
939.008	0.32368
939.234	0.32407
939.461	0.32399
939.687	0.32411
939.913	0.32377
940.14	0.3234
940.366	0.32282
940.592	0.32322
940.819	0.3234
941.045	0.32339
941.271	0.32295
941.497	0.32316
941.723	0.32276
941.95	0.32285
942.176	0.3229
942.402	0.32236
942.628	0.32275
942.854	0.32241
943.08	0.3225
943.306	0.32275
943.533	0.32231
943.759	0.32203
943.985	0.32274
944.211	0.32171
944.437	0.32238
944.663	0.32239
944.889	0.32165
945.115	0.32156
945.341	0.32134
945.567	0.32096
945.793	0.32098
946.019	0.32074
946.244	0.32074
946.47	0.32062
946.696	0.32016
946.922	0.32022
947.148	0.31965
947.374	0.31914
947.6	0.31964
947.825	0.31933
948.051	0.31981
948.277	0.31932
948.503	0.31921
948.729	0.31907
948.954	0.31871
949.18	0.31888
949.406	0.31877
949.631	0.31831
949.857	0.31819
950.083	0.31844
950.309	0.31871
950.534	0.31787
950.76	0.31855
950.985	0.31796
951.211	0.31768
951.437	0.31769
951.662	0.31685
951.888	0.31639
952.113	0.31576
952.339	0.31616
952.564	0.31631
952.79	0.31531
953.015	0.31533
953.241	0.31455
953.466	0.31491
953.692	0.31476
953.917	0.31431
954.143	0.31398
954.368	0.31448
954.593	0.31377
954.819	0.31372
955.044	0.31287
955.269	0.31307
955.495	0.3124
955.72	0.31288
955.945	0.31244
956.171	0.31204
956.396	0.31181
956.621	0.31134
956.847	0.31166
957.072	0.31115
957.297	0.31126
957.522	0.31064
957.747	0.31046
957.973	0.31063
958.198	0.31012
958.423	0.3098
958.648	0.30961
958.873	0.30971
959.098	0.30976
959.323	0.30861
959.548	0.30889
959.773	0.30919
959.999	0.30857
960.224	0.30803
960.449	0.30837
960.674	0.30828
960.899	0.30823
961.124	0.30801
961.349	0.30762
961.574	0.30739
961.798	0.30795
962.023	0.30731
962.248	0.30709
962.473	0.30705
962.698	0.30748
962.923	0.30747
963.148	0.30683
963.373	0.30705
963.597	0.3072
963.822	0.30668
964.047	0.30646
964.272	0.30697
964.497	0.30637
964.721	0.30624
964.946	0.30659
965.171	0.30597
965.395	0.30598
965.62	0.30577
965.845	0.30574
966.07	0.30597
966.294	0.30539
966.519	0.30585
966.743	0.30563
966.968	0.30465
967.193	0.3053
967.417	0.30535
967.642	0.30493
967.866	0.3053
968.091	0.30562
968.315	0.30539
968.54	0.30502
968.764	0.30492
968.989	0.30416
969.213	0.30464
969.438	0.30528
969.662	0.3049
969.887	0.30467
970.111	0.30497
970.336	0.3047
970.56	0.30549
970.784	0.30492
971.009	0.30516
971.233	0.30475
971.457	0.30518
971.682	0.30508
971.906	0.3052
972.13	0.305
972.354	0.30467
972.579	0.30436
972.803	0.30486
973.027	0.30456
973.251	0.30485
973.476	0.3047
973.7	0.30467
973.924	0.30459
974.148	0.30398
974.372	0.30392
974.596	0.30487
974.82	0.30427
975.045	0.30445
975.269	0.304
975.493	0.30421
975.717	0.30449
975.941	0.30422
976.165	0.30428
976.389	0.30405
976.613	0.30423
976.837	0.30481
977.061	0.30478
977.285	0.30496
977.509	0.30399
977.733	0.30437
977.957	0.30469
978.18	0.30416
978.404	0.30492
978.628	0.30424
978.852	0.30398
979.076	0.30458
979.3	0.30414
979.523	0.30418
979.747	0.30441
979.971	0.30412
980.195	0.30444
980.419	0.30382
980.642	0.30467
980.866	0.3042
981.09	0.30412
981.313	0.30422
981.537	0.30514
981.761	0.30405
981.984	0.30487
982.208	0.30435
982.432	0.30525
982.655	0.30534
982.879	0.30564
983.103	0.30507
983.326	0.30522
983.55	0.30565
983.773	0.30472
983.997	0.30556
984.22	0.30501
984.444	0.30489
984.667	0.30528
984.891	0.3051
985.114	0.30474
985.338	0.30522
985.561	0.30525
985.784	0.30551
986.008	0.30546
986.231	0.3053
986.455	0.30586
986.678	0.30512
986.901	0.30654
987.125	0.30618
987.348	0.30598
987.571	0.30613
987.794	0.30671
988.018	0.30615
988.241	0.30614
988.464	0.30671
988.687	0.30586
988.911	0.30697
989.134	0.30638
989.357	0.30588
989.58	0.30641
989.803	0.30682
990.027	0.30601
990.25	0.30695
990.473	0.30664
990.696	0.30757
990.919	0.30761
991.142	0.30776
991.365	0.30784
991.588	0.30743
991.811	0.30758
992.034	0.30745
992.257	0.3074
992.48	0.3077
992.703	0.30765
992.926	0.30843
993.149	0.30735
993.372	0.3074
993.595	0.30748
993.818	0.30711
994.041	0.30811
994.263	0.30877
994.486	0.30903
994.709	0.30865
994.932	0.30845
995.155	0.30855
995.378	0.30882
995.6	0.30887
995.823	0.30883
996.046	0.30899
996.269	0.31001
996.491	0.30919
996.714	0.3087
996.937	0.3093
997.159	0.30957
997.382	0.30997
997.605	0.30967
997.827	0.30981
998.05	0.31008
998.273	0.31054
998.495	0.31055
998.718	0.31139
998.94	0.31079
999.163	0.31085
999.386	0.31101
999.608	0.31046
999.831	0.31074
1000.05	0.31083
1000.28	0.31201
1000.5	0.31104
1000.72	0.31142
1000.94	0.31157
1001.17	0.31204
1001.39	0.31251
1001.61	0.31168
1001.83	0.31173
1002.05	0.31271
1002.28	0.31177
1002.5	0.31256
1002.72	0.31277
1002.94	0.31292
1003.17	0.3124
1003.39	0.31189
1003.61	0.31203
1003.83	0.31262
1004.06	0.31234
1004.28	0.31185
1004.5	0.31279
1004.72	0.31315
1004.94	0.31261
1005.17	0.31223
1005.39	0.31297