400.605	0.02105
400.722	0.02107
400.84	0.02109
400.958	0.02095
401.075	0.0209
401.193	0.02092
401.311	0.02093
401.429	0.02096
401.546	0.02093
401.664	0.02094
401.782	0.02088
401.899	0.02096
402.017	0.02097
402.135	0.02093
402.252	0.02092
402.37	0.02091
402.488	0.02092
402.605	0.02091
402.723	0.0209
402.841	0.02096
402.958	0.02099
403.076	0.02095
403.194	0.02093
403.311	0.02094
403.429	0.02096
403.546	0.02098
403.664	0.02094
403.782	0.02096
403.899	0.02096
404.017	0.021
404.134	0.02098
404.252	0.02105
404.369	0.02114
404.487	0.02116
404.604	0.02121
404.722	0.02124
404.839	0.02124
404.957	0.02142
405.074	0.0215
405.192	0.02152
405.309	0.02163
405.427	0.02167
405.544	0.02177
405.662	0.02183
405.779	0.02188
405.897	0.02181
406.014	0.02181
406.132	0.02184
406.249	0.02182
406.367	0.02176
406.484	0.02186
406.601	0.02192
406.719	0.02186
406.836	0.02187
406.954	0.02192
407.071	0.02187
407.188	0.02196
407.306	0.02193
407.423	0.02194
407.541	0.02198
407.658	0.02199
407.775	0.02201
407.893	0.02205
408.01	0.02204
408.127	0.02204
408.245	0.02211
408.362	0.02215
408.479	0.02208
408.597	0.02221
408.714	0.0222
408.831	0.02224
408.949	0.02224
409.066	0.02224
409.183	0.02223
409.3	0.02236
409.418	0.02234
409.535	0.02239
409.652	0.02241
409.769	0.0224
409.887	0.02244
410.004	0.02253
410.121	0.02262
410.238	0.02262
410.355	0.02263
410.473	0.02271
410.59	0.0227
410.707	0.02277
410.824	0.02279
410.941	0.02276
411.059	0.02278
411.176	0.02292
411.293	0.02289
411.41	0.02296
411.527	0.02306
411.644	0.02305
411.761	0.02312
411.879	0.02318
411.996	0.02316
412.113	0.02321
412.23	0.02332
412.347	0.02324
412.464	0.02342
412.581	0.02343
412.698	0.02345
412.815	0.02354
412.932	0.02355
413.049	0.02365
413.166	0.02367
413.284	0.02381
413.401	0.02372
413.518	0.02378
413.635	0.02382
413.752	0.02391
413.869	0.02393
413.986	0.02397
414.103	0.02402
414.22	0.02407
414.337	0.02411
414.454	0.02414
414.571	0.02413
414.688	0.0243
414.804	0.02428
414.921	0.02434
415.038	0.02435
415.155	0.02441
415.272	0.02446
415.389	0.02453
415.506	0.02454
415.623	0.02461
415.74	0.02468
415.857	0.02476
415.974	0.02478
416.091	0.02483
416.207	0.02481
416.324	0.02485
416.441	0.02494
416.558	0.02493
416.675	0.02499
416.792	0.02498
416.908	0.02507
417.025	0.02512
417.142	0.02512
417.259	0.02518
417.376	0.02526
417.493	0.0253
417.609	0.02535
417.726	0.02535
417.843	0.02535
417.96	0.02545
418.076	0.02541
418.193	0.02551
418.31	0.02555
418.427	0.02551
418.543	0.02562
418.66	0.02559
418.777	0.02568
418.894	0.02576
419.01	0.02574
419.127	0.0258
419.244	0.02581
419.36	0.0258
419.477	0.02588
419.594	0.02586
419.71	0.02603
419.827	0.026
419.944	0.02605
420.06	0.02607
420.177	0.02611
420.294	0.02613
420.41	0.02621
420.527	0.02614
420.644	0.02615
420.76	0.02628
420.877	0.0263
420.993	0.02633
421.11	0.02639
421.227	0.02644
421.343	0.02645
421.46	0.02648
421.576	0.02652
421.693	0.02655
421.809	0.02659
421.926	0.02662
422.043	0.02673
422.159	0.02672
422.276	0.02676
422.392	0.02682
422.509	0.0268
422.625	0.02689
422.742	0.02703
422.858	0.02706
422.975	0.02711
423.091	0.02713
423.208	0.02714
423.324	0.02716
423.44	0.02718
423.557	0.02716
423.673	0.0272
423.79	0.02733
423.906	0.02725
424.023	0.02717
424.139	0.02721
424.255	0.02724
424.372	0.0274
424.488	0.02736
424.605	0.02752
424.721	0.02761
424.837	0.02768
424.954	0.02774
425.07	0.02769
425.186	0.02769
425.303	0.02781
425.419	0.02783
425.536	0.02788
425.652	0.02791
425.768	0.02796
425.884	0.02792
426.001	0.02794
426.117	0.02804
426.233	0.02813
426.35	0.02815
426.466	0.0281
426.582	0.02821
426.698	0.02829
426.815	0.02825
426.931	0.0283
427.047	0.02825
427.163	0.02829
427.28	0.02837
427.396	0.02852
427.512	0.02851
427.628	0.02851
427.745	0.0285
427.861	0.02855
427.977	0.02857
428.093	0.0286
428.209	0.02863
428.325	0.02864
428.442	0.02871
428.558	0.02874
428.674	0.02885
428.79	0.02884
428.906	0.02885
429.022	0.0289
429.138	0.02896
429.255	0.02893
429.371	0.02893
429.487	0.02897
429.603	0.029
429.719	0.02897
429.835	0.02907
429.951	0.02909
430.067	0.02912
430.183	0.02911
430.299	0.02913
430.415	0.02922
430.531	0.02926
430.647	0.02931
430.764	0.02931
430.88	0.02931
430.996	0.02934
431.112	0.02925
431.228	0.02937
431.344	0.02944
431.46	0.02954
431.576	0.02949
431.691	0.02948
431.807	0.02948
431.848	0.0285
431.964	0.02844
432.08	0.02854
432.196	0.02857
432.312	0.02864
432.429	0.02863
432.545	0.02871
432.661	0.0287
432.777	0.02876
432.893	0.02881
433.009	0.02881
433.125	0.02885
433.241	0.02892
433.357	0.02887
433.473	0.029
433.589	0.02898
433.705	0.02898
433.821	0.029
433.937	0.02906
434.053	0.02911
434.169	0.02911
434.285	0.02916
434.4	0.02918
434.516	0.02922
434.632	0.02921
434.748	0.02931
434.864	0.02932
434.98	0.02934
435.096	0.02939
435.212	0.02942
435.328	0.02943
435.444	0.02945
435.56	0.02955
435.675	0.02955
435.791	0.0296
435.907	0.02965
436.023	0.02972
436.139	0.02972
436.255	0.02973
436.37	0.02978
436.486	0.02987
436.602	0.02989
436.718	0.02986
436.834	0.02991
436.95	0.02995
437.065	0.02993
437.181	0.02998
437.297	0.03005
437.413	0.03012
437.528	0.03019
437.644	0.03014
437.76	0.03023
437.876	0.0302
437.991	0.0303
438.107	0.03028
438.223	0.03035
438.338	0.03033
438.454	0.03036
438.57	0.0304
438.686	0.03044
438.801	0.03051
438.917	0.03051
439.033	0.03053
439.148	0.03061
439.264	0.03059
439.38	0.03062
439.495	0.03062
439.611	0.03071
439.726	0.03076
439.842	0.03079
439.958	0.03078
440.073	0.03081
440.189	0.03083
440.305	0.03089
440.42	0.03094
440.536	0.03096
440.651	0.03098
440.767	0.03101
440.882	0.03106
440.998	0.03103
441.114	0.03108
441.229	0.03118
441.345	0.03112
441.46	0.03114
441.576	0.03125
441.691	0.03124
441.807	0.03126
441.922	0.03126
442.038	0.03138
442.153	0.03137
442.269	0.03138
442.384	0.03141
442.5	0.03147
442.615	0.0314
442.73	0.03153
442.846	0.03145
442.961	0.03157
443.077	0.03157
443.192	0.03162
443.308	0.03167
443.423	0.03168
443.538	0.0317
443.654	0.0317
443.769	0.03167
443.885	0.03173
444	0.03169
444.115	0.03175
444.231	0.03179
444.346	0.03186
444.461	0.03188
444.577	0.03192
444.692	0.03193
444.807	0.03194
444.923	0.03194
445.038	0.03203
445.153	0.03199
445.269	0.03208
445.384	0.03212
445.499	0.03215
445.614	0.03209
445.73	0.03217
445.845	0.03223
445.96	0.03217
446.075	0.03218
446.191	0.03224
446.306	0.03226
446.421	0.03224
446.536	0.03233
446.652	0.03229
446.767	0.03228
446.882	0.03233
446.997	0.03242
447.112	0.03241
447.228	0.03243
447.343	0.03235
447.458	0.03251
447.573	0.03251
447.688	0.0325
447.803	0.03254
447.919	0.0326
448.034	0.03254
448.149	0.0326
448.264	0.03264
448.379	0.03264
448.494	0.03266
448.609	0.03268
448.724	0.03264
448.839	0.03269
448.954	0.03269
449.07	0.03273
449.185	0.03269
449.3	0.03271
449.415	0.03274
449.53	0.03273
449.645	0.03274
449.76	0.03274
449.875	0.03274
449.99	0.03286
450.105	0.03273
450.22	0.03286
450.335	0.03286
450.45	0.03289
450.565	0.03287
450.68	0.03287
450.795	0.0329
450.91	0.0329
451.025	0.0329
451.14	0.03297
451.255	0.0329
451.369	0.03298
451.484	0.03297
451.599	0.03299
451.714	0.033
451.829	0.03298
451.944	0.03299
452.059	0.03297
452.174	0.03298
452.289	0.03297
452.404	0.03296
452.518	0.03298
452.633	0.03299
452.748	0.03302
452.863	0.03303
452.978	0.03297
453.093	0.03303
453.207	0.03306
453.322	0.03299
453.437	0.03301
453.552	0.03303
453.667	0.03305
453.781	0.03306
453.896	0.03308
454.011	0.03311
454.126	0.03304
454.24	0.03305
454.355	0.03305
454.47	0.03302
454.585	0.03307
454.699	0.03309
454.814	0.03306
454.929	0.03309
455.044	0.03311
455.158	0.03306
455.273	0.03313
455.388	0.03309
455.502	0.03309
455.617	0.03301
455.732	0.03312
455.846	0.0331
455.961	0.03313
456.076	0.03306
456.19	0.03308
456.305	0.03311
456.42	0.03303
456.534	0.03302
456.649	0.03304
456.763	0.0331
456.878	0.0331
456.993	0.03308
457.13	0.03232
457.245	0.03218
457.36	0.03218
457.475	0.03212
457.589	0.03214
457.704	0.03219
457.819	0.03212
457.934	0.03212
458.049	0.03212
458.163	0.03218
458.278	0.03214
458.393	0.03209
458.508	0.03221
458.622	0.03215
458.737	0.03207
458.852	0.03204
458.966	0.0321
459.081	0.03208
459.196	0.03208
459.311	0.03209
459.425	0.03214
459.54	0.03214
459.655	0.03204
459.769	0.032
459.884	0.03209
459.999	0.0321
460.113	0.03206
460.228	0.03204
460.343	0.03203
460.457	0.03198
460.572	0.03205
460.686	0.03214
460.801	0.03206
460.916	0.03207
461.03	0.03215
461.145	0.03212
461.259	0.03206
461.374	0.03206
461.488	0.03212
461.603	0.03213
461.718	0.0322
461.832	0.03227
461.947	0.0321
462.061	0.0322
462.176	0.03215
462.29	0.03218
462.405	0.03221
462.519	0.03223
462.634	0.03213
462.748	0.03217
462.863	0.03212
462.977	0.03208
463.092	0.03208
463.206	0.0321
463.321	0.03213
463.435	0.03217
463.549	0.03202
463.664	0.0321
463.778	0.03212
463.893	0.03209
464.007	0.03217
464.121	0.03212
464.236	0.03209
464.35	0.03204
464.465	0.03207
464.579	0.03209
464.693	0.03207
464.808	0.03205
464.922	0.03204
465.036	0.032
465.151	0.03207
465.265	0.03208
465.379	0.03204
465.494	0.03201
465.608	0.03202
465.722	0.03206
465.837	0.03217
465.951	0.032
466.065	0.0321
466.18	0.03198
466.294	0.032
466.408	0.03208
466.522	0.032
466.637	0.03202
466.751	0.032
466.865	0.03206
466.979	0.03204
467.094	0.03201
467.208	0.03197
467.322	0.03198
467.436	0.03204
467.55	0.03195
467.664	0.03201
467.779	0.03204
467.893	0.032
468.007	0.03202
468.121	0.03199
468.235	0.03196
468.349	0.03203
468.464	0.03204
468.578	0.03197
468.692	0.03201
468.806	0.03198
468.92	0.03201
469.034	0.032
469.148	0.03201
469.262	0.032
469.376	0.03196
469.491	0.03199
469.605	0.032
469.719	0.03196
469.833	0.032
469.947	0.03199
470.061	0.03199
470.175	0.03199
470.289	0.03207
470.403	0.032
470.517	0.03197
470.631	0.032
470.745	0.032
470.859	0.032
470.973	0.03197
471.087	0.03203
471.201	0.03193
471.315	0.03197
471.429	0.03204
471.543	0.03198
471.657	0.032
471.77	0.03201
471.884	0.03198
471.998	0.03201
472.112	0.03201
472.226	0.03204
472.34	0.032
472.454	0.03202
472.568	0.03201
472.682	0.03203
472.796	0.03197
472.909	0.03211
473.023	0.03197
473.137	0.03203
473.251	0.03201
473.365	0.03205
473.479	0.03207
473.592	0.03208
473.706	0.03212
473.82	0.03207
473.934	0.03204
474.048	0.03209
474.161	0.03211
474.275	0.03212
474.389	0.03211
474.503	0.0321
474.616	0.03205
474.73	0.03211
474.844	0.03208
474.958	0.03212
475.071	0.03207
475.185	0.03208
475.299	0.0321
475.413	0.03217
475.526	0.03217
475.64	0.03213
475.754	0.03215
475.867	0.0321
475.981	0.03211
476.095	0.03217
476.208	0.03216
476.322	0.03221
476.436	0.03214
476.549	0.03218
476.663	0.0322
476.776	0.03221
476.89	0.03222
477.004	0.03223
477.117	0.03217
477.231	0.03222
477.344	0.03222
477.458	0.03224
477.572	0.03225
477.685	0.03223
477.799	0.03222
477.912	0.03225
478.026	0.0323
478.139	0.03229
478.253	0.03225
478.366	0.03225
478.48	0.03234
478.593	0.03229
478.707	0.03235
478.82	0.03228
478.934	0.03231
479.047	0.0324
479.161	0.03237
479.274	0.03233
479.388	0.03229
479.501	0.03244
479.615	0.03234
479.728	0.03232
479.841	0.03239
479.955	0.03245
480.068	0.03237
480.182	0.03243
480.295	0.0324
480.409	0.03239
480.522	0.03243
480.635	0.03234
480.749	0.03238
480.862	0.03241
480.975	0.0324
481.089	0.03242
481.202	0.03247
481.315	0.03244
481.429	0.03244
481.542	0.0324
481.655	0.03247
481.769	0.03249
481.882	0.03246
481.995	0.03244
482.109	0.03254
482.222	0.03247
482.335	0.03251
482.448	0.03247
482.562	0.03251
482.675	0.03256
482.788	0.03248
482.901	0.03254
483.015	0.0326
483.128	0.03257
483.241	0.03254
483.354	0.03261
483.467	0.03264
483.581	0.03259
483.694	0.03261
483.807	0.03263
483.92	0.0326
484.033	0.03258
484.146	0.03265
484.26	0.03267
484.373	0.03264
484.486	0.03261
484.599	0.03267
484.712	0.03266
484.825	0.0327
484.938	0.03264
485.051	0.03269
485.165	0.03267
485.278	0.03268
485.391	0.03274
485.504	0.03275
485.617	0.0327
485.73	0.03279
485.843	0.03275
485.956	0.03282
486.069	0.03277
486.182	0.03286
486.295	0.0329
486.408	0.03287
486.521	0.03286
486.634	0.03287
486.747	0.03293
486.86	0.03288
486.973	0.03297
487.086	0.03297
487.199	0.03296
487.312	0.03292
487.425	0.033
487.538	0.03303
487.651	0.03297
487.764	0.03308
487.877	0.03304
487.989	0.03307
488.102	0.03307
488.215	0.0331
488.328	0.03315
488.441	0.03316
488.554	0.03319
488.667	0.03316
488.78	0.03323
488.893	0.03328
489.005	0.03322
489.118	0.03323
489.231	0.03327
489.344	0.03334
489.457	0.03334
489.57	0.03336
489.682	0.03343
489.795	0.03335
489.908	0.03343
490.021	0.03347
490.133	0.03348
490.246	0.03353
490.359	0.03356
490.472	0.03352
490.584	0.03354
490.697	0.03362
490.81	0.03365
490.923	0.0337
491.035	0.03374
491.148	0.03373
491.261	0.03371
491.374	0.03382
491.486	0.0338
491.599	0.03381
491.712	0.03392
491.824	0.03397
491.937	0.03388
492.05	0.03395
492.162	0.03396
492.275	0.03403
492.387	0.03401
492.5	0.03409
492.613	0.03413
492.725	0.03418
492.838	0.03418
492.951	0.03424
493.063	0.03427
493.176	0.03428
493.288	0.03435
493.401	0.03434
493.513	0.0344
493.626	0.0344
493.738	0.03452
493.851	0.03447
493.964	0.03449
494.076	0.03454
494.189	0.03457
494.301	0.03462
494.414	0.0346
494.526	0.03467
494.639	0.03478
494.751	0.03471
494.864	0.03484
494.976	0.03482
495.088	0.03492
495.201	0.03496
495.313	0.03495
495.426	0.03512
495.538	0.03508
495.651	0.03514
495.763	0.03516
495.875	0.03521
495.988	0.03524
496.1	0.03527
496.213	0.03538
496.325	0.03534
496.437	0.03537
496.55	0.03542
496.662	0.03549
496.774	0.0356
496.887	0.03561
496.999	0.03565
497.111	0.0357
497.224	0.03581
497.336	0.03579
497.448	0.03585
497.561	0.03597
497.673	0.036
497.785	0.03603
497.898	0.03605
498.01	0.03611
498.122	0.03612
498.234	0.03618
498.347	0.03624
498.459	0.03633
498.571	0.03638
498.683	0.03643
498.795	0.03646
498.908	0.03659
499.02	0.03654
499.132	0.03661
499.244	0.03669
499.356	0.03677
499.469	0.03685
499.581	0.03688
499.693	0.03687
499.805	0.03692
499.917	0.03702
500.029	0.03704
500.142	0.03713
500.254	0.03724
500.366	0.03731
500.478	0.03738
500.59	0.03745
500.702	0.03747
500.814	0.03754
500.926	0.03761
501.038	0.03757
501.15	0.03767
501.262	0.03782
501.375	0.03789
501.487	0.03787
501.599	0.03798
501.711	0.038
501.823	0.03812
501.935	0.03823
502.047	0.03826
502.159	0.03829
502.271	0.03839
502.383	0.03852
502.495	0.03855
502.607	0.03863
502.719	0.0387
502.831	0.03875
502.942	0.03881
503.054	0.03889
503.166	0.03896
503.278	0.03908
503.39	0.03912
503.495	0.03897
503.607	0.03911
503.72	0.03916
503.832	0.03924
503.944	0.03934
504.056	0.03934
504.169	0.03947
504.281	0.0395
504.393	0.03959
504.505	0.03965
504.617	0.03976
504.73	0.03996
504.842	0.03989
504.954	0.04002
505.066	0.04007
505.178	0.04015
505.291	0.04019
505.403	0.04032
505.515	0.04037
505.627	0.04045
505.739	0.04053
505.851	0.04063
505.963	0.04074
506.076	0.04083
506.188	0.04087
506.3	0.04099
506.412	0.04117
506.524	0.04115
506.636	0.04126
506.748	0.04131
506.86	0.04144
506.972	0.04153
507.084	0.04166
507.196	0.04176
507.308	0.04189
507.42	0.04194
507.532	0.04202
507.644	0.04214
507.756	0.04232
507.868	0.0424
507.98	0.04253
508.092	0.04255
508.204	0.04267
508.316	0.04275
508.428	0.04298
508.54	0.04307
508.652	0.043
508.764	0.04321
508.876	0.0433
508.988	0.04341
509.1	0.04348
509.212	0.0436
509.324	0.04371
509.436	0.04385
509.548	0.0439
509.659	0.04399
509.771	0.04421
509.883	0.04422
509.995	0.04426
510.107	0.0444
510.219	0.04452
510.331	0.04461
510.442	0.04473
510.554	0.04485
510.666	0.04495
510.778	0.045
510.89	0.04518
511.001	0.04529
511.113	0.04545
511.225	0.04554
511.337	0.04569
511.449	0.04572
511.56	0.04584
511.672	0.04599
511.784	0.04613
511.896	0.04623
512.007	0.04637
512.119	0.0465
512.231	0.04659
512.342	0.04679
512.454	0.04692
512.566	0.04708
512.678	0.04717
512.789	0.04724
512.901	0.04739
513.013	0.04745
513.124	0.04762
513.236	0.04773
513.347	0.04789
513.459	0.04803
513.571	0.04817
513.682	0.04819
513.794	0.04839
513.906	0.04841
514.017	0.04868
514.129	0.04881
514.24	0.0489
514.352	0.04906
514.464	0.04929
514.575	0.04923
514.687	0.04948
514.798	0.04971
514.91	0.04964
515.021	0.04984
515.133	0.04999
515.244	0.0502
515.356	0.05017
515.467	0.05042
515.579	0.05057
515.69	0.05069
515.802	0.05092
515.913	0.05096
516.025	0.05119
516.136	0.05125
516.248	0.05138
516.359	0.05164
516.471	0.05168
516.582	0.05177
516.693	0.05198
516.805	0.05211
516.916	0.05233
517.028	0.05241
517.139	0.05256
517.25	0.0527
517.362	0.05288
517.473	0.05304
517.584	0.05322
517.696	0.05323
517.807	0.0535
517.919	0.05368
518.03	0.05375
518.141	0.05388
518.253	0.05408
518.364	0.05418
518.475	0.05441
518.586	0.05444
518.698	0.05454
518.809	0.05475
518.92	0.05495
519.032	0.05505
519.143	0.05517
519.254	0.05541
519.365	0.05556
519.477	0.05563
519.588	0.05582
519.699	0.05597
519.81	0.05614
519.921	0.05622
520.033	0.05642
520.144	0.05656
520.255	0.0567
520.366	0.05688
520.477	0.05708
520.589	0.05717
520.7	0.05728
520.811	0.05754
520.922	0.05758
521.033	0.05778
521.144	0.05799
521.255	0.05815
521.366	0.0581
521.478	0.05832
521.589	0.05851
521.7	0.05868
521.811	0.05884
521.922	0.05903
522.033	0.05905
522.144	0.05923
522.255	0.05932
522.366	0.05956
522.477	0.05963
522.588	0.05978
522.699	0.05993
522.81	0.06009
522.921	0.0603
523.032	0.06041
523.143	0.0606
523.254	0.06069
523.365	0.06088
523.476	0.06104
523.587	0.06106
523.698	0.06123
523.809	0.06145
523.92	0.0616
524.031	0.06169
524.142	0.06164
524.253	0.06199
524.364	0.06206
524.475	0.0622
524.586	0.06237
524.696	0.06258
524.807	0.06261
524.918	0.06277
525.029	0.06292
525.14	0.06293
525.251	0.06309
525.362	0.0631
525.472	0.06322
525.583	0.06328
525.694	0.06343
525.805	0.06367
525.916	0.06376
526.027	0.06397
526.137	0.06406
526.248	0.06413
526.359	0.06426
526.47	0.06441
526.58	0.06451
526.691	0.06462
526.802	0.06478
526.913	0.06488
527.023	0.06497
527.134	0.06497
527.245	0.06522
527.356	0.06536
527.466	0.06542
527.577	0.06552
527.688	0.06563
527.798	0.06576
527.909	0.06584
528.02	0.06603
528.13	0.066
528.241	0.06615
528.352	0.06632
528.462	0.06637
528.573	0.06635
528.684	0.0665
528.794	0.06669
528.905	0.06672
529.015	0.06678
529.126	0.06688
529.237	0.06692
529.347	0.06692
529.458	0.06712
529.568	0.06732
529.679	0.06728
529.789	0.06738
529.9	0.06738
530.011	0.06745
530.121	0.06753
530.232	0.06764
530.342	0.06775
530.453	0.06779
530.563	0.06784
530.674	0.06779
530.784	0.068
530.895	0.06802
531.005	0.068
531.115	0.06807
531.226	0.06813
531.336	0.06814
531.447	0.06821
531.557	0.06831
531.668	0.06838
531.778	0.06832
531.889	0.06842
531.999	0.06847
532.109	0.06836
532.22	0.06838
532.33	0.06856
532.44	0.06853
532.551	0.0685
532.661	0.06851
532.772	0.0687
532.882	0.06871
532.992	0.06866
533.103	0.06861
533.213	0.06862
533.323	0.06865
533.433	0.06867
533.544	0.06875
533.654	0.06871
533.764	0.06884
533.875	0.06889
533.985	0.06874
534.095	0.06885
534.205	0.06875
534.316	0.0688
534.426	0.06877
534.536	0.06882
534.646	0.06889
534.757	0.06884
534.867	0.06876
534.977	0.06868
535.087	0.06879
535.197	0.06886
535.307	0.06888
535.418	0.0688
535.528	0.06874
535.638	0.06878
535.748	0.06883
535.858	0.06878
535.968	0.06864
536.079	0.0688
536.189	0.06854
536.299	0.06871
536.409	0.06874
536.519	0.06871
536.629	0.06865
536.739	0.06873
536.849	0.06856
536.959	0.06866
537.069	0.06866
537.179	0.06873
537.289	0.06876
537.399	0.06873
537.509	0.06874
537.619	0.06867
537.729	0.06869
537.839	0.06874
537.949	0.06863
538.059	0.06869
538.169	0.06868
538.279	0.06861
538.389	0.06859
538.499	0.06865
538.609	0.06859
538.719	0.06868
538.829	0.06877
538.939	0.06865
539.049	0.06877
539.159	0.06871
539.269	0.06869
539.379	0.06869
539.489	0.06868
539.599	0.06849
539.708	0.06859
539.818	0.06853
539.928	0.06863
540.038	0.06863
540.148	0.06861
540.258	0.06864
540.368	0.06876
540.477	0.06876
540.587	0.06872
540.697	0.06879
540.807	0.06888
540.917	0.06883
541.026	0.06882
541.136	0.06886
541.246	0.06888
541.356	0.06885
541.465	0.06892
541.575	0.06901
541.685	0.06904
541.795	0.06905
541.904	0.06902
542.014	0.06914
542.124	0.06919
542.234	0.06916
542.343	0.06916
542.453	0.06922
542.563	0.06925
542.672	0.06933
542.782	0.06928
542.892	0.06941
543.001	0.06933
543.111	0.06938
543.221	0.06946
543.33	0.06951
543.44	0.06944
543.549	0.06961
543.659	0.06979
543.769	0.06969
543.878	0.06975
543.988	0.06983
544.097	0.06964
544.207	0.06987
544.316	0.07
544.426	0.07009
544.536	0.0701
544.645	0.07017
544.755	0.0702
544.864	0.0703
544.974	0.07027
545.083	0.07034
545.193	0.07039
545.302	0.07042
545.412	0.07055
545.521	0.07055
545.631	0.07058
545.74	0.07068
545.85	0.07083
545.959	0.07089
546.068	0.07091
546.178	0.07099
546.287	0.07103
546.397	0.07107
546.506	0.07113
546.615	0.07128
546.725	0.07124
546.834	0.07143
546.944	0.07142
547.053	0.07154
547.162	0.07148
547.272	0.07162
547.381	0.07177
547.49	0.07173
547.6	0.0718
547.709	0.07196
547.818	0.07195
547.928	0.07209
548.037	0.07213
548.146	0.07218
548.256	0.07228
548.365	0.07238
548.474	0.07235
548.583	0.07251
548.693	0.07265
548.802	0.07254
548.911	0.07263
549.02	0.07287
549.13	0.07277
549.239	0.07295
549.348	0.07297
549.457	0.07307
549.566	0.0732
549.676	0.07329
549.785	0.07335
549.894	0.07332
550.003	0.07347
550.112	0.07337
550.222	0.07353
550.331	0.07362
550.44	0.07371
550.549	0.07384
550.658	0.07396
550.767	0.07399
550.876	0.07406
550.985	0.07416
551.094	0.0741
551.204	0.07422
551.313	0.07428
551.422	0.07437
551.531	0.07455
551.64	0.0746
551.749	0.07472
551.858	0.07476
551.967	0.07478
552.076	0.07481
552.185	0.07496
552.294	0.0749
552.403	0.07512
552.512	0.07505
552.621	0.07522
552.73	0.07527
552.839	0.07534
552.948	0.07535
553.057	0.07552
553.166	0.0754
553.275	0.07557
553.384	0.07563
553.493	0.07562
553.601	0.07574
553.71	0.0757
553.819	0.07587
553.928	0.07583
554.037	0.07605
554.146	0.07618
554.255	0.07603
554.364	0.07619
554.473	0.07615
554.581	0.07632
554.69	0.07642
554.799	0.07644
554.908	0.07637
555.017	0.07644
555.126	0.07645
555.234	0.07656
555.343	0.07662
555.452	0.07661
555.561	0.07674
555.669	0.07669
555.778	0.07675
555.887	0.07679
555.996	0.07684
556.104	0.07698
556.213	0.07693
556.322	0.07699
556.431	0.077
556.539	0.07703
556.648	0.07704
556.757	0.07715
556.865	0.07728
556.974	0.07725
557.083	0.07731
557.191	0.07725
557.3	0.07744
557.409	0.07731
557.517	0.07759
557.626	0.07733
557.735	0.0775
557.843	0.07751
557.952	0.07757
558.061	0.07747
558.169	0.0776
558.278	0.07758
558.386	0.07758
558.495	0.07753
558.603	0.07768
558.712	0.07761
558.821	0.07769
558.929	0.07765
559.038	0.07772
559.146	0.07769
559.255	0.07784
559.363	0.07773
559.472	0.07779
559.58	0.0779
559.689	0.07783
559.797	0.07791
559.906	0.07785
560.014	0.07787
560.123	0.07785
560.231	0.07789
560.339	0.07797
560.448	0.07793
560.556	0.07799
560.665	0.07794
560.773	0.07789
560.882	0.07789
560.99	0.07796
561.098	0.0779
561.207	0.07793
561.315	0.07793
561.423	0.0779
561.532	0.07797
561.64	0.07795
561.749	0.07784
561.857	0.07788
561.965	0.07791
562.074	0.07788
562.182	0.07796
562.29	0.07782
562.398	0.07809
562.507	0.07794
562.615	0.07798
562.723	0.07791
562.832	0.07783
562.94	0.07784
563.048	0.07782
563.156	0.07779
563.265	0.07778
563.373	0.07782
563.481	0.07781
563.589	0.07783
563.697	0.07782
563.806	0.07771
563.914	0.0776
564.022	0.0777
564.13	0.0776
564.238	0.07761
564.347	0.07767
564.455	0.07763
564.563	0.07765
564.671	0.07748
564.779	0.07752
564.887	0.07747
564.995	0.07757
565.103	0.07744
565.212	0.07744
565.32	0.07755
565.428	0.07742
565.536	0.07747
565.644	0.07746
565.752	0.07731
565.86	0.07728
565.968	0.07739
566.076	0.07732
566.184	0.07724
566.292	0.07737
566.4	0.07714
566.508	0.07712
566.616	0.07713
566.724	0.0771
566.832	0.07707
566.94	0.07706
567.048	0.07718
567.156	0.07703
567.264	0.07698
567.372	0.07693
567.48	0.07686
567.588	0.07698
567.696	0.07675
567.804	0.07677
567.912	0.07678
568.019	0.07671
568.127	0.07672
568.235	0.07678
568.343	0.07661
568.451	0.07666
568.559	0.07665
568.667	0.07659
568.775	0.07662
568.882	0.07647
568.99	0.07647
569.098	0.07641
569.206	0.07632
569.314	0.07629
569.421	0.07653
569.529	0.07641
569.637	0.07636
569.745	0.07637
569.853	0.07635
569.96	0.07631
570.068	0.07618
570.176	0.07613
570.284	0.07619
570.391	0.07606
570.499	0.07605
570.607	0.0761
570.714	0.07605
570.822	0.07599
570.93	0.07603
571.038	0.07601
571.145	0.07591
571.253	0.07587
571.361	0.07578
571.468	0.07583
571.576	0.07574
571.683	0.07568
571.791	0.07584
571.899	0.0758
572.006	0.07563
572.114	0.07565
572.222	0.07562
572.329	0.0756
572.437	0.0756
572.544	0.07557
572.652	0.07557
572.759	0.07551
572.867	0.07558
572.975	0.07544
573.082	0.07534
573.19	0.07541
573.297	0.07538
573.405	0.0755
573.512	0.0753
573.62	0.07538
573.727	0.07539
573.835	0.07533
573.942	0.07528
574.05	0.07523
574.157	0.07532
574.265	0.07513
574.372	0.07523
574.479	0.07515
574.587	0.07509
574.694	0.07514
574.802	0.07511
574.909	0.07506
575.016	0.07506
575.124	0.07508
575.231	0.07501
575.339	0.07505
575.446	0.07509
575.553	0.07494
575.661	0.07501
575.768	0.07498
575.875	0.07504
575.983	0.07508
576.09	0.07501
576.197	0.07496
576.305	0.0749
576.412	0.07507
576.519	0.07505
576.627	0.07498
576.734	0.07491
576.841	0.07484
576.948	0.07493
577.056	0.07488
577.163	0.07484
577.27	0.07488
577.377	0.07484
577.485	0.07478
577.592	0.075
577.699	0.07485
577.806	0.07486
577.913	0.0747
578.021	0.07472
578.128	0.07466
578.235	0.07465
578.342	0.07472
578.449	0.07455
578.556	0.07462
578.664	0.07466
578.771	0.07469
578.878	0.07469
578.985	0.07452
579.092	0.07476
579.199	0.07456
579.306	0.07457
579.413	0.07452
579.52	0.07454
579.627	0.07457
579.734	0.07454
579.842	0.07453
579.949	0.07452
580.056	0.07459
580.163	0.07445
580.27	0.07451
580.377	0.07442
580.484	0.07443
580.591	0.07437
580.698	0.0744
580.805	0.07439
580.912	0.07434
581.019	0.07456
581.126	0.0744
581.232	0.07429
581.339	0.07434
581.446	0.07432
581.553	0.07427
581.66	0.07436
581.767	0.07432
581.874	0.07425
581.981	0.07434
582.088	0.07429
582.195	0.07436
582.302	0.0743
582.408	0.07434
582.515	0.07422
582.622	0.07415
582.729	0.07405
582.836	0.07418
582.943	0.07416
583.05	0.07408
583.156	0.07406
583.263	0.07412
583.37	0.07414
583.477	0.07413
583.583	0.07402
583.69	0.074
583.797	0.07403
583.904	0.07401
584.011	0.07408
584.117	0.07391
584.224	0.07392
584.331	0.07381
584.437	0.07389
584.544	0.07385
584.651	0.07385
584.758	0.07385
584.864	0.07378
584.971	0.07382
585.078	0.0737
585.184	0.07377
585.291	0.07366
585.398	0.0737
585.504	0.07363
585.611	0.07363
585.718	0.07363
585.824	0.07361
585.931	0.07352
586.037	0.07362
586.144	0.07356
586.251	0.07339
586.357	0.07351
586.464	0.07333
586.57	0.07349
586.677	0.07345
586.783	0.07342
586.89	0.07334
586.996	0.07338
587.103	0.07331
587.209	0.07341
587.316	0.07336
587.422	0.0733
587.529	0.07327
587.635	0.07323
587.742	0.0732
587.848	0.07318
587.955	0.07322
588.061	0.07307
588.168	0.07309
588.274	0.07309
588.381	0.07295
588.487	0.07295
588.594	0.07291
588.7	0.07292
588.806	0.07302
588.913	0.07276
589.019	0.07271
589.125	0.07276
589.232	0.07269
589.338	0.07262
589.445	0.07256
589.551	0.0726
589.657	0.07264
589.764	0.07273
589.87	0.07256
589.976	0.07258
590.083	0.07255
590.189	0.07231
590.295	0.07246
590.401	0.07226
590.508	0.0723
590.614	0.07228
590.72	0.07221
590.826	0.07221
590.933	0.07215
591.039	0.07216
591.145	0.07213
591.251	0.07209
591.358	0.07213
591.464	0.07192
591.57	0.07194
591.676	0.07196
591.782	0.07181
591.889	0.07196
591.995	0.0719
592.101	0.0718
592.207	0.07183
592.313	0.07165
592.419	0.07159
592.525	0.07163
592.632	0.07166
592.738	0.07159
592.844	0.07142
592.95	0.07149
593.056	0.07151
593.162	0.07148
593.268	0.07137
593.374	0.07142
593.48	0.07122
593.586	0.07135
593.692	0.07125
593.798	0.07115
593.904	0.07112
594.01	0.07115
594.117	0.0711
594.223	0.07112
594.329	0.071
594.435	0.07101
594.54	0.0709
594.646	0.07105
594.752	0.07085
594.858	0.07092
594.964	0.07076
595.07	0.07082
595.176	0.07074
595.282	0.07064
595.388	0.07068
595.494	0.07059
595.6	0.07049
595.706	0.07056
595.812	0.07044
595.918	0.07048
596.023	0.07031
596.129	0.07031
596.235	0.07034
596.341	0.07028
596.447	0.07008
596.553	0.07015
596.659	0.07019
596.764	0.07011
596.87	0.06999
596.976	0.06991
597.082	0.07
597.188	0.0699
597.293	0.06974
597.399	0.06983
597.505	0.06964
597.611	0.06969
597.716	0.06975
597.822	0.06949
597.928	0.06945
598.034	0.06947
598.139	0.06948
598.245	0.06937
598.351	0.06931
598.456	0.06925
598.562	0.06913
598.668	0.06901
598.773	0.06913
598.879	0.06905
598.985	0.06899
599.09	0.069
599.196	0.06877
599.302	0.06877
599.407	0.06867
599.513	0.06868
599.618	0.06855
599.724	0.06859
599.83	0.0684
599.935	0.06846
600.041	0.0684
600.146	0.06834
600.252	0.06824
600.358	0.06817
600.463	0.06815
600.569	0.068
600.674	0.06807
600.78	0.06798
600.885	0.06785
600.991	0.06781
601.096	0.06786
601.202	0.06776
601.307	0.06759
601.413	0.06757
601.518	0.06744
601.624	0.06746
601.729	0.06723
601.834	0.06719
601.94	0.06725
602.045	0.06722
602.151	0.06711
602.256	0.06689
602.362	0.06694
602.467	0.06687
602.572	0.06687
602.678	0.06672
602.783	0.06663
602.888	0.06651
602.994	0.06649
603.099	0.06648
603.205	0.06643
603.31	0.06642
603.415	0.06622
603.521	0.06626
603.626	0.06618
603.731	0.0661
603.836	0.06601
603.942	0.06586
604.047	0.06579
604.152	0.06578
604.258	0.06571
604.363	0.06559
604.468	0.06555
604.573	0.06549
604.679	0.06538
604.784	0.06534
604.889	0.06524
604.994	0.06516
605.099	0.06521
605.205	0.06511
605.31	0.06496
605.415	0.0649
605.52	0.06465
605.625	0.06468
605.73	0.06467
605.836	0.06454
605.941	0.06443
606.046	0.06445
606.151	0.06435
606.256	0.06428
606.361	0.06427
606.466	0.06413
606.571	0.06416
606.677	0.06409
606.782	0.06389
606.887	0.064
606.992	0.06383
607.097	0.0637
607.202	0.06371
607.307	0.06363
607.412	0.06346
607.517	0.06335
607.622	0.06343
607.727	0.06324
607.832	0.06331
607.937	0.06315
608.042	0.06315
608.147	0.06292
608.252	0.06301
608.357	0.06288
608.462	0.06277
608.567	0.06273
608.672	0.06267
608.777	0.06263
608.882	0.06259
608.986	0.06242
609.091	0.06241
609.196	0.06227
609.301	0.06229
609.406	0.06216
609.511	0.06211
609.616	0.06204
609.768	0.06197
609.874	0.06189
609.98	0.06186
610.086	0.06171
610.192	0.06179
610.298	0.06162
610.404	0.0616
610.51	0.06161
610.615	0.06145
610.721	0.06145
610.827	0.06138
610.933	0.06133
611.039	0.06146
611.145	0.06136
611.25	0.06133
611.356	0.06133
611.462	0.06121
611.568	0.06103
611.674	0.0611
611.779	0.06109
611.885	0.061
611.991	0.06095
612.097	0.06084
612.202	0.06085
612.308	0.06075
612.414	0.0607
612.519	0.06071
612.625	0.06066
612.731	0.06058
612.836	0.06048
612.942	0.06056
613.048	0.06037
613.153	0.06046
613.259	0.06032
613.365	0.06031
613.47	0.06021
613.576	0.0603
613.682	0.06019
613.787	0.06021
613.893	0.06026
613.998	0.06018
614.104	0.06006
614.21	0.06001
614.315	0.06008
614.421	0.06002
614.526	0.06003
614.632	0.06005
614.737	0.06001
614.843	0.05997
614.948	0.05995
615.054	0.05983
615.16	0.05987
615.265	0.05977
615.371	0.05986
615.476	0.05977
615.581	0.05981
615.687	0.05979
615.792	0.0598
615.898	0.05976
616.003	0.05979
616.109	0.05971
616.214	0.05971
616.32	0.0596
616.425	0.05972
616.53	0.05967
616.636	0.05972
616.741	0.05964
616.847	0.05961
616.952	0.05951
617.057	0.05959
617.163	0.05947
617.268	0.05954
617.373	0.05955
617.479	0.05945
617.584	0.05951
617.689	0.05955
617.795	0.05934
617.9	0.05947
618.005	0.05938
618.111	0.05941
618.216	0.05935
618.321	0.05936
618.426	0.05935
618.532	0.05933
618.637	0.05933
618.742	0.05925
618.847	0.05934
618.953	0.05933
619.058	0.05934
619.163	0.05927
619.268	0.05934
619.373	0.05933
619.479	0.05927
619.584	0.05934
619.689	0.05927
619.794	0.05937
619.899	0.05923
620.004	0.05923
620.109	0.05922
620.215	0.05927
620.32	0.05928
620.425	0.05939
620.53	0.05924
620.635	0.05927
620.74	0.05933
620.845	0.05922
620.95	0.05928
621.055	0.05927
621.16	0.05935
621.265	0.05932
621.37	0.05929
621.475	0.05926
621.581	0.05926
621.686	0.05925
621.791	0.05929
621.896	0.05925
622.001	0.0593
622.105	0.05939
622.21	0.05926
622.315	0.05933
622.42	0.05931
622.525	0.05934
622.63	0.05932
622.735	0.05937
622.84	0.05934
622.945	0.05934
623.05	0.05938
623.155	0.05942
623.26	0.05934
623.365	0.0595
623.47	0.0594
623.574	0.05941
623.679	0.05942
623.784	0.05934
623.889	0.05947
623.994	0.05936
624.099	0.0595
624.203	0.05951
624.308	0.0595
624.413	0.05957
624.518	0.05963
624.623	0.05949
624.727	0.05953
624.832	0.05959
624.937	0.05954
625.042	0.05964
625.147	0.05961
625.251	0.05951
625.356	0.05964
625.461	0.05981
625.565	0.0597
625.67	0.05971
625.775	0.05966
625.88	0.05974
625.984	0.05978
626.089	0.05975
626.194	0.05988
626.298	0.05979
626.403	0.05977
626.508	0.05979
626.612	0.05987
626.717	0.06
626.821	0.06009
626.926	0.06002
627.031	0.06008
627.135	0.06006
627.24	0.05993
627.344	0.06003
627.449	0.05986
627.554	0.05986
627.658	0.05996
627.763	0.06003
627.867	0.06006
627.972	0.06013
628.076	0.06007
628.181	0.06024
628.285	0.06022
628.39	0.06017
628.494	0.06019
628.599	0.06022
628.703	0.06027
628.808	0.06022
628.912	0.06019
629.017	0.06025
629.121	0.06028
629.226	0.06029
629.33	0.06026
629.434	0.06029
629.539	0.06035
629.643	0.06035
629.748	0.0603
629.852	0.06027
629.956	0.0604
630.061	0.06033
630.165	0.06036
630.27	0.06032
630.374	0.06039
630.478	0.06037
630.583	0.0603
630.687	0.06038
630.791	0.06039
630.895	0.0603
631	0.06042
631.104	0.06023
631.208	0.06022
631.313	0.06028
631.417	0.06026
631.521	0.06032
631.625	0.06027
631.73	0.06022
631.834	0.06023
631.938	0.06026
632.042	0.06026
632.147	0.06014
632.251	0.06012
632.355	0.06016
632.459	0.06013
632.563	0.06011
632.668	0.06004
632.772	0.06007
632.876	0.05999
632.98	0.05985
633.084	0.05989
633.188	0.05986
633.292	0.0599
633.396	0.05982
633.501	0.05978
633.605	0.05971
633.709	0.0597
633.813	0.05965
633.917	0.05962
634.021	0.0596
634.125	0.05949
634.229	0.05947
634.333	0.05941
634.437	0.05935
634.541	0.05937
634.645	0.05934
634.749	0.05922
634.853	0.05916
634.957	0.05913
635.061	0.059
635.165	0.05894
635.269	0.05889
635.373	0.05897
635.477	0.0588
635.581	0.0587
635.685	0.05867
635.789	0.05864
635.893	0.05859
635.997	0.05852
636.101	0.0584
636.205	0.05839
636.308	0.05837
636.412	0.05813
636.516	0.05808
636.62	0.058
636.724	0.05792
636.828	0.05778
636.932	0.05773
637.035	0.05758
637.139	0.05754
637.243	0.05746
637.347	0.05742
637.451	0.05727
637.554	0.05718
637.658	0.05695
637.762	0.05697
637.866	0.05679
637.97	0.05677
638.073	0.05664
638.177	0.05651
638.281	0.05644
638.385	0.05624
638.488	0.05618
638.592	0.05605
638.696	0.05607
638.799	0.05589
638.903	0.05573
639.007	0.05564
639.11	0.05558
639.214	0.05543
639.318	0.05533
639.421	0.05521
639.525	0.0551
639.629	0.05503
639.732	0.05486
639.836	0.05472
639.939	0.05466
640.043	0.05452
640.147	0.05451
640.25	0.05429
640.354	0.05411
640.457	0.05415
640.561	0.0539
640.664	0.05369
640.768	0.05367
640.872	0.05345
640.975	0.05343
641.079	0.05323
641.182	0.05319
641.286	0.05312
641.389	0.05298
641.493	0.05289
641.596	0.05276
641.699	0.05264
641.803	0.05256
641.906	0.05235
642.01	0.05229
642.113	0.05213
642.217	0.05212
642.32	0.05196
642.424	0.05179
642.527	0.05174
642.63	0.05161
642.734	0.0515
642.837	0.0514
642.94	0.05136
643.044	0.0512
643.147	0.05109
643.251	0.05101
643.354	0.051
643.457	0.05079
643.561	0.05062
643.664	0.05059
643.767	0.05053
643.87	0.05041
643.974	0.0503
644.077	0.05017
644.18	0.05016
644.284	0.05006
644.387	0.0499
644.49	0.04992
644.593	0.04965
644.696	0.04961
644.8	0.04951
644.903	0.0495
645.006	0.04945
645.109	0.04933
645.213	0.04922
645.316	0.04913
645.419	0.04902
645.522	0.0488
645.625	0.0488
645.728	0.04885
645.831	0.04868
645.935	0.0486
646.038	0.04851
646.141	0.04841
646.244	0.04836
646.347	0.04828
646.45	0.04818
646.553	0.04804
646.656	0.04804
646.759	0.04796
646.862	0.04786
646.965	0.04782
647.069	0.04776
647.172	0.0476
647.275	0.04768
647.378	0.04758
647.481	0.04754
647.584	0.0474
647.687	0.04732
647.79	0.04732
647.893	0.04729
647.996	0.04717
648.099	0.04713
648.201	0.047
648.304	0.04703
648.407	0.04692
648.51	0.04686
648.613	0.04681
648.716	0.04681
648.819	0.04668
648.922	0.04669
649.025	0.04664
649.128	0.04659
649.231	0.04658
649.333	0.04647
649.436	0.04646
649.539	0.04644
649.642	0.04641
649.745	0.04642
649.848	0.04626
649.95	0.04629
650.053	0.04623
650.156	0.04623
650.259	0.04618
650.362	0.04617
650.464	0.04603
650.567	0.04607
650.67	0.04608
650.773	0.04598
650.875	0.04598
650.978	0.04595
651.081	0.04605
651.184	0.04595
651.286	0.04588
651.389	0.04578
651.492	0.04583
651.594	0.04578
651.697	0.04573
651.8	0.04567
651.902	0.04558
652.005	0.04569
652.108	0.04558
652.21	0.04549
652.313	0.04555
652.415	0.04558
652.518	0.04544
652.621	0.04554
652.723	0.04547
652.826	0.04536
652.928	0.04538
653.031	0.04537
653.134	0.04531
653.236	0.04526
653.339	0.04532
653.441	0.04523
653.544	0.04526
653.646	0.04523
653.749	0.04507
653.851	0.04507
653.954	0.0452
654.056	0.04501
654.159	0.045
654.261	0.04501
654.364	0.04493
654.466	0.04502
654.569	0.04486
654.671	0.04488
654.773	0.04486
654.876	0.04476
654.978	0.04477
655.081	0.04467
655.183	0.04471
655.285	0.04459
655.388	0.0446
655.49	0.04455
655.593	0.04458
655.695	0.04449
655.797	0.04445
655.9	0.04443
656.002	0.04442
656.104	0.04434
656.207	0.04437
656.309	0.04429
656.411	0.04422
656.513	0.04423
656.616	0.0441
656.718	0.04407
656.82	0.04399
656.922	0.04397
657.025	0.04391
657.127	0.04387
657.229	0.0438
657.331	0.04386
657.434	0.0437
657.536	0.04359
657.638	0.04359
657.74	0.04354
657.842	0.04352
657.945	0.04342
658.047	0.04338
658.149	0.04338
658.251	0.04322
658.353	0.0432
658.455	0.04328
658.557	0.04305
658.66	0.04302
658.762	0.04292
658.864	0.04298
658.966	0.04284
659.068	0.04282
659.17	0.04274
659.272	0.04272
659.374	0.04265
659.476	0.04254
659.578	0.04253
659.68	0.04236
659.782	0.04237
659.884	0.04231
659.986	0.04222
660.088	0.0422
660.19	0.04209
660.292	0.04208
660.394	0.04191
660.496	0.04188
660.598	0.04177
660.7	0.04176
660.802	0.04169
660.904	0.04168
661.006	0.04152
661.108	0.04152
661.21	0.04137
661.312	0.04128
661.414	0.04127
661.515	0.04121
661.617	0.04118
661.719	0.04107
661.821	0.04101
661.923	0.04094
662.025	0.04084
662.127	0.04078
662.228	0.04077
662.33	0.04064
662.432	0.04063
662.534	0.0405
662.636	0.04043
662.737	0.04044
662.839	0.0403
662.941	0.04029
663.043	0.04025
663.144	0.04014
663.246	0.04011
663.348	0.04003
663.45	0.04001
663.551	0.0399
663.653	0.0398
663.755	0.03978
663.856	0.03978
663.958	0.03971
664.06	0.0397
664.161	0.03959
664.263	0.0395
664.365	0.03944
664.466	0.03945
664.568	0.03936
664.67	0.03931
664.771	0.03926
664.873	0.03925
664.975	0.03917
665.076	0.03911
665.178	0.0391
665.279	0.03901
665.381	0.03899
665.482	0.03895
665.584	0.03893
665.686	0.03881
665.787	0.03882
665.889	0.03881
665.99	0.03874
666.092	0.03873
666.193	0.03866
666.295	0.0386
666.396	0.03851
666.498	0.03857
666.599	0.03844
666.701	0.03847
666.802	0.03841
666.903	0.03841
667.005	0.0384
667.106	0.03828
667.208	0.03829
667.309	0.03825
667.411	0.03823
667.512	0.03815
667.613	0.03817
667.715	0.03811
667.816	0.03801
667.917	0.03812
668.019	0.03802
668.12	0.03799
668.221	0.03802
668.323	0.03789
668.424	0.03789
668.525	0.03781
668.627	0.03783
668.728	0.03784
668.829	0.03783
668.931	0.03777
669.032	0.03779
669.133	0.03771
669.234	0.03774
669.336	0.03768
669.437	0.0377
669.538	0.03762
669.639	0.03768
669.74	0.03758
669.842	0.03759
669.943	0.03757
670.044	0.03753
670.145	0.03757
670.246	0.03749
670.348	0.03757
670.449	0.03758
670.55	0.03755
670.651	0.03748
670.752	0.03744
670.853	0.03742
670.954	0.03752
671.056	0.0375
671.157	0.03744
671.258	0.03741
671.359	0.03748
671.46	0.03748
671.561	0.03749
671.662	0.03747
671.763	0.03756
671.864	0.03743
671.965	0.03741
672.066	0.03745
672.167	0.03743
672.268	0.03748
672.369	0.03744
672.47	0.03741
672.571	0.03738
672.672	0.03747
672.773	0.03747
672.874	0.03748
672.975	0.03747
673.076	0.03742
673.177	0.03751
673.278	0.03749
673.379	0.0375
673.48	0.03756
673.58	0.03752
673.681	0.03755
673.782	0.03757
673.883	0.03759
673.984	0.03754
674.085	0.03759
674.186	0.03749
674.286	0.03759
674.387	0.03763
674.488	0.03762
674.589	0.03758
674.69	0.0376
674.791	0.03767
674.891	0.03767
674.992	0.03768
675.093	0.03765
675.194	0.03774
675.294	0.03777
675.395	0.03778
675.496	0.03777
675.597	0.03778
675.697	0.03776
675.798	0.03788
675.899	0.03787
675.999	0.03785
676.1	0.03788
676.201	0.03787
676.302	0.03786
676.402	0.03793
676.503	0.03803
676.603	0.03794
676.704	0.038
676.805	0.03799
676.905	0.03808
677.006	0.03808
677.107	0.03807
677.207	0.0381
677.308	0.03813
677.408	0.03819
677.509	0.03819
677.609	0.0382
677.71	0.03829
677.811	0.03831
677.911	0.03835
678.012	0.03837
678.112	0.03839
678.213	0.03842
678.313	0.03843
678.414	0.03846
678.514	0.03854
678.615	0.03855
678.715	0.03856
678.816	0.03859
678.916	0.03868
679.017	0.03871
679.117	0.03878
679.217	0.03875
679.318	0.03894
679.418	0.03887
679.519	0.03884
679.619	0.03896
679.719	0.03905
679.82	0.03905
679.92	0.03921
680.021	0.03918
680.121	0.03921
680.221	0.0392
680.322	0.03934
680.422	0.03941
680.522	0.03939
680.623	0.03953
680.723	0.03957
680.823	0.03955
680.923	0.03969
681.024	0.03969
681.124	0.03974
681.224	0.0398
681.325	0.03988
681.425	0.04003
681.525	0.04008
681.625	0.04014
681.725	0.04019
681.826	0.04033
681.926	0.0404
682.026	0.04039
682.126	0.04044
682.226	0.04058
682.327	0.04057
682.427	0.04071
682.527	0.0408
682.627	0.04082
682.727	0.04101
682.827	0.04106
682.927	0.04115
683.028	0.04116
683.128	0.0412
683.228	0.04141
683.328	0.0415
683.428	0.04158
683.528	0.04173
683.628	0.04174
683.728	0.04193
683.828	0.04205
683.928	0.04214
684.028	0.04222
684.128	0.04226
684.228	0.04237
684.328	0.04259
684.428	0.04263
684.528	0.04271
684.628	0.04287
684.728	0.04296
684.828	0.04306
684.928	0.04328
685.028	0.04336
685.128	0.04346
685.228	0.04354
685.328	0.0437
685.428	0.04397
685.528	0.04395
685.628	0.04412
685.727	0.04423
685.827	0.04444
685.927	0.0446
686.027	0.0447
686.127	0.04487
686.227	0.04502
686.327	0.04511
686.426	0.04538
686.526	0.04545
686.626	0.04557
686.726	0.0457
686.826	0.04592
686.926	0.04601
687.025	0.04622
687.125	0.04627
687.25	0.04648
687.49	0.04691
687.73	0.04726
687.97	0.04757
688.21	0.048
688.45	0.04826
688.69	0.04877
688.93	0.04897
689.171	0.04945
689.411	0.04985
689.651	0.05029
689.891	0.05083
690.131	0.05128
690.371	0.05184
690.611	0.05234
690.851	0.05266
691.091	0.05325
691.331	0.05362
691.571	0.05419
691.811	0.05472
692.051	0.05537
692.291	0.0558
692.53	0.05636
692.77	0.05699
693.01	0.05762
693.25	0.05821
693.49	0.05867
693.73	0.05941
693.97	0.06003
694.209	0.06077
694.449	0.06153
694.689	0.06216
694.929	0.06274
695.169	0.06333
695.408	0.06403
695.648	0.06467
695.888	0.06527
696.128	0.066
696.367	0.06669
696.607	0.0674
696.847	0.06805
697.086	0.06881
697.326	0.06958
697.566	0.0704
697.805	0.07147
698.045	0.07249
698.284	0.0733
698.524	0.07422
698.764	0.0752
699.003	0.07605
699.243	0.07703
699.482	0.07801
699.722	0.07884
699.961	0.07996
700.201	0.08091
700.44	0.08198
700.68	0.08317
700.919	0.08432
701.159	0.08543
701.398	0.08674
701.638	0.08776
701.877	0.08896
702.116	0.09025
702.356	0.09161
702.595	0.09276
702.835	0.09396
703.074	0.09565
703.313	0.0969
703.553	0.09837
703.792	0.1001
704.031	0.10152
704.27	0.10304
704.51	0.10438
704.749	0.10623
704.988	0.10798
705.227	0.10962
705.467	0.11131
705.706	0.11286
705.945	0.11487
706.184	0.11659
706.423	0.11864
706.663	0.12074
706.902	0.12256
707.141	0.12434
707.38	0.12627
707.619	0.12838
707.858	0.13026
708.097	0.13235
708.336	0.13435
708.575	0.13703
708.814	0.13892
709.054	0.14144
709.293	0.14345
709.532	0.14597
709.771	0.14825
710.01	0.15041
710.248	0.15277
710.487	0.15546
710.726	0.15751
710.965	0.15987
711.204	0.16215
711.443	0.16423
711.682	0.16715
711.921	0.1699
712.16	0.17198
712.399	0.17431
712.637	0.17683
712.876	0.17929
713.115	0.18161
713.354	0.18397
713.593	0.18679
713.831	0.18938
714.07	0.19149
714.309	0.19413
714.548	0.19629
714.786	0.19863
715.025	0.20129
715.264	0.20347
715.503	0.20602
715.741	0.2083
715.98	0.21103
716.219	0.21312
716.457	0.21479
716.696	0.21775
716.934	0.21947
717.173	0.22182
717.412	0.22405
717.65	0.22576
717.889	0.22862
718.127	0.23059
718.366	0.23233
718.604	0.23469
718.843	0.23697
719.081	0.23876
719.32	0.241
719.558	0.24275
719.797	0.24505
720.035	0.2466
720.274	0.24851
720.512	0.25012
720.75	0.25223
720.989	0.25424
721.227	0.25578
721.466	0.25766
721.704	0.25909
721.942	0.26093
722.181	0.26302
722.419	0.26455
722.657	0.266
722.895	0.26813
723.134	0.26936
723.372	0.27132
723.61	0.27295
723.849	0.27438
724.087	0.27608
724.325	0.27797
724.563	0.27901
724.801	0.28089
725.04	0.28238
725.278	0.28447
725.516	0.28583
725.754	0.28681
725.992	0.28859
726.23	0.28951
726.468	0.29069
726.706	0.29181
726.944	0.29272
727.183	0.2938
727.421	0.29448
727.659	0.29632
727.897	0.29749
728.135	0.29828
728.373	0.29995
728.611	0.3009
728.849	0.30257
729.087	0.30396
729.324	0.30501
729.562	0.30633
729.8	0.30747
730.038	0.30894
730.276	0.30984
730.514	0.31077
730.752	0.31235
730.99	0.31338
731.228	0.31438
731.465	0.3156
731.703	0.3162
731.941	0.31708
732.179	0.31795
732.417	0.31883
732.654	0.32014
732.892	0.32083
733.13	0.32165
733.367	0.32287
733.605	0.3241
733.843	0.325
734.081	0.32576
734.318	0.32703
734.556	0.32778
734.794	0.32782
735.031	0.32913
735.269	0.32986
735.506	0.33073
735.744	0.33181
735.982	0.33237
736.219	0.33331
736.457	0.33367
736.694	0.33467
736.932	0.33517
737.169	0.33602
737.407	0.33629
737.644	0.33726
737.882	0.33798
738.119	0.33887
738.357	0.33971
738.594	0.34024
738.832	0.34076
739.069	0.34184
739.306	0.34258
739.544	0.34293
739.781	0.34284
740.018	0.3442
740.256	0.34467
740.493	0.34582
740.73	0.34635
740.968	0.34595
741.205	0.34727
741.442	0.34762
741.68	0.34857
741.917	0.34945
742.154	0.35003
742.391	0.35006
742.629	0.35094
742.866	0.35149
743.103	0.35144
743.34	0.35232
743.577	0.35281
743.814	0.35313
744.052	0.35414
744.289	0.35462
744.526	0.35528
744.763	0.35547
745	0.35612
745.237	0.35654
745.474	0.35737
745.711	0.3575
745.948	0.35716
746.185	0.35776
746.422	0.35855
746.659	0.35877
746.896	0.35888
747.133	0.35922
747.37	0.35972
747.607	0.3601
747.844	0.36157
748.081	0.36079
748.318	0.36126
748.555	0.36166
748.792	0.36185
749.029	0.36205
749.265	0.36234
749.502	0.36365
749.739	0.364
749.976	0.36394
750.213	0.36504
750.449	0.36458
750.686	0.36566
750.923	0.36565
751.16	0.36609
751.396	0.36648
751.633	0.36615
751.87	0.36682
752.107	0.36728
752.343	0.36775
752.58	0.36738
752.817	0.36819
753.053	0.36777
753.29	0.3684
753.527	0.36887
753.763	0.36958
754	0.36889
754.236	0.36947
754.473	0.36985
754.709	0.37092
754.946	0.37076
755.182	0.37093
755.419	0.371
755.656	0.37109
755.892	0.37095
756.128	0.37134
756.365	0.3722
756.601	0.37268
756.838	0.37238
757.074	0.37296
757.311	0.37289
757.547	0.37363
757.783	0.37332
758.02	0.37398
758.256	0.37433
758.493	0.37447
758.729	0.37446
758.965	0.37499
759.201	0.37505
759.438	0.37486
759.674	0.37556
759.91	0.37552
760.147	0.37548
760.383	0.3763
760.619	0.37541
760.855	0.37609
761.091	0.3766
761.328	0.37663
761.564	0.37721
761.8	0.37731
762.036	0.37765
762.272	0.37731
762.508	0.37823
762.744	0.37777
762.981	0.37787
763.217	0.37868
763.453	0.37959
763.689	0.37934
763.925	0.37918
764.161	0.37925
764.397	0.3794
764.633	0.37935
764.869	0.38019
765.105	0.38005
765.341	0.38026
765.577	0.38004
765.813	0.38058
766.049	0.38035
766.285	0.38027
766.52	0.38115
766.756	0.38134
766.992	0.38103
767.228	0.38142
767.464	0.38108
767.7	0.38212
767.936	0.38293
768.171	0.38272
768.407	0.38325
768.643	0.38259
768.879	0.38242
769.114	0.38277
769.35	0.38301
769.586	0.38291
769.822	0.38323
770.057	0.38327
770.293	0.38358
770.529	0.38407
770.764	0.38393
770.781	0.38484
771.017	0.38528
771.254	0.38536
771.49	0.3857
771.726	0.38609
771.962	0.38519
772.199	0.38634
772.435	0.38534
772.671	0.38528
772.907	0.3868
773.143	0.38613
773.38	0.38644
773.616	0.38672
773.852	0.38666
774.088	0.38677
774.324	0.38711
774.56	0.3869
774.796	0.38696
775.032	0.38798
775.268	0.38761
775.504	0.38806
775.74	0.38837
775.977	0.38812
776.213	0.38785
776.449	0.38796
776.685	0.3882
776.92	0.38846
777.156	0.38778
777.392	0.38885
777.628	0.38824
777.864	0.38915
778.1	0.38859
778.336	0.38892
778.572	0.38925
778.808	0.389
779.044	0.38889
779.279	0.38951
779.515	0.38938
779.751	0.38954
779.987	0.38995
780.223	0.38987
780.458	0.3905
780.694	0.39059
780.93	0.39039
781.166	0.39062
781.401	0.39002
781.637	0.39034
781.873	0.39121
782.109	0.3911
782.344	0.39086
782.58	0.39125
782.816	0.39132
783.051	0.39177
783.287	0.3925
783.522	0.39182
783.758	0.3919
783.994	0.39233
784.229	0.3922
784.465	0.39259
784.7	0.39233
784.936	0.39293
785.171	0.39243
785.407	0.3926
785.642	0.39303
785.878	0.39323
786.113	0.39258
786.349	0.39333
786.584	0.39359
786.819	0.3941
787.055	0.3942
787.29	0.39413
787.526	0.39387
787.761	0.3951
787.996	0.39366
788.232	0.39444
788.467	0.39432
788.702	0.39433
788.938	0.39509
789.173	0.39466
789.408	0.3949
789.643	0.39494
789.879	0.39466
790.114	0.39533
790.349	0.39563
790.584	0.39534
790.82	0.39538
791.055	0.39632
791.29	0.39638
791.525	0.39568
791.76	0.39636
791.995	0.39551
792.23	0.39711
792.466	0.39622
792.701	0.3957
792.936	0.3959
793.171	0.3963
793.406	0.39672
793.641	0.3968
793.876	0.39688
794.111	0.39696
794.346	0.39669
794.581	0.39669
794.816	0.39654
795.051	0.39736
795.286	0.39742
795.521	0.397
795.756	0.39748
795.99	0.39773
796.225	0.39695
796.46	0.39823
796.695	0.39783
796.93	0.39782
797.165	0.39812
797.4	0.39849
797.634	0.3975
797.869	0.39847
798.104	0.39875
798.339	0.39926
798.574	0.39902
798.808	0.3987
799.043	0.39887
799.278	0.3995
799.512	0.39996
799.747	0.39971
799.982	0.39989
800.216	0.39906
800.451	0.4001
800.686	0.39975
800.92	0.39994
801.155	0.40036
801.39	0.39996
801.624	0.40008
801.859	0.40039
802.093	0.3998
802.328	0.39964
802.562	0.40038
802.797	0.4005
803.031	0.40043
803.266	0.40069
803.5	0.40089
803.735	0.40031
803.969	0.40083
804.204	0.40037
804.438	0.40105
804.673	0.40081
804.907	0.40147
805.141	0.40178
805.376	0.40157
805.61	0.40138
805.844	0.40222
806.079	0.402
806.313	0.40159
806.547	0.40233
806.782	0.40198
807.016	0.40279
807.25	0.40259
807.484	0.40257
807.719	0.40193
807.953	0.40267
808.187	0.40205
808.421	0.4025
808.655	0.40292
808.89	0.40241
809.124	0.40278
809.358	0.40248
809.592	0.40317
809.826	0.40283
810.06	0.4035
810.294	0.40326
810.528	0.40301
810.763	0.4042
810.997	0.40421
811.231	0.40355
811.465	0.40396
811.699	0.40412
811.933	0.40407
812.167	0.40403
812.401	0.4048
812.635	0.40428
812.868	0.40425
813.102	0.40422
813.336	0.404
813.57	0.40498
813.804	0.4049
814.038	0.40445
814.272	0.40449
814.506	0.40415
814.74	0.40472
814.973	0.40509
815.207	0.4053
815.441	0.40578
815.675	0.40561
815.908	0.40603
816.142	0.40627
816.376	0.40623
816.61	0.40587
816.843	0.40467
817.077	0.40445
817.311	0.40499
817.544	0.40547
817.778	0.40588
818.012	0.40603
818.245	0.40593
818.479	0.40606
818.713	0.40614
818.946	0.40572
819.18	0.40657
819.413	0.40627
819.647	0.40641
819.88	0.40663
820.114	0.40647
820.347	0.40761
820.581	0.40742
820.814	0.40692
821.048	0.40692
821.281	0.40761
821.515	0.40708
821.748	0.40774
821.982	0.40722
822.215	0.40712
822.448	0.40758
822.682	0.40722
822.915	0.40683
823.149	0.40739
823.382	0.40695
823.615	0.40786
823.849	0.40715
824.082	0.40746
824.315	0.40688
824.548	0.40741
824.782	0.40801
825.015	0.40796
825.248	0.40842
825.481	0.40834
825.715	0.40844
825.948	0.40924
826.181	0.40947
826.414	0.40946
826.647	0.40908
826.88	0.40966
827.113	0.40882
827.347	0.40928
827.58	0.40891
827.813	0.40902
828.046	0.40981
828.279	0.40882
828.512	0.40871
828.745	0.40841
828.978	0.40794
829.211	0.40935
829.444	0.4087
829.677	0.40887
829.91	0.40852
830.143	0.40906
830.376	0.4096
830.609	0.40891
830.842	0.40982
831.074	0.40945
831.307	0.40979
831.54	0.40956
831.773	0.41054
832.006	0.41024
832.239	0.41038
832.471	0.41003
832.704	0.41044
832.937	0.4095
833.17	0.40998
833.403	0.41027
833.635	0.40992
833.868	0.41032
834.101	0.41044
834.333	0.4102
834.566	0.41062
834.799	0.40996
835.031	0.41038
835.264	0.40952
835.497	0.4101
835.729	0.41048
835.962	0.41039
836.195	0.41076
836.427	0.41152
836.66	0.4119
836.892	0.41145
837.125	0.41168
837.357	0.41096
837.59	0.41177
837.822	0.41153
838.055	0.41128
838.287	0.41234
838.52	0.41123
838.752	0.41145
838.985	0.41156
839.217	0.41242
839.449	0.41138
839.682	0.41144
839.914	0.41158
840.147	0.41193
840.379	0.4113
840.611	0.41139
840.844	0.4125
841.076	0.41179
841.308	0.41257
841.54	0.41207
841.773	0.41179
842.005	0.41233
842.237	0.41255
842.469	0.41272
842.702	0.4127
842.934	0.41326
843.166	0.41265
843.398	0.41317
843.63	0.41373
843.862	0.41392
844.095	0.41405
844.327	0.41274
844.559	0.41363
844.791	0.41403
845.023	0.41326
845.255	0.4141
845.487	0.41374
845.719	0.41391
845.951	0.41411
846.183	0.41464
846.415	0.41334
846.647	0.41375
846.879	0.41313
847.111	0.41354
847.343	0.41283
847.575	0.41307
847.807	0.41343
848.039	0.4133
848.271	0.4143
848.502	0.41468
848.734	0.41531
848.966	0.41476
849.198	0.41474
849.43	0.41518
849.662	0.41527
849.893	0.41521
850.125	0.41547
850.357	0.41561
850.589	0.41595
850.82	0.41525
851.052	0.41471
851.284	0.41533
851.516	0.41505
851.747	0.4147
851.979	0.41448
852.211	0.41497
852.442	0.41475
852.674	0.41453
852.905	0.41531
853.137	0.41641
853.369	0.41473
853.6	0.41522
853.832	0.4152
854.063	0.4156
854.295	0.41581
854.526	0.4161
854.758	0.41672
854.989	0.41614
855.221	0.41694
855.452	0.41677
855.684	0.41689
855.915	0.41689
856.146	0.41763
856.378	0.41762
856.609	0.41787
856.841	0.4165
857.072	0.41732
857.303	0.41654
857.535	0.41725
857.766	0.41626
857.997	0.41681
858.229	0.416
858.46	0.41643
858.691	0.41553
858.922	0.41537
859.154	0.41631
859.385	0.41627
859.616	0.4169
859.847	0.41647
860.078	0.417
860.31	0.41719
860.541	0.41709
860.772	0.41747
861.003	0.41734
861.234	0.41777
861.465	0.41747
861.696	0.41797
861.927	0.41721
862.159	0.41848
862.39	0.41814
862.621	0.41789
862.852	0.41851
863.083	0.41856
863.314	0.41834
863.545	0.41748
863.776	0.41735
864.007	0.41829
864.237	0.41758
864.468	0.41723
864.699	0.41664
864.93	0.41809
865.161	0.41768
865.392	0.41714
865.623	0.41785
865.854	0.41777
866.084	0.41759
866.315	0.41788
866.546	0.41784
866.777	0.41833
867.008	0.41839
867.238	0.4187
867.469	0.41966
867.7	0.41941
867.931	0.41853
868.161	0.41889
868.392	0.41842
868.623	0.41969
868.853	0.41919
869.084	0.41891
869.315	0.41803
869.545	0.41827
869.776	0.41818
870.006	0.41811
870.237	0.41783
870.468	0.41729
870.698	0.41871
870.929	0.41788
871.159	0.41796
871.39	0.419
871.62	0.41893
871.851	0.41877
872.081	0.41962
872.312	0.41929
872.542	0.41959
872.772	0.41982
873.003	0.41946
873.233	0.42009
873.464	0.42024
873.694	0.41984
873.924	0.41933
874.155	0.42045
874.385	0.42001
874.615	0.4191
874.846	0.41979
875.076	0.41905
875.306	0.41968
875.536	0.41948
875.767	0.41924
875.997	0.41896
876.227	0.41921
876.457	0.41854
876.688	0.4189
876.918	0.4187
877.148	0.41913
877.378	0.41908
877.608	0.41958
877.838	0.41923
878.068	0.41913
878.299	0.41852
878.529	0.41903
878.759	0.42003
878.989	0.41987
879.219	0.42078
879.449	0.42023
879.679	0.42098
879.909	0.42122
880.139	0.42109
880.369	0.42106
880.599	0.42104
880.829	0.42164
881.059	0.42142
881.288	0.42136
881.518	0.42202
881.748	0.42
881.978	0.42085
882.208	0.42024
882.438	0.42075
882.668	0.42052
882.897	0.4206
883.127	0.42014
883.357	0.42014
883.587	0.42102
883.817	0.42047
884.046	0.42038
884.276	0.42068
884.506	0.42091
884.736	0.42075
884.965	0.42065
885.195	0.4205
885.425	0.42143
885.654	0.42059
885.884	0.42126
886.113	0.42071
886.343	0.42154
886.573	0.42167
886.802	0.42108
887.032	0.42184
887.261	0.42132
887.491	0.42286
887.72	0.42245
887.95	0.42295
888.179	0.42253
888.409	0.42259
888.638	0.42195
888.868	0.4218
889.097	0.42229
889.327	0.42233
889.556	0.42264
889.786	0.42207
890.015	0.42233
890.244	0.42214
890.474	0.42151
890.703	0.42112
890.932	0.42204
891.162	0.42151
891.391	0.42115
891.62	0.42219
891.85	0.42251
892.079	0.42212
892.308	0.42162
892.537	0.4217
892.767	0.42225
892.996	0.42249
893.225	0.42221
893.454	0.42262
893.683	0.42267
893.912	0.42331
894.142	0.42287
894.371	0.42305
894.6	0.42332
894.829	0.42434
895.058	0.42363
895.287	0.42275
895.516	0.42334
895.745	0.42295
895.974	0.4229
896.203	0.42309
896.432	0.42326
896.661	0.42266
896.89	0.42261
897.119	0.42167
897.348	0.42283
897.577	0.42227
897.806	0.42262
898.035	0.42267
898.264	0.42207
898.492	0.42191
898.721	0.42194
898.95	0.42237
899.179	0.42267
899.408	0.42202
899.637	0.42183
899.865	0.42286
900.094	0.42322
900.323	0.42271
900.552	0.42383
900.78	0.42321
901.009	0.42323
901.238	0.42326
901.467	0.42312
901.695	0.42315
901.924	0.42319
902.152	0.42357
902.381	0.42417
902.61	0.42292
902.838	0.42294
903.067	0.42285
903.296	0.42223
903.524	0.42197
903.753	0.42218
903.981	0.42269
904.21	0.42211
904.438	0.42265
904.667	0.42153
904.895	0.42257
905.124	0.42185
905.352	0.42253
905.581	0.42202
905.809	0.42241
906.037	0.42289
906.266	0.42296
906.494	0.42258
906.723	0.42371
906.951	0.42324
907.179	0.42325
907.408	0.42297
907.636	0.42404
907.864	0.42336
908.092	0.42368
908.321	0.42347
908.549	0.42344
908.777	0.4236
909.005	0.42373
909.234	0.42296
909.462	0.42252
909.69	0.42353
909.918	0.42246
910.146	0.42285
910.374	0.42313
910.603	0.4228
910.831	0.42286
911.059	0.42218
911.287	0.42265
911.515	0.42352
911.743	0.42259
911.971	0.42281
912.199	0.4231
912.427	0.42271
912.655	0.42356
912.883	0.42353
913.111	0.4231
913.339	0.42313
913.567	0.42412
913.795	0.42395
914.023	0.42442
914.251	0.42385
914.479	0.42413
914.707	0.42356
914.934	0.42387
915.162	0.42359
915.39	0.42376
915.618	0.42351
915.846	0.42314
916.074	0.42356
916.301	0.42314
916.529	0.42345
916.757	0.4233
916.985	0.42278
917.212	0.42231
917.44	0.42207
917.668	0.42161
917.895	0.42197
918.123	0.42227
918.351	0.42201
918.578	0.42204
918.806	0.42206
919.034	0.4221
919.261	0.42192
919.489	0.42196
919.716	0.4233
919.944	0.423
920.171	0.42295
920.399	0.42274
920.626	0.42272
920.854	0.4233
921.081	0.42243
921.309	0.4233
921.536	0.42373
921.764	0.42338
921.991	0.42273
922.219	0.42279
922.446	0.42289
922.673	0.42203
922.901	0.42249
923.128	0.42237
923.355	0.42236
923.583	0.42188
923.81	0.42163
924.037	0.4218
924.265	0.42142
924.492	0.4217
924.719	0.4217
924.946	0.42096
925.174	0.42138
925.401	0.42187
925.628	0.42193
925.855	0.42195
926.082	0.42155
926.31	0.42255
926.537	0.4221
926.764	0.422
926.991	0.42221
927.218	0.42167
927.445	0.42192
927.672	0.42159
927.899	0.42161
928.126	0.42156
928.353	0.42147
928.58	0.42209
928.807	0.42182
929.034	0.42093
929.261	0.42097
929.488	0.42098
929.715	0.42034
929.942	0.42031
930.169	0.42026
930.396	0.41951
930.623	0.41951
930.85	0.4197
931.077	0.41984
931.304	0.41916
931.53	0.41955
931.757	0.4194
931.984	0.4188
932.211	0.41896
932.438	0.41826
932.664	0.41882
932.891	0.41958
933.118	0.41922
933.345	0.41888
933.571	0.41979
933.798	0.41937
934.025	0.41933
934.251	0.41828
934.478	0.41892
934.705	0.41933
934.931	0.41816
935.158	0.41857
935.384	0.41863
935.611	0.41792
935.838	0.41846
936.064	0.41778
936.291	0.41759
936.517	0.4174
936.744	0.41738
936.97	0.4175
937.197	0.41648
937.423	0.41696
937.65	0.41678
937.876	0.41639
938.103	0.41655
938.329	0.41652
938.555	0.41669
938.782	0.41634
939.008	0.41615
939.234	0.41571
939.461	0.41497
939.687	0.4159
939.913	0.41578
940.14	0.4158
940.366	0.41558
940.592	0.41542
940.819	0.41483
941.045	0.41624
941.271	0.41514
941.497	0.41502
941.723	0.41488
941.95	0.41501
942.176	0.41502
942.402	0.41403
942.628	0.41436
942.854	0.41457
943.08	0.41372
943.306	0.41317
943.533	0.41311
943.759	0.41307
943.985	0.41314
944.211	0.4132
944.437	0.41333
944.663	0.41308
944.889	0.41266
945.115	0.4117
945.341	0.41182
945.567	0.41167
945.793	0.41178
946.019	0.41135
946.244	0.41148
946.47	0.41111
946.696	0.41064
946.922	0.41094
947.148	0.41068
947.374	0.41026
947.6	0.4107
947.825	0.4102
948.051	0.41045
948.277	0.41057
948.503	0.40994
948.729	0.40935
948.954	0.40986
949.18	0.41036
949.406	0.40862
949.631	0.4088
949.857	0.40849
950.083	0.40788
950.309	0.40801
950.534	0.4071
950.76	0.40728
950.985	0.40642
951.211	0.40619
951.437	0.40661
951.662	0.40526
951.888	0.40588
952.113	0.40548
952.339	0.40505
952.564	0.40443
952.79	0.40388
953.015	0.40395
953.241	0.4047
953.466	0.40346
953.692	0.40347
953.917	0.403
954.143	0.4027
954.368	0.40304
954.593	0.40356
954.819	0.40215
955.044	0.40136
955.269	0.40139
955.495	0.40074
955.72	0.4008
955.945	0.4011
956.171	0.39985
956.396	0.39943
956.621	0.39924
956.847	0.39838
957.072	0.39826
957.297	0.39854
957.522	0.39802
957.747	0.39762
957.973	0.39776
958.198	0.39714
958.423	0.39722
958.648	0.39686
958.873	0.39632
959.098	0.39588
959.323	0.3957
959.548	0.39588
959.773	0.39628
959.999	0.3953
960.224	0.39559
960.449	0.39514
960.674	0.39471
960.899	0.39509
961.124	0.39514
961.349	0.39489
961.574	0.39368
961.798	0.39391
962.023	0.39423
962.248	0.39422
962.473	0.39424
962.698	0.39365
962.923	0.3935
963.148	0.39314
963.373	0.39303
963.597	0.3927
963.822	0.39278
964.047	0.39245
964.272	0.3924
964.497	0.39194
964.721	0.39224
964.946	0.39289
965.171	0.39134
965.395	0.39155
965.62	0.39185
965.845	0.39126
966.07	0.39054
966.294	0.39091
966.519	0.39129
966.743	0.39115
966.968	0.39098
967.193	0.3911
967.417	0.39134
967.642	0.39072
967.866	0.39092
968.091	0.39142
968.315	0.39136
968.54	0.39087
968.764	0.39059
968.989	0.39071
969.213	0.39095
969.438	0.39097
969.662	0.3905
969.887	0.39082
970.111	0.39073
970.336	0.3906
970.56	0.3908
970.784	0.39123
971.009	0.39055
971.233	0.39088
971.457	0.39026
971.682	0.39064
971.906	0.3904
972.13	0.38984
972.354	0.38995
972.579	0.38996
972.803	0.38988
973.027	0.39021
973.251	0.39008
973.476	0.38991
973.7	0.3906
973.924	0.38995
974.148	0.38998
974.372	0.38986
974.596	0.38961
974.82	0.39033
975.045	0.38987
975.269	0.38972
975.493	0.38992
975.717	0.38953
975.941	0.38929
976.165	0.38999
976.389	0.39012
976.613	0.38942
976.837	0.38967
977.061	0.38979
977.285	0.38893
977.509	0.38965
977.733	0.38926
977.957	0.38953
978.18	0.38943
978.404	0.38906
978.628	0.3888
978.852	0.38883
979.076	0.38904
979.3	0.39012
979.523	0.38985
979.747	0.39029
979.971	0.38911
980.195	0.39016
980.419	0.39005
980.642	0.38974
980.866	0.38998
981.09	0.38995
981.313	0.3899
981.537	0.39022
981.761	0.38973
981.984	0.38979
982.208	0.39006
982.432	0.38952
982.655	0.39027
982.879	0.39078
983.103	0.39029
983.326	0.39049
983.55	0.38975
983.773	0.39032
983.997	0.39058
984.22	0.39053
984.444	0.39053
984.667	0.3909
984.891	0.3903
985.114	0.39099
985.338	0.39113
985.561	0.39082
985.784	0.39139
986.008	0.3905
986.231	0.39105
986.455	0.39111
986.678	0.39147
986.901	0.39164
987.125	0.39127
987.348	0.39173
987.571	0.39174
987.794	0.39127
988.018	0.39111
988.241	0.39115
988.464	0.39164
988.687	0.39134
988.911	0.39211
989.134	0.39191
989.357	0.39181
989.58	0.39195
989.803	0.3923
990.027	0.39199
990.25	0.39261
990.473	0.39263
990.696	0.3927
990.919	0.39301
991.142	0.39249
991.365	0.39262
991.588	0.39355
991.811	0.39269
992.034	0.39293
992.257	0.39288
992.48	0.39333
992.703	0.39262
992.926	0.39312
993.149	0.39303
993.372	0.39316
993.595	0.39387
993.818	0.39421
994.041	0.39312
994.263	0.39462
994.486	0.3945
994.709	0.39459
994.932	0.39476
995.155	0.3952
995.378	0.39326
995.6	0.39491
995.823	0.39551
996.046	0.3944
996.269	0.39563
996.491	0.39527
996.714	0.39518
996.937	0.39599
997.159	0.39551
997.382	0.39552
997.605	0.39572
997.827	0.39578
998.05	0.39619
998.273	0.39681
998.495	0.39715
998.718	0.39653
998.94	0.3973
999.163	0.3966
999.386	0.39652
999.608	0.39707
999.831	0.39695
1000.05	0.39722
1000.28	0.39772
1000.5	0.39747
1000.72	0.39762
1000.94	0.39822
1001.17	0.39765
1001.39	0.39805
1001.61	0.398
1001.83	0.39853
1002.05	0.39811
1002.28	0.39759
1002.5	0.39915
1002.72	0.39878
1002.94	0.39903
1003.17	0.39899
1003.39	0.39981
1003.61	0.39859
1003.83	0.39875
1004.06	0.39914
1004.28	0.39798
1004.5	0.39927
1004.72	0.39816
1004.94	0.39839
1005.17	0.3979
1005.39	0.39934