400.578	0.020086
400.695	0.0200782
400.813	0.0201029
400.931	0.0200626
401.048	0.0200429
401.166	0.0200404
401.284	0.0201164
401.402	0.020069
401.519	0.0201363
401.637	0.020087
401.755	0.020148
401.872	0.0202525
401.99	0.0200413
402.108	0.0201737
402.225	0.0201585
402.343	0.0201294
402.461	0.0202082
402.578	0.0202557
402.696	0.0201938
402.814	0.0201768
402.931	0.0202036
403.049	0.0202075
403.167	0.0203192
403.284	0.0202619
403.402	0.0203304
403.519	0.020307
403.637	0.0203489
403.755	0.0203612
403.872	0.0204269
403.99	0.0204138
404.107	0.0204943
404.225	0.0205057
404.342	0.0204375
404.46	0.020566
404.577	0.0205657
404.695	0.0207342
404.812	0.0207999
404.93	0.0207917
405.047	0.0208196
405.165	0.0208655
405.282	0.0208999
405.4	0.0208389
405.517	0.0208953
405.635	0.0210297
405.752	0.0210151
405.87	0.0209481
405.987	0.0210202
406.105	0.0210526
406.222	0.0210114
406.34	0.0210194
406.457	0.0211887
406.575	0.0211121
406.692	0.0211806
406.809	0.0211595
406.927	0.0211889
407.044	0.0213082
407.162	0.0213135
407.279	0.0213827
407.396	0.0213997
407.514	0.0214766
407.631	0.021364
407.748	0.0214811
407.866	0.0215767
407.983	0.021608
408.1	0.0214874
408.218	0.0216699
408.335	0.0217222
408.452	0.0217378
408.57	0.0218263
408.687	0.0218055
408.804	0.021852
408.922	0.0219255
409.039	0.0218809
409.156	0.0220259
409.273	0.0220985
409.391	0.0221645
409.508	0.0222059
409.625	0.0222306
409.742	0.0222582
409.86	0.0223083
409.977	0.0222884
410.094	0.0224569
410.211	0.0224603
410.329	0.0224849
410.446	0.0226231
410.563	0.0226665
410.68	0.0227784
410.797	0.0227706
410.914	0.0228486
411.032	0.0229703
411.149	0.0230209
411.266	0.0231212
411.383	0.0231877
411.5	0.0231713
411.617	0.0232643
411.735	0.0233631
411.852	0.0234225
411.969	0.0234656
412.086	0.0235996
412.203	0.023587
412.32	0.0236438
412.437	0.0237294
412.554	0.023845
412.671	0.0238812
412.788	0.0240091
412.905	0.0240959
413.023	0.0241261
413.14	0.0242084
413.257	0.0242438
413.374	0.0243522
413.491	0.0243859
413.608	0.0244321
413.725	0.0246165
413.842	0.0246458
413.959	0.0247012
414.076	0.0246677
414.193	0.024883
414.31	0.0250183
414.427	0.0249862
414.544	0.0250254
414.661	0.0251011
414.778	0.0250941
414.894	0.0251591
415.011	0.0252658
415.128	0.0252807
415.245	0.0253712
415.362	0.0254941
415.479	0.0254485
415.596	0.0254924
415.713	0.0255612
415.83	0.0256137
415.947	0.0258014
416.064	0.0256174
416.18	0.025732
416.297	0.0257663
416.414	0.0258956
416.531	0.0259111
416.648	0.0258618
416.765	0.0258453
416.882	0.0258893
416.998	0.0259063
417.115	0.0259845
417.232	0.0260844
417.349	0.0261192
417.466	0.0260558
417.582	0.026073
417.699	0.02613
417.816	0.0261505
417.933	0.0262381
418.05	0.0261198
418.166	0.02615
418.283	0.0262442
418.4	0.0262158
418.517	0.0262864
418.633	0.0263512
418.75	0.0263838
418.867	0.0262709
418.983	0.0262388
419.1	0.0263458
419.217	0.0263526
419.334	0.0263421
419.45	0.0263142
419.567	0.0263669
419.684	0.0263454
419.8	0.0263591
419.917	0.0263689
420.034	0.026518
420.15	0.0264635
420.267	0.0265047
420.384	0.0264311
420.5	0.0263947
420.617	0.0264553
420.733	0.0264809
420.85	0.0264571
420.967	0.026462
421.083	0.0264891
421.2	0.0264416
421.316	0.0264889
421.433	0.026605
421.549	0.0265452
421.666	0.0265955
421.783	0.0264938
421.899	0.0265867
422.016	0.0267003
422.132	0.0266277
422.249	0.0266216
422.365	0.0266244
422.482	0.0267198
422.598	0.0267808
422.715	0.0267858
422.831	0.0268615
422.948	0.0268735
423.064	0.0269226
423.181	0.0267616
423.297	0.0269429
423.414	0.0268631
423.53	0.0267339
423.646	0.0268501
423.763	0.0270447
423.879	0.0269567
423.996	0.0269811
424.112	0.0271014
424.229	0.0269923
424.345	0.0270708
424.461	0.0269021
424.578	0.0270271
424.694	0.0271098
424.811	0.0270616
424.927	0.0271193
425.043	0.0271948
425.16	0.027294
425.276	0.0272463
425.392	0.0273461
425.509	0.0272286
425.625	0.027319
425.741	0.0272919
425.858	0.0273258
425.974	0.0273474
426.09	0.0273864
426.207	0.0274438
426.323	0.0274254
426.439	0.0274414
426.555	0.0274785
426.672	0.0275126
426.788	0.0275287
426.904	0.0276355
427.02	0.0275982
427.137	0.0276296
427.253	0.0276694
427.369	0.0276323
427.485	0.0276624
427.602	0.0276252
427.718	0.0276115
427.834	0.0276884
427.95	0.0277216
428.066	0.0277059
428.182	0.0277169
428.299	0.027786
428.415	0.0277322
428.531	0.0278359
428.647	0.0277541
428.763	0.0277612
428.879	0.0278847
428.996	0.027767
429.112	0.0278962
429.228	0.0278941
429.344	0.0279364
429.46	0.0277824
429.576	0.0279796
429.692	0.0279443
429.808	0.0279741
429.924	0.0279734
430.04	0.027836
430.1	0.0275207
430.216	0.0274299
430.332	0.0273891
430.448	0.0274556
430.565	0.0274176
430.681	0.0274476
430.797	0.0274899
430.913	0.0274246
431.029	0.0275645
431.145	0.0275469
431.261	0.0275492
431.378	0.0275269
431.494	0.0276294
431.61	0.027691
431.726	0.0276243
431.842	0.027747
431.958	0.0276045
432.074	0.0276079
432.19	0.0277644
432.306	0.0278026
432.422	0.0277951
432.538	0.0277312
432.654	0.027825
432.771	0.0277978
432.887	0.0277778
433.003	0.0279165
433.119	0.0278825
433.235	0.0278162
433.351	0.0280437
433.467	0.0279881
433.583	0.0278919
433.699	0.0280694
433.815	0.0280164
433.931	0.0280392
434.047	0.0279655
434.162	0.0281026
434.278	0.0281842
434.394	0.0281686
434.51	0.0282301
434.626	0.0282501
434.742	0.0282433
434.858	0.0283906
434.974	0.0283704
435.09	0.0283528
435.206	0.0284593
435.322	0.0283626
435.438	0.0284511
435.553	0.0284404
435.669	0.0285246
435.785	0.0285857
435.901	0.0286341
436.017	0.0285724
436.133	0.0286439
436.249	0.0286783
436.364	0.0286777
436.48	0.0288048
436.596	0.0286979
436.712	0.0288496
436.828	0.0287995
436.943	0.0288817
437.059	0.0289169
437.175	0.0289438
437.291	0.0288464
437.407	0.029023
437.522	0.0290134
437.638	0.0290847
437.754	0.0290997
437.869	0.0291952
437.985	0.0291036
438.101	0.029144
438.217	0.0291752
438.332	0.0292087
438.448	0.0293308
438.564	0.0292182
438.679	0.0292713
438.795	0.0294185
438.911	0.0293281
439.027	0.0294365
439.142	0.0294931
439.258	0.0294949
439.373	0.0294071
439.489	0.029555
439.605	0.0295127
439.72	0.0295165
439.836	0.0296224
439.952	0.0295458
440.067	0.0297285
440.183	0.0296051
440.298	0.0297518
440.414	0.0297208
440.53	0.0298712
440.645	0.0298267
440.761	0.0298678
440.876	0.0298206
440.992	0.0298696
441.107	0.0298186
441.223	0.0299195
441.338	0.0299197
441.454	0.0299413
441.57	0.0299182
441.685	0.0299668
441.801	0.030048
441.916	0.03008
442.032	0.0301139
442.147	0.0300928
442.262	0.0300949
442.378	0.0300948
442.493	0.0301591
442.609	0.0301704
442.724	0.0301355
442.84	0.0301631
442.955	0.0302598
443.071	0.0302422
443.186	0.0303133
443.301	0.0303995
443.417	0.0302764
443.532	0.0304399
443.648	0.0303071
443.763	0.0305301
443.878	0.0304571
443.994	0.03036
444.109	0.0303846
444.225	0.0305496
444.34	0.0304907
444.455	0.0304768
444.571	0.0306433
444.686	0.0306334
444.801	0.0304813
444.917	0.0303954
445.032	0.0305973
445.147	0.0306467
445.262	0.0305245
445.378	0.030661
445.493	0.0306411
445.608	0.0307438
445.724	0.0305793
445.839	0.0307236
445.954	0.0306797
446.069	0.0306769
446.185	0.0306852
446.3	0.0307382
446.415	0.0307316
446.53	0.030751
446.646	0.0308148
446.761	0.0307539
446.876	0.0307614
446.991	0.0307642
447.106	0.0307403
447.221	0.0307918
447.337	0.0309097
447.452	0.0307922
447.567	0.0309026
447.682	0.0308336
447.797	0.0309028
447.912	0.0309268
448.028	0.0308465
448.143	0.0308941
448.258	0.0308038
448.373	0.0308769
448.488	0.0309052
448.603	0.0308169
448.718	0.0309262
448.833	0.0309137
448.948	0.030995
449.063	0.0308915
449.179	0.0309347
449.294	0.0309879
449.409	0.0309055
449.524	0.0310356
449.639	0.031042
449.754	0.0310195
449.869	0.0309348
449.984	0.0310087
450.099	0.0309594
450.214	0.0310501
450.329	0.0310449
450.444	0.0308615
450.559	0.0310029
450.674	0.031141
450.789	0.0310876
450.904	0.0310634
451.019	0.0310518
451.134	0.0311163
451.248	0.0311625
451.363	0.0311017
451.478	0.0310179
451.593	0.0310822
451.708	0.031024
451.823	0.0310249
451.938	0.0310954
452.053	0.0308999
452.168	0.0311616
452.283	0.031095
452.397	0.0310325
452.512	0.0311159
452.627	0.0311292
452.742	0.0310219
452.857	0.0310778
452.972	0.0310784
453.087	0.0309888
453.201	0.03104
453.316	0.031177
453.431	0.0311326
453.546	0.0309619
453.661	0.0310764
453.775	0.0311911
453.89	0.0311693
454.005	0.0311154
454.12	0.0311312
454.234	0.0309783
454.349	0.0310723
454.464	0.0311533
454.579	0.0311151
454.693	0.0310474
454.808	0.0309988
454.923	0.0310256
455.037	0.0310333
455.152	0.0310052
455.267	0.0310581
455.382	0.0311028
455.496	0.0311064
455.611	0.0309407
455.726	0.0310601
455.84	0.031022
455.955	0.0310025
456.07	0.0310382
456.184	0.0309442
456.299	0.0309729
456.413	0.030964
456.528	0.0309582
456.643	0.0309999
456.757	0.0309471
456.872	0.0310437
456.986	0.0309309
457.101	0.0309286
457.216	0.0308927
457.266	0.0306002
457.381	0.0305078
457.496	0.0305006
457.611	0.0303958
457.725	0.0306721
457.84	0.0305131
457.955	0.0303814
458.07	0.0305729
458.184	0.0304569
458.299	0.0304126
458.414	0.0304049
458.529	0.0303217
458.643	0.0303837
458.758	0.0303461
458.873	0.0302695
458.988	0.0303444
459.102	0.0302848
459.217	0.0303418
459.332	0.0302255
459.446	0.0302458
459.561	0.0303477
459.676	0.0302448
459.79	0.0302518
459.905	0.0303328
460.02	0.0301437
460.134	0.0302967
460.249	0.030288
460.364	0.0301488
460.478	0.0302136
460.593	0.0301993
460.708	0.0301411
460.822	0.0303323
460.937	0.0301325
461.051	0.0302323
461.166	0.0302913
461.281	0.0301758
461.395	0.0301903
461.51	0.0300969
461.624	0.0301794
461.739	0.0301657
461.853	0.0300023
461.968	0.0300568
462.082	0.0302263
462.197	0.0301807
462.311	0.0302115
462.426	0.0301454
462.54	0.030098
462.655	0.0300919
462.769	0.0300287
462.884	0.0302453
462.998	0.0299573
463.113	0.0300696
463.227	0.0300779
463.342	0.0300494
463.456	0.0300784
463.571	0.030044
463.685	0.0300068
463.799	0.0301053
463.914	0.0299126
464.028	0.0300792
464.143	0.0299635
464.257	0.0299105
464.371	0.0300741
464.486	0.0299468
464.6	0.0299524
464.715	0.0300857
464.829	0.0299817
464.943	0.0300708
465.058	0.0299605
465.172	0.0299847
465.286	0.03
465.401	0.0299338
465.515	0.0299616
465.629	0.0298676
465.744	0.0298391
465.858	0.0299641
465.972	0.0300168
466.086	0.0299275
466.201	0.0298426
466.315	0.029838
466.429	0.0299664
466.543	0.0298491
466.658	0.0297723
466.772	0.0298988
466.886	0.0298253
467	0.029827
467.115	0.0297755
467.229	0.0297753
467.343	0.0299339
467.457	0.0298025
467.571	0.0297763
467.686	0.0298393
467.8	0.029736
467.914	0.0297443
468.028	0.0298423
468.142	0.0297923
468.256	0.029727
468.371	0.0296954
468.485	0.0298074
468.599	0.0296835
468.713	0.0297832
468.827	0.0297802
468.941	0.0299292
469.055	0.0297007
469.169	0.0297925
469.283	0.0297541
469.398	0.0297935
469.512	0.0298189
469.626	0.0298167
469.74	0.0296499
469.854	0.0297808
469.968	0.0296321
470.082	0.0297602
470.196	0.0296755
470.31	0.0296779
470.424	0.0297104
470.538	0.0297151
470.652	0.0296544
470.766	0.0296377
470.88	0.0296541
470.994	0.029711
471.108	0.0297079
471.222	0.0296921
471.336	0.0296609
471.45	0.029742
471.564	0.0296478
471.678	0.0296147
471.792	0.0297465
471.905	0.0295927
472.019	0.0296547
472.133	0.0297021
472.247	0.0295956
472.361	0.02969
472.475	0.0296551
472.589	0.0296838
472.703	0.02964
472.817	0.029542
472.93	0.0296289
473.044	0.0297482
473.158	0.0296641
473.272	0.0296024
473.386	0.0296018
473.5	0.0296293
473.613	0.0294962
473.727	0.0297106
473.841	0.0297008
473.955	0.0296963
474.069	0.0295856
474.182	0.0296091
474.296	0.0296651
474.41	0.0296245
474.524	0.0296736
474.638	0.0294393
474.751	0.0295497
474.865	0.0295345
474.979	0.0295952
475.092	0.0295205
475.206	0.0295993
475.32	0.0296062
475.434	0.0295542
475.547	0.0296691
475.661	0.0295779
475.775	0.0295264
475.888	0.0297008
476.002	0.0295042
476.116	0.029677
476.229	0.0295931
476.343	0.0296337
476.457	0.0297025
476.57	0.0295565
476.684	0.0295324
476.797	0.0295245
476.911	0.0296326
477.025	0.0296032
477.138	0.0296338
477.252	0.029664
477.365	0.0295292
477.479	0.0296687
477.593	0.0296293
477.706	0.0295321
477.82	0.0296327
477.933	0.0297008
478.047	0.0298031
478.16	0.0296533
478.274	0.0296578
478.387	0.0295956
478.501	0.0296418
478.614	0.0297058
478.728	0.0297433
478.841	0.0297127
478.955	0.0297018
479.068	0.029817
479.182	0.029663
479.295	0.0296165
479.409	0.0296218
479.522	0.0296685
479.636	0.0295447
479.749	0.0296058
479.862	0.0296394
479.976	0.0295152
480.089	0.0296214
480.203	0.0297729
480.316	0.0296931
480.43	0.0295946
480.543	0.0296606
480.656	0.0296
480.77	0.0295876
480.883	0.0296227
480.996	0.0296359
481.11	0.029637
481.223	0.0298763
481.336	0.0297153
481.45	0.0297693
481.563	0.0296946
481.676	0.0297096
481.79	0.0296249
481.903	0.0297319
482.016	0.0296369
482.13	0.0296816
482.243	0.0297238
482.356	0.0298778
482.469	0.0298074
482.583	0.0298648
482.696	0.029638
482.809	0.0297673
482.922	0.0298276
483.036	0.0296406
483.149	0.0296522
483.262	0.0298328
483.375	0.0297929
483.488	0.0297148
483.602	0.0297889
483.715	0.0298658
483.828	0.029792
483.941	0.0297296
484.054	0.0298964
484.167	0.0297845
484.281	0.0298275
484.394	0.0298602
484.507	0.0298507
484.62	0.0297409
484.733	0.029685
484.846	0.0298915
484.959	0.0298396
485.072	0.0298558
485.185	0.0297449
485.299	0.0297355
485.412	0.029824
485.525	0.0298517
485.638	0.0297954
485.751	0.0298442
485.864	0.0298854
485.977	0.0299455
486.09	0.0299438
486.203	0.0298011
486.316	0.0299022
486.429	0.0300037
486.542	0.0298624
486.655	0.0298882
486.768	0.0298827
486.881	0.0298785
486.994	0.029962
487.107	0.0300238
487.22	0.0299638
487.333	0.0300977
487.446	0.0298353
487.559	0.0299413
487.672	0.0300314
487.785	0.0298764
487.897	0.0300425
488.01	0.030068
488.123	0.0300227
488.236	0.0300553
488.349	0.0300901
488.462	0.030155
488.575	0.0299297
488.688	0.0299939
488.801	0.0300176
488.913	0.0301438
489.026	0.03009
489.139	0.0301147
489.252	0.0301889
489.365	0.030063
489.478	0.0301977
489.59	0.0302665
489.703	0.0300747
489.816	0.0301325
489.929	0.0301951
490.042	0.030154
490.154	0.0302718
490.267	0.0302958
490.38	0.0302122
490.493	0.0301469
490.605	0.0302295
490.718	0.0302745
490.831	0.0302465
490.944	0.0302986
491.056	0.0302248
491.169	0.0302548
491.282	0.030383
491.394	0.0302728
491.507	0.0303542
491.62	0.0304097
491.732	0.030276
491.845	0.0304716
491.958	0.0304375
492.07	0.030408
492.183	0.0306071
492.296	0.0304461
492.408	0.03035
492.521	0.0305001
492.634	0.0304836
492.746	0.0304994
492.859	0.0306192
492.971	0.0305168
493.084	0.0306104
493.197	0.0305879
493.309	0.0307236
493.422	0.0306219
493.534	0.0306829
493.647	0.0305865
493.759	0.0307318
493.872	0.0307501
493.984	0.0305582
494.097	0.0306325
494.209	0.0305792
494.322	0.0307546
494.434	0.0306209
494.547	0.0307818
494.659	0.0308513
494.772	0.0307829
494.884	0.0308292
494.997	0.0308077
495.109	0.0308166
495.222	0.0308231
495.334	0.0308245
495.447	0.0308743
495.559	0.0309053
495.671	0.0308481
495.784	0.0310227
495.896	0.0309853
496.009	0.0310565
496.121	0.0309307
496.233	0.03101
496.346	0.0310236
496.458	0.0312132
496.571	0.0310326
496.683	0.031116
496.795	0.0312546
496.908	0.0311329
497.02	0.0311097
497.132	0.0311455
497.245	0.031049
497.357	0.0312437
497.469	0.0312185
497.581	0.031311
497.694	0.0312113
497.806	0.0311746
497.918	0.0313782
498.031	0.0312555
498.143	0.0313581
498.255	0.0313317
498.367	0.0313737
498.48	0.0313389
498.592	0.0314226
498.704	0.0314272
498.816	0.0314981
498.928	0.0316004
499.041	0.0315824
499.153	0.0313567
499.265	0.031589
499.377	0.0316246
499.489	0.031671
499.602	0.0316926
499.714	0.0317281
499.826	0.0317497
499.938	0.0317605
500.05	0.0316883
500.162	0.0319171
500.274	0.0318361
500.387	0.0319016
500.499	0.0318661
500.611	0.0318407
500.723	0.0317865
500.835	0.0319762
500.947	0.0318964
501.059	0.032003
501.171	0.0319536
501.283	0.031861
501.395	0.0320787
501.507	0.0320971
501.619	0.032105
501.731	0.0322177
501.843	0.0320821
501.955	0.0322977
502.067	0.0322652
502.179	0.0322685
502.291	0.0321684
502.403	0.0322662
502.515	0.0323366
502.627	0.0324402
502.739	0.0323581
502.851	0.0325367
502.963	0.0324075
503.075	0.0325524
503.187	0.0324974
503.299	0.0325365
503.411	0.0325811
503.523	0.0326013
503.635	0.0327042
503.747	0.0327019
503.859	0.0328261
503.97	0.0328213
504.082	0.0328841
504.194	0.0328049
504.306	0.0327513
504.418	0.0327835
504.53	0.0328809
504.642	0.0328727
504.753	0.0328922
504.865	0.0329689
504.977	0.0330991
505.089	0.0331499
505.201	0.0331332
505.312	0.0330816
505.424	0.033189
505.536	0.0333086
505.648	0.0331393
505.76	0.0332444
505.871	0.0333592
505.983	0.0333759
506.095	0.0334011
506.207	0.0335564
506.318	0.0334219
506.43	0.0335376
506.542	0.0335553
506.653	0.0335076
506.765	0.0335943
506.877	0.033648
506.988	0.0336825
507.1	0.0336316
507.059	0.0336151
507.171	0.0335405
507.283	0.0335312
507.395	0.0337103
507.507	0.0336257
507.619	0.0337457
507.731	0.0337474
507.843	0.0338409
507.955	0.0338747
508.067	0.0338656
508.179	0.0338825
508.291	0.0339094
508.403	0.0339442
508.515	0.0340821
508.627	0.0340319
508.739	0.0341276
508.851	0.0342138
508.963	0.0341649
509.075	0.0344428
509.186	0.0340962
509.298	0.0342739
509.41	0.0344155
509.522	0.0345029
509.634	0.0345223
509.746	0.0344454
509.858	0.0344532
509.97	0.0346613
510.081	0.0345734
510.193	0.0347355
510.305	0.0346631
510.417	0.0346931
510.529	0.0348622
510.641	0.0347428
510.752	0.0348733
510.864	0.0350612
510.976	0.0350967
511.088	0.0351502
511.2	0.0351931
511.311	0.0352131
511.423	0.0351952
511.535	0.0353132
511.647	0.0353793
511.758	0.0354001
511.87	0.0353436
511.982	0.0355233
512.094	0.0356503
512.205	0.0355964
512.317	0.0355849
512.429	0.0357131
512.54	0.035895
512.652	0.0358403
512.764	0.0358086
512.876	0.0358539
512.987	0.0360188
513.099	0.0360742
513.21	0.0361233
513.322	0.0360831
513.434	0.0362746
513.545	0.0362957
513.657	0.0363207
513.769	0.0363533
513.88	0.0363941
513.992	0.0364295
514.103	0.0366325
514.215	0.0365319
514.327	0.0366716
514.438	0.0366151
514.55	0.0368565
514.661	0.0369118
514.773	0.036966
514.884	0.0370765
514.996	0.0371668
515.107	0.0369125
515.219	0.0372191
515.33	0.0373106
515.442	0.0373109
515.553	0.037423
515.665	0.0375428
515.776	0.0374552
515.888	0.0377003
515.999	0.0375861
516.111	0.0376477
516.222	0.0376921
516.334	0.0378336
516.445	0.0378296
516.557	0.037937
516.668	0.037938
516.779	0.038056
516.891	0.0381052
517.002	0.0381807
517.114	0.038317
517.225	0.0384113
517.336	0.0384699
517.448	0.038536
517.559	0.038515
517.671	0.0386025
517.782	0.038786
517.893	0.0387029
518.005	0.0388125
518.116	0.0389178
518.227	0.038864
518.339	0.0390495
518.45	0.0390864
518.561	0.0391931
518.672	0.0393638
518.784	0.0391961
518.895	0.0393909
519.006	0.039663
519.118	0.0395355
519.229	0.0395748
519.34	0.0397418
519.451	0.0395095
519.563	0.0397684
519.674	0.0399352
519.785	0.0400608
519.896	0.0401061
520.007	0.0400436
520.119	0.0401198
520.23	0.0402216
520.341	0.0402936
520.452	0.0404531
520.563	0.0402068
520.674	0.0403746
520.786	0.040504
520.897	0.0406408
521.008	0.040556
521.119	0.0407418
521.23	0.0407836
521.341	0.0410055
521.452	0.0410256
521.563	0.0411122
521.675	0.0410746
521.786	0.0412855
521.897	0.0412137
522.008	0.0413205
522.119	0.041351
522.23	0.0414482
522.341	0.0416267
522.452	0.0414677
522.563	0.0415542
522.674	0.0417382
522.785	0.041898
522.896	0.0419351
523.007	0.0421799
523.118	0.0420516
523.229	0.0419989
523.34	0.0422251
523.451	0.0422007
523.562	0.0422795
523.673	0.042312
523.784	0.0425661
523.895	0.0426887
524.006	0.0427118
524.117	0.0427749
524.228	0.0426523
524.339	0.0428462
524.449	0.0428693
524.56	0.0430377
524.671	0.0431086
524.782	0.0431449
524.893	0.0431302
525.004	0.0431123
525.115	0.0431946
525.226	0.0431354
525.336	0.0433316
525.447	0.0432348
525.558	0.0434114
525.669	0.0432353
525.78	0.0432177
525.891	0.043467
526.001	0.0436811
526.112	0.0436003
526.223	0.0435897
526.334	0.0437634
526.445	0.0437681
526.555	0.043732
526.666	0.043825
526.777	0.0439832
526.888	0.0439716
526.998	0.0441676
527.109	0.0442298
527.22	0.0443265
527.33	0.04427
527.441	0.044287
527.552	0.0443304
527.663	0.0444744
527.773	0.0442728
527.884	0.0444106
527.995	0.0445379
528.105	0.0447096
528.216	0.044765
528.327	0.044751
528.437	0.0445854
528.548	0.0447303
528.658	0.0449026
528.769	0.044803
528.88	0.0448163
528.99	0.0449715
529.101	0.0450343
529.212	0.0449894
529.322	0.0450925
529.433	0.045229
529.543	0.0451935
529.654	0.0450902
529.764	0.0453435
529.875	0.0452598
529.985	0.0453127
530.096	0.0453979
530.206	0.0455632
530.317	0.0453468
530.427	0.0453373
530.538	0.0454976
530.648	0.0455685
530.759	0.0456077
530.869	0.0455346
530.98	0.0455705
531.09	0.0455289
531.201	0.0456882
531.311	0.0455943
531.422	0.045642
531.532	0.0456758
531.643	0.0458259
531.753	0.045879
531.863	0.0456166
531.974	0.0458595
532.084	0.0459539
532.195	0.0458491
532.305	0.0457117
532.415	0.0458441
532.526	0.0458484
532.636	0.0460129
532.746	0.0460742
532.857	0.0460507
532.967	0.0462045
533.077	0.0458451
533.188	0.0460263
533.298	0.0461525
533.408	0.0459151
533.519	0.0459876
533.629	0.0461408
533.739	0.0460223
533.85	0.0460687
533.96	0.0461783
534.07	0.04625
534.18	0.0460752
534.291	0.0460871
534.401	0.0461754
534.511	0.0463031
534.621	0.0462338
534.731	0.0463051
534.842	0.0463509
534.952	0.0462182
535.062	0.0462238
535.172	0.0464632
535.282	0.0462038
535.393	0.0462474
535.503	0.0464025
535.613	0.0464043
535.723	0.046409
535.833	0.046289
535.943	0.0462959
536.053	0.0462943
536.164	0.0464684
536.274	0.0465207
536.384	0.0465209
536.494	0.0465344
536.604	0.0463819
536.714	0.046452
536.824	0.0465969
536.934	0.0464859
537.044	0.0464447
537.154	0.0466851
537.264	0.0465296
537.374	0.0467794
537.484	0.0467005
537.594	0.0466667
537.704	0.0469097
537.814	0.0465532
537.924	0.0465114
538.034	0.0467223
538.144	0.0467708
538.254	0.0466406
538.364	0.0469425
538.474	0.0467036
538.584	0.0468199
538.694	0.0467728
538.804	0.0469972
538.914	0.0468804
539.024	0.0468691
539.134	0.0468918
539.244	0.0469414
539.354	0.0470003
539.464	0.0467135
539.574	0.0468136
539.683	0.0467828
539.793	0.0470283
539.903	0.0467498
540.013	0.0469565
540.123	0.0470991
540.233	0.0468477
540.343	0.0469118
540.452	0.0468352
540.562	0.0469576
540.672	0.0469256
540.782	0.0469991
540.892	0.046954
541.001	0.0470902
541.111	0.0468563
541.221	0.0470827
541.331	0.0468919
541.44	0.0473208
541.55	0.0469157
541.66	0.0471056
541.77	0.0470546
541.879	0.0473161
541.989	0.0471357
542.099	0.0472568
542.209	0.0472423
542.318	0.0472955
542.428	0.0471705
542.538	0.0472089
542.647	0.0470912
542.757	0.0472525
542.867	0.0472472
542.976	0.0474976
543.086	0.0473298
543.196	0.0472047
543.305	0.0473994
543.415	0.0472794
543.524	0.0474243
543.634	0.0474429
543.744	0.047422
543.853	0.0474384
543.963	0.0475079
544.072	0.047428
544.182	0.0474744
544.292	0.0476399
544.401	0.0474552
544.511	0.0473626
544.62	0.047677
544.73	0.0478021
544.839	0.0477771
544.949	0.0476585
545.058	0.0477806
545.168	0.0477951
545.277	0.0476723
545.387	0.0476965
545.496	0.047938
545.606	0.0476812
545.715	0.0479372
545.825	0.0478483
545.934	0.0477767
546.043	0.0478462
546.153	0.0480299
546.262	0.0479181
546.372	0.047949
546.481	0.0479346
546.591	0.0478552
546.7	0.0480074
546.809	0.0480541
546.919	0.0480598
547.028	0.0483976
547.137	0.0480277
547.247	0.0482135
547.356	0.0483224
547.466	0.0481857
547.575	0.0479916
547.684	0.0481122
547.794	0.0483058
547.903	0.048293
548.012	0.0483028
548.121	0.0485223
548.231	0.0481765
548.34	0.0484797
548.449	0.0483185
548.559	0.0483811
548.668	0.0483806
548.777	0.0484741
548.886	0.0485474
548.996	0.0485661
549.105	0.0485677
549.214	0.0486665
549.323	0.0487486
549.432	0.0486002
549.542	0.0485187
549.651	0.0485494
549.76	0.0485893
549.869	0.0485574
549.978	0.0486813
550.088	0.0486573
550.197	0.0488153
550.306	0.0488682
550.415	0.0488618
550.524	0.0487418
550.633	0.048842
550.742	0.0489972
550.851	0.0488606
550.961	0.048847
551.07	0.0489816
551.179	0.0489947
551.288	0.0489369
551.397	0.0489887
551.506	0.0488644
551.615	0.0490909
551.724	0.0490452
551.833	0.0489709
551.942	0.049015
552.051	0.0489873
552.16	0.0491163
552.269	0.0489887
552.378	0.0492592
552.487	0.0491686
552.596	0.0489876
552.705	0.0490348
552.814	0.0492744
552.923	0.0491706
553.032	0.0489594
553.141	0.0491635
553.25	0.0491794
553.359	0.0492895
553.468	0.0491667
553.577	0.0493545
553.686	0.0494132
553.794	0.0492026
553.903	0.0492149
554.012	0.0493458
554.121	0.0492162
554.23	0.0493824
554.339	0.0492647
554.448	0.0493315
554.557	0.0491991
554.665	0.0493997
554.774	0.0493385
554.883	0.0495301
554.992	0.0492856
555.101	0.0493332
555.21	0.049371
555.318	0.0494618
555.427	0.049409
555.536	0.0493637
555.645	0.0494355
555.753	0.0492664
555.862	0.0494662
555.971	0.0493753
556.08	0.0493071
556.188	0.0493896
556.297	0.0492906
556.406	0.049345
556.515	0.0493673
556.623	0.0493804
556.732	0.0493799
556.841	0.049587
556.949	0.0495023
557.058	0.0493743
557.167	0.0492751
557.275	0.0492424
557.384	0.0492568
557.493	0.0494663
557.601	0.0494893
557.71	0.0495204
557.819	0.0493696
557.927	0.0492543
558.036	0.0491389
558.144	0.0493967
558.253	0.0494018
558.362	0.0491821
558.47	0.0492004
558.579	0.0492461
558.687	0.0492509
558.796	0.0490769
558.904	0.049343
559.013	0.0493078
559.121	0.0492532
559.23	0.0493339
559.338	0.0491374
559.447	0.0491598
559.555	0.0492647
559.664	0.0490638
559.772	0.0491466
559.881	0.0491904
559.989	0.0491467
560.098	0.049313
560.206	0.0493021
560.315	0.0490919
560.423	0.0492993
560.532	0.0490678
560.64	0.0491094
560.748	0.0492096
560.857	0.0489009
560.965	0.0490198
561.074	0.0490031
561.182	0.0490254
561.29	0.0490919
561.399	0.0488368
561.507	0.0491563
561.615	0.0489158
561.724	0.0491107
561.832	0.0490333
561.941	0.0491742
562.049	0.0491013
562.157	0.0487809
562.265	0.0488404
562.374	0.0488869
562.482	0.0487584
562.59	0.0488812
562.699	0.0489349
562.807	0.0486532
562.915	0.0489381
563.023	0.0489291
563.132	0.0487423
563.24	0.0488048
563.348	0.0487804
563.456	0.048737
563.565	0.0488741
563.673	0.0488548
563.781	0.0486641
563.889	0.0486789
563.997	0.0486846
564.106	0.0487697
564.214	0.048387
564.322	0.0485366
564.43	0.0484912
564.538	0.0484763
564.646	0.0486278
564.754	0.0485255
564.863	0.0482818
564.971	0.0483621
565.079	0.0484813
565.187	0.048299
565.295	0.0483218
565.403	0.0484368
565.511	0.0482946
565.619	0.0484422
565.727	0.0483277
565.835	0.0484022
565.943	0.0480999
566.051	0.0482131
566.159	0.0479945
566.267	0.0481623
566.376	0.0479693
566.484	0.0481363
566.592	0.047966
566.7	0.0481461
566.807	0.0480456
566.915	0.0480725
567.023	0.0477929
567.131	0.0480679
567.239	0.0478781
567.347	0.0480757
567.455	0.0476781
567.563	0.0477149
567.671	0.0476825
567.779	0.0478613
567.887	0.04775
567.995	0.0477138
568.103	0.0478056
568.211	0.0479004
568.319	0.0476384
568.426	0.0476333
568.534	0.0475471
568.642	0.0474658
568.75	0.0475858
568.858	0.0475065
568.966	0.0475011
569.073	0.0472593
569.181	0.0474278
569.289	0.0472319
569.397	0.0473723
569.505	0.0474103
569.612	0.0473569
569.72	0.0471632
569.828	0.0472513
569.936	0.0472523
570.044	0.0471236
570.151	0.0471813
570.259	0.0471422
570.367	0.0470574
570.474	0.0471766
570.582	0.0472469
570.69	0.047088
570.798	0.0472264
570.905	0.0470429
571.013	0.0468437
571.121	0.0470489
571.228	0.0469187
571.336	0.0469192
571.444	0.0468589
571.551	0.0469213
571.659	0.0467449
571.767	0.0468124
571.874	0.0466871
571.982	0.0467057
572.089	0.0467717
572.197	0.0464802
572.305	0.0467239
572.412	0.0467453
572.52	0.046616
572.627	0.0465458
572.735	0.04649
572.842	0.0463603
572.95	0.0463598
573.058	0.0464677
573.165	0.0463723
573.273	0.0465295
573.38	0.0461481
573.488	0.0464271
573.595	0.0463714
573.703	0.0464483
573.81	0.0463299
573.918	0.0462363
574.025	0.0463313
574.133	0.0462428
574.24	0.0461786
574.347	0.046272
574.455	0.0461869
574.562	0.046287
574.67	0.0460897
574.777	0.0461751
574.885	0.0461922
574.992	0.0460339
575.099	0.0459288
575.207	0.0459754
575.314	0.0461335
575.422	0.0457237
575.529	0.0460226
575.636	0.0459202
575.744	0.0459201
575.851	0.0457203
575.958	0.04609
576.066	0.0457762
576.173	0.0458062
576.28	0.0458033
576.387	0.0458476
576.495	0.0457833
576.602	0.0456941
576.709	0.0456966
576.817	0.0458191
576.924	0.0457749
577.031	0.0457724
577.138	0.0456809
577.246	0.0455265
577.353	0.0456327
577.46	0.0456463
577.567	0.0455815
577.675	0.0456608
577.782	0.0455161
577.889	0.0457031
577.996	0.0456454
578.103	0.0455163
578.21	0.0455208
578.318	0.0457204
578.425	0.0455661
578.532	0.045513
578.639	0.0454946
578.746	0.0453871
578.853	0.0454664
578.96	0.0451649
579.068	0.0454413
579.175	0.0453553
579.282	0.0452486
579.389	0.0453401
579.496	0.0453756
579.603	0.0452856
579.71	0.0452659
579.817	0.0452176
579.924	0.0453061
580.031	0.0451944
580.138	0.0451616
580.245	0.0453022
580.352	0.0452727
580.459	0.0452494
580.566	0.0450093
580.673	0.0450717
580.78	0.0451842
580.887	0.0450972
580.994	0.0451755
581.101	0.0451687
581.208	0.0451527
581.315	0.0451049
581.422	0.0450448
581.529	0.0452293
581.636	0.0451794
581.743	0.044933
581.85	0.0450752
581.957	0.0451269
582.063	0.0449534
582.17	0.0450021
582.277	0.04506
582.384	0.0449308
582.491	0.0452013
582.598	0.0450148
582.705	0.0449941
582.811	0.0452834
582.918	0.0451166
583.025	0.0449607
583.132	0.0449364
583.239	0.044896
583.346	0.0448738
583.452	0.0449409
583.559	0.044835
583.666	0.0448759
583.773	0.0448689
583.879	0.0449027
583.986	0.0446344
584.093	0.0448165
584.2	0.0448883
584.306	0.0446347
584.413	0.0449262
584.52	0.0448643
584.627	0.0449287
584.733	0.0447142
584.84	0.0446514
584.947	0.0447615
585.053	0.0446401
585.16	0.0449229
585.267	0.0448415
585.373	0.0448336
585.48	0.0448052
585.587	0.0445877
585.693	0.0447066
585.8	0.0445804
585.906	0.0446219
586.013	0.0446411
586.12	0.0447569
586.226	0.0445919
586.333	0.0447023
586.439	0.0447896
586.546	0.0445542
586.652	0.0446084
586.759	0.0445058
586.866	0.0445644
586.972	0.0446222
587.079	0.0447804
587.185	0.0445611
587.292	0.0446273
587.398	0.044476
587.505	0.044528
587.611	0.044667
587.718	0.0444637
587.824	0.0445267
587.931	0.0445504
588.037	0.0444855
588.143	0.0445009
588.25	0.0445027
588.356	0.0444817
588.463	0.0446724
588.569	0.0445994
588.676	0.0444698
588.782	0.0443181
588.888	0.0445296
588.995	0.0445151
589.101	0.0444088
589.208	0.044559
589.314	0.0443722
589.42	0.0443887
589.527	0.0442926
589.633	0.0443321
589.739	0.0441748
589.846	0.0442157
589.952	0.0443421
590.058	0.0443079
590.165	0.0443442
590.271	0.0443216
590.377	0.0443485
590.483	0.044302
590.59	0.044308
590.696	0.0443745
590.802	0.0442208
590.908	0.0441975
591.015	0.0442996
591.121	0.0443232
591.227	0.0442146
591.333	0.0442908
591.44	0.0443028
591.546	0.0443723
591.652	0.0441667
591.758	0.0442434
591.864	0.0442894
591.97	0.0442559
592.077	0.0441998
592.183	0.0442788
592.289	0.0441638
592.395	0.044239
592.501	0.0439255
592.607	0.0441127
592.713	0.0443554
592.82	0.0440903
592.926	0.0442431
593.032	0.0441291
593.138	0.0441141
593.244	0.04422
593.35	0.0440253
593.456	0.0443161
593.562	0.0443356
593.668	0.0440378
593.774	0.0440218
593.88	0.0442078
593.986	0.0442268
594.092	0.044046
594.198	0.0439515
594.304	0.0441609
594.41	0.0438823
594.516	0.044161
594.622	0.0442125
594.728	0.0440398
594.834	0.0441664
594.94	0.0440936
595.046	0.0440019
595.152	0.0440994
595.258	0.043873
595.364	0.044107
595.47	0.0440174
595.576	0.0440841
595.682	0.0439161
595.787	0.0438724
595.893	0.0439821
595.999	0.0440642
596.105	0.0440123
596.211	0.0439683
596.317	0.043953
596.423	0.0439752
596.528	0.0439222
596.634	0.0441825
596.74	0.0439882
596.846	0.0440797
596.952	0.0441709
597.058	0.0439757
597.163	0.0439638
597.269	0.0439146
597.375	0.0440368
597.481	0.0440057
597.586	0.0439476
597.692	0.0439592
597.798	0.0439797
597.904	0.0439149
598.009	0.0440217
598.115	0.043974
598.221	0.0439233
598.327	0.044004
598.432	0.0440215
598.538	0.0439732
598.644	0.0439188
598.749	0.043897
598.855	0.043837
598.961	0.0438729
599.066	0.0439174
599.172	0.0438833
599.277	0.0439742
599.383	0.0437658
599.489	0.0438855
599.594	0.0439976
599.7	0.0439155
599.806	0.043763
599.911	0.0437869
600.017	0.0438654
600.122	0.0438758
600.228	0.0438733
600.333	0.0438139
600.439	0.0438742
600.544	0.0439883
600.65	0.0437137
600.756	0.0437348
600.861	0.0437756
600.967	0.0437036
601.072	0.0436323
601.178	0.0437035
601.283	0.0438654
601.389	0.0437589
601.494	0.0437407
601.599	0.0435706
601.705	0.0438634
601.81	0.0437263
601.916	0.0436964
602.021	0.0439437
602.127	0.0438023
602.232	0.0438778
602.337	0.0437039
602.443	0.0436795
602.548	0.0437567
602.654	0.0436526
602.759	0.0435863
602.864	0.0437487
602.97	0.0436398
603.075	0.0436286
603.18	0.0436712
603.286	0.0437125
603.391	0.0438217
603.496	0.043595
603.602	0.0437489
603.707	0.0437938
603.812	0.0436614
603.918	0.0438417
604.023	0.043588
604.128	0.043488
604.233	0.043642
604.339	0.0436303
604.444	0.0435722
604.549	0.0435692
604.654	0.0434564
604.76	0.0434297
604.865	0.0435818
604.97	0.0437261
605.075	0.0436057
605.181	0.0434632
605.286	0.0434097
605.391	0.0434977
605.496	0.0433849
605.601	0.0434797
605.706	0.0435295
605.812	0.0437124
605.917	0.0434896
606.022	0.0436217
606.127	0.043402
606.232	0.0431056
606.337	0.0434418
606.442	0.0433999
606.547	0.0434936
606.652	0.0434999
606.758	0.0434048
606.863	0.0434784
606.968	0.0435452
607.073	0.0432605
607.178	0.0434334
607.283	0.0432627
607.388	0.0434404
607.493	0.043441
607.598	0.0432693
607.703	0.0432373
607.808	0.0431319
607.913	0.0434228
608.018	0.0431696
608.123	0.04318
608.228	0.0431341
608.333	0.0432092
608.438	0.0431782
608.543	0.0431239
608.648	0.0432464
608.753	0.0432644
608.858	0.0429977
608.962	0.0431841
609.067	0.0430846
609.172	0.0431866
609.277	0.043217
609.382	0.043012
609.487	0.0430695
609.592	0.043212
609.697	0.042949
609.801	0.043003
609.906	0.0428763
610.011	0.042976
610.116	0.0430408
610.221	0.0430449
610.326	0.042838
610.43	0.0431024
610.535	0.0429715
610.64	0.0430927
610.745	0.0428382
610.85	0.042938
610.954	0.0427702
611.059	0.0427649
611.164	0.0428727
611.269	0.0427744
611.373	0.0426936
611.478	0.0426631
611.583	0.0428347
611.688	0.0428863
611.792	0.0428584
611.897	0.0427306
612.002	0.0426245
612.106	0.0428046
612.211	0.0427919
612.316	0.0428304
612.42	0.042815
612.525	0.0427778
612.53	0.0427744
612.636	0.0425597
612.742	0.0425715
612.847	0.0426393
612.953	0.0425512
613.059	0.0426954
613.164	0.0425413
613.27	0.0426195
613.376	0.0426643
613.481	0.0424643
613.587	0.0426085
613.692	0.0428124
613.798	0.0426332
613.904	0.0426224
614.009	0.0425672
614.115	0.0426871
614.22	0.0426251
614.326	0.0425423
614.432	0.0426076
614.537	0.0424342
614.643	0.0424872
614.748	0.0425582
614.854	0.0426118
614.959	0.0425283
615.065	0.0425267
615.17	0.0425471
615.276	0.0426854
615.381	0.0425215
615.487	0.0425109
615.592	0.0425431
615.698	0.0426084
615.803	0.0425415
615.909	0.042532
616.014	0.0423702
616.119	0.0427269
616.225	0.042594
616.33	0.0425228
616.436	0.0424863
616.541	0.0424666
616.647	0.0425347
616.752	0.0426384
616.857	0.0424726
616.963	0.0424131
617.068	0.0424352
617.173	0.0425317
617.279	0.0425254
617.384	0.0424978
617.489	0.0425682
617.595	0.0426913
617.7	0.0425465
617.805	0.0425422
617.911	0.0425921
618.016	0.042504
618.121	0.0426194
618.226	0.0426177
618.332	0.0424739
618.437	0.0427177
618.542	0.0424854
618.648	0.0425359
618.753	0.0423717
618.858	0.0425695
618.963	0.0425203
619.068	0.0425402
619.174	0.042473
619.279	0.0424543
619.384	0.0424558
619.489	0.042438
619.594	0.042439
619.7	0.04251
619.805	0.0425051
619.91	0.042601
620.015	0.0423875
620.12	0.0424203
620.225	0.0424931
620.33	0.0424937
620.435	0.0424711
620.541	0.0425894
620.646	0.0424388
620.751	0.0426242
620.856	0.0425804
620.961	0.0425525
621.066	0.0425641
621.171	0.0424272
621.276	0.0424755
621.381	0.0427705
621.486	0.0425424
621.591	0.0425242
621.696	0.0426699
621.801	0.0425207
621.906	0.0425281
622.011	0.0427092
622.116	0.0426865
622.221	0.0427566
622.326	0.0426023
622.431	0.0425625
622.536	0.042582
622.641	0.0426316
622.746	0.0426948
622.851	0.042374
622.956	0.0424484
623.061	0.0425496
623.166	0.0426459
623.27	0.0424875
623.375	0.0426716
623.48	0.0426494
623.585	0.0427691
623.69	0.0428816
623.795	0.0427243
623.9	0.0426356
624.004	0.0428082
624.109	0.0425878
624.214	0.0427301
624.319	0.0426053
624.424	0.0427749
624.529	0.0428267
624.633	0.042658
624.738	0.0426548
624.843	0.04264
624.948	0.0427768
625.052	0.0427802
625.157	0.042788
625.262	0.0428972
625.367	0.0426487
625.471	0.0427227
625.576	0.0427896
625.681	0.042652
625.786	0.0427182
625.89	0.042898
625.995	0.0429516
626.1	0.042986
626.204	0.0429183
626.309	0.0428838
626.414	0.0427511
626.518	0.042891
626.623	0.0429252
626.727	0.0430712
626.832	0.0430129
626.937	0.0430916
627.041	0.0429659
627.146	0.0429045
627.251	0.0427193
627.355	0.0429485
627.46	0.0427348
627.564	0.0430006
627.669	0.0427757
627.773	0.0427189
627.878	0.0430301
627.982	0.0431411
628.087	0.0429393
628.191	0.0429566
628.296	0.0430419
628.4	0.0429391
628.505	0.0428548
628.609	0.0428294
628.714	0.0428494
628.818	0.0428887
628.923	0.043193
629.027	0.0430607
629.132	0.0430412
629.236	0.0430069
629.341	0.0431239
629.445	0.0430065
629.549	0.0432261
629.654	0.0430204
629.758	0.0429777
629.863	0.0430894
629.967	0.0432411
630.071	0.0432913
630.176	0.0432956
630.28	0.0429435
630.384	0.0430577
630.489	0.0432125
630.593	0.0430706
630.697	0.0430753
630.802	0.0432127
630.906	0.0431958
631.01	0.0431502
631.115	0.0431649
631.219	0.0432211
631.323	0.0432024
631.428	0.0431051
631.532	0.0434073
631.636	0.0431536
631.74	0.0432522
631.845	0.0432763
631.949	0.0433279
632.053	0.0431704
632.157	0.0431209
632.261	0.0434349
632.366	0.0432612
632.47	0.0431783
632.574	0.0431067
632.678	0.0431191
632.782	0.043194
632.886	0.0432084
632.991	0.0431454
633.095	0.043135
633.199	0.0432054
633.303	0.0433032
633.407	0.0432304
633.511	0.0430333
633.615	0.0432465
633.719	0.043273
633.823	0.0431548
633.928	0.0430513
634.032	0.0430345
634.136	0.0430664
634.24	0.0430913
634.344	0.0432178
634.448	0.0432898
634.552	0.0432745
634.656	0.0429902
634.76	0.0430166
634.864	0.0431034
634.968	0.0428532
635.072	0.0429883
635.176	0.0430185
635.28	0.0430375
635.384	0.043039
635.488	0.0429914
635.592	0.0430757
635.696	0.0428559
635.799	0.0428716
635.903	0.0430211
636.007	0.0430437
636.111	0.0428816
636.215	0.0429273
636.319	0.04295
636.423	0.0428058
636.527	0.0429092
636.631	0.0430285
636.734	0.0427919
636.838	0.0428485
636.942	0.0428454
637.046	0.0427865
637.15	0.0428616
637.254	0.0427114
637.357	0.0427357
637.461	0.0425544
637.565	0.0426893
637.669	0.0427583
637.773	0.042621
637.876	0.0426569
637.98	0.0424972
638.084	0.0425177
638.188	0.0426047
638.291	0.0424436
638.395	0.0425278
638.499	0.0425838
638.603	0.0423208
638.706	0.0425827
638.81	0.0425007
638.914	0.042454
639.017	0.0425716
639.121	0.042274
639.225	0.042198
639.328	0.0423367
639.432	0.0423084
639.536	0.042223
639.639	0.0425009
639.743	0.0422883
639.846	0.0422484
639.95	0.0421982
640.054	0.0423551
640.157	0.0422388
640.261	0.0421627
640.364	0.0420903
640.468	0.042101
640.571	0.0421415
640.675	0.0418663
640.779	0.0419324
640.882	0.0419292
640.986	0.0419861
641.089	0.0418946
641.193	0.0419648
641.296	0.0419587
641.4	0.0418672
641.503	0.041883
641.607	0.041817
641.71	0.0418645
641.813	0.0417844
641.917	0.041799
642.02	0.0417263
642.124	0.041709
642.227	0.0416304
642.331	0.0416833
642.434	0.0415506
642.537	0.0417234
642.641	0.0413932
642.744	0.0415072
642.848	0.0415037
642.951	0.0416483
643.054	0.0414786
643.158	0.0415341
643.261	0.0415183
643.364	0.041502
643.468	0.0414176
643.571	0.0412748
643.674	0.0411963
643.778	0.0414216
643.881	0.0411699
643.984	0.0414989
644.088	0.0412672
644.191	0.0410251
644.294	0.0412229
644.397	0.0411317
644.501	0.0411784
644.604	0.0411512
644.707	0.0412104
644.81	0.0410111
644.913	0.0410796
645.017	0.0410427
645.12	0.0409731
645.223	0.0411625
645.326	0.0410063
645.429	0.0407893
645.533	0.0409365
645.636	0.0410388
645.739	0.0410506
645.842	0.0409155
645.945	0.0409677
646.048	0.0409583
646.151	0.0407583
646.254	0.0407255
646.358	0.0409608
646.461	0.0407919
646.564	0.0409484
646.667	0.0408169
646.77	0.0406985
646.873	0.0406204
646.976	0.0407663
647.079	0.0406446
647.182	0.0406161
647.285	0.0405659
647.388	0.0405254
647.491	0.0406206
647.594	0.0405763
647.697	0.0406252
647.8	0.0406691
647.903	0.0405048
648.006	0.040526
648.109	0.0405463
648.212	0.0405284
648.315	0.0402921
648.418	0.0402917
648.521	0.0404213
648.624	0.0404082
648.727	0.0403211
648.829	0.0404783
648.932	0.0402667
649.035	0.0404624
649.138	0.0403518
649.241	0.0403468
649.344	0.0402264
649.447	0.0403516
649.55	0.0403007
649.652	0.0403989
649.755	0.0403731
649.858	0.0405051
649.961	0.0405435
650.064	0.0404298
650.166	0.040222
650.269	0.0401536
650.372	0.0402912
650.475	0.0402129
650.578	0.0402455
650.68	0.0402123
650.783	0.0402565
650.886	0.0403756
650.989	0.0403043
651.091	0.0402189
651.194	0.040311
651.297	0.0403472
651.399	0.0402004
651.502	0.0401732
651.605	0.0401507
651.707	0.0402361
651.81	0.040175
651.913	0.040191
652.015	0.040016
652.118	0.040217
652.221	0.0401709
652.323	0.0399821
652.426	0.0401634
652.529	0.040123
652.631	0.040157
652.734	0.0400658
652.836	0.0401393
652.939	0.0401712
653.041	0.0399993
653.144	0.039912
653.247	0.04012
653.349	0.0401291
653.452	0.0399539
653.554	0.0400393
653.657	0.0400507
653.759	0.0400068
653.862	0.0399982
653.964	0.0401156
654.067	0.0401695
654.169	0.039906
654.272	0.0400519
654.374	0.0400596
654.477	0.0399698
654.579	0.040053
654.681	0.0399881
654.784	0.0398982
654.886	0.0398756
654.989	0.039986
655.091	0.0400185
655.193	0.0400601
655.296	0.0398641
655.398	0.0399679
655.501	0.0398927
655.603	0.0400271
655.705	0.0398185
655.808	0.0398597
655.91	0.0399991
656.012	0.039844
656.115	0.0399914
656.217	0.0399919
656.319	0.0397147
656.422	0.0398378
656.524	0.0397764
656.626	0.039873
656.728	0.0397631
656.831	0.0397796
656.933	0.039669
657.035	0.0399365
657.137	0.0398962
657.24	0.0397193
657.342	0.039702
657.444	0.0395524
657.546	0.0395804
657.648	0.0396667
657.751	0.0397755
657.853	0.0398145
657.955	0.0396421
658.057	0.0396043
658.159	0.0394399
658.261	0.0397306
658.364	0.0396902
658.466	0.03959
658.568	0.0394648
658.67	0.0395886
658.772	0.0395584
658.874	0.0394376
658.976	0.039611
659.078	0.0395641
659.18	0.0395613
659.282	0.0395926
659.385	0.0395082
659.487	0.0393876
659.589	0.0395079
659.691	0.0394003
659.793	0.0393929
659.895	0.0393157
659.997	0.0393283
660.099	0.0393554
660.201	0.039421
660.303	0.0392986
660.405	0.0393545
660.507	0.0392187
660.609	0.0392735
660.711	0.0393199
660.812	0.0391068
660.914	0.0391849
661.016	0.0390239
661.118	0.0391101
661.22	0.0391967
661.322	0.0390642
661.424	0.0392668
661.526	0.0389391
661.628	0.0391294
661.73	0.0389904
661.831	0.0390662
661.933	0.0390591
662.035	0.0389413
662.137	0.0389115
662.239	0.0388497
662.341	0.0389013
662.442	0.0388915
662.544	0.0389763
662.646	0.0388963
682.649	0.038885
682.89	0.039148
683.13	0.0385883
683.37	0.0396227
683.611	0.0392055
683.851	0.0397468
684.091	0.0392331
684.332	0.0397733
684.572	0.03983
684.812	0.0401188
685.053	0.0397372
685.293	0.0400579
685.533	0.0404802
685.774	0.0402339
686.014	0.0407115
686.254	0.0405744
686.494	0.0408783
686.734	0.0403309
686.975	0.0410054
687.215	0.0411466
687.455	0.0411166
687.695	0.041307
687.935	0.0413779
688.175	0.0414651
688.416	0.0421515
688.656	0.0424188
688.896	0.0429582
689.136	0.0423241
689.376	0.0426149
689.616	0.0432652
689.856	0.0427983
690.096	0.0441543
690.336	0.0435891
690.576	0.044512
690.816	0.0444178
691.056	0.0444205
691.296	0.0449156
691.536	0.045325
691.776	0.0451824
692.016	0.0457571
692.256	0.046308
692.496	0.0468046
692.736	0.0466774
692.975	0.0470781
693.215	0.0473098
693.455	0.0484594
693.695	0.0484285
693.935	0.0487049
694.175	0.0490667
694.414	0.0498468
694.654	0.0496205
694.894	0.0501204
695.134	0.0501059
695.374	0.0511498
695.613	0.0512017
695.853	0.0517419
696.093	0.0522157
696.332	0.0527755
696.572	0.0531364
696.812	0.0537146
697.051	0.0543866
697.291	0.0549968
697.531	0.0552434
697.77	0.0552653
698.01	0.0559743
698.25	0.056273
698.489	0.0573666
698.729	0.0570061
698.968	0.0582325
699.208	0.0593857
699.447	0.058608
699.687	0.0592412
699.927	0.0600451
700.166	0.0605669
700.405	0.0611245
700.645	0.0622464
700.884	0.0626768
701.124	0.062789
701.363	0.0631958
701.603	0.0643197
701.842	0.0649763
702.082	0.0656931
702.321	0.0657214
702.56	0.066692
702.8	0.067184
703.039	0.0680717
703.278	0.0685207
703.518	0.0699257
703.757	0.0702062
703.996	0.0707154
704.236	0.0718352
704.475	0.0716872
704.714	0.0732404
704.953	0.0726176
705.193	0.0735546
705.432	0.0748448
705.671	0.0747036
705.91	0.0764457
706.149	0.0762082
706.389	0.0774115
706.628	0.0770117
706.867	0.0791532
707.106	0.0800963
707.345	0.0805274
707.584	0.0803585
707.823	0.0809868
708.062	0.0824366
708.301	0.0819809
708.541	0.0834293
708.78	0.083669
709.019	0.0844496
709.258	0.0857571
709.497	0.0858409
709.736	0.0872324
709.975	0.0874237
710.214	0.0883044
710.453	0.0892975
710.691	0.0897049
710.93	0.0902014
711.169	0.091165
711.408	0.0921262
711.647	0.0930309
711.886	0.0930943
712.125	0.094757
712.364	0.0942048
712.603	0.0956465
712.841	0.0965637
713.08	0.0963179
713.319	0.0976895
713.558	0.0983789
713.797	0.0995626
714.035	0.10007
714.274	0.102026
714.513	0.102112
714.752	0.10233
714.99	0.102843
715.229	0.103732
715.468	0.103568
715.706	0.105233
715.945	0.106169
716.184	0.10723
716.422	0.10809
716.661	0.107598
716.899	0.108057
717.138	0.10851
717.377	0.109569
717.615	0.110079
717.854	0.111425
718.092	0.112005
718.331	0.111986
718.569	0.113586
718.808	0.113762
719.046	0.114275
719.285	0.114838
719.523	0.117422
719.762	0.116981
720	0.116779
720.239	0.118536
720.477	0.118584
720.715	0.119963
720.954	0.120147
721.192	0.121817
721.431	0.121272
721.669	0.123126
721.907	0.12454
722.146	0.123436
722.384	0.124629
722.622	0.125762
722.861	0.126027
723.099	0.126706
723.337	0.127514
723.575	0.12871
723.814	0.128628
724.052	0.130786
724.29	0.130429
724.528	0.131366
724.766	0.129899
725.005	0.13371
725.243	0.133408
725.481	0.133748
725.719	0.132913
725.957	0.135086
726.195	0.133739
726.433	0.135426
726.671	0.135499
726.909	0.13606
727.147	0.13888
727.386	0.137503
727.624	0.139921
727.862	0.140437
728.1	0.141184
728.338	0.141383
728.576	0.141013
728.814	0.142976
729.051	0.142215
729.289	0.141791
729.527	0.143422
729.765	0.144489
730.003	0.145554
730.241	0.14413
730.479	0.147068
730.717	0.146212
730.955	0.147981
731.192	0.146862
731.43	0.146401
731.668	0.146764
731.906	0.148806
732.144	0.149735
732.381	0.148653
732.619	0.150115
732.857	0.151771
733.095	0.15212
733.332	0.15269
733.57	0.151913
733.808	0.152988
734.046	0.152868
734.283	0.154804
734.521	0.155288
734.758	0.153981
734.996	0.153889
735.234	0.15525
735.471	0.155851
735.709	0.156979
735.947	0.156836
736.184	0.157846
736.422	0.157572
736.659	0.157226
736.897	0.158972
737.134	0.159872
737.372	0.160048
737.609	0.161528
737.847	0.161058
738.084	0.161074
738.322	0.161226
738.559	0.161663
738.796	0.160663
739.034	0.161616
739.271	0.163314
739.509	0.162788
739.746	0.162856
739.983	0.163631
740.221	0.164215
740.458	0.163531
740.695	0.164537
740.933	0.163338
741.17	0.164717
741.407	0.166392
741.645	0.165797
741.882	0.164827
742.119	0.166415
742.356	0.166384
742.593	0.168593
742.831	0.165984
743.068	0.168513
743.305	0.165925
743.542	0.168435
743.779	0.167671
744.016	0.166919
744.254	0.169516
744.491	0.169724
744.728	0.16984
744.965	0.171282
745.202	0.169387
745.439	0.169759
745.676	0.171323
745.913	0.169509
746.15	0.171168
746.387	0.169399
746.624	0.171716
746.861	0.172569
747.098	0.173579
747.335	0.172175
747.572	0.173087
747.809	0.171522
748.046	0.17147
748.283	0.173359
748.52	0.172664
748.756	0.173308
748.993	0.173258
749.23	0.173528
749.467	0.173628
749.704	0.174906
749.941	0.174264
750.177	0.174006
750.414	0.175366
750.651	0.175455
750.888	0.175243
751.125	0.175132
751.361	0.17611
751.598	0.176291
751.835	0.176272
752.071	0.176229
752.308	0.175493
752.545	0.175563
752.781	0.175285
753.018	0.175625
753.255	0.177314
753.491	0.17599
753.728	0.177181
753.965	0.177414
754.201	0.17906
754.438	0.176655
754.674	0.176691
754.911	0.177159
755.147	0.177051
755.384	0.176975
755.62	0.178284
755.857	0.177232
756.093	0.178007
756.33	0.179267
756.566	0.17862
756.803	0.178547
757.039	0.178197
757.275	0.178057
757.512	0.180018
757.748	0.178171
757.985	0.181098
758.221	0.179426
758.457	0.180809
758.694	0.179194
758.93	0.180763
759.166	0.179521
759.403	0.178485
759.639	0.179741
759.875	0.180711
760.111	0.180834
760.348	0.182211
760.584	0.180516
760.82	0.183969
761.056	0.181707
761.292	0.180335
761.529	0.180604
761.765	0.182326
762.001	0.181285
762.237	0.180288
762.473	0.181224
762.709	0.181694
762.945	0.182284
763.181	0.182112
763.417	0.182846
763.654	0.182395
763.89	0.182962
764.126	0.183198
764.362	0.184586
764.598	0.181227
764.834	0.180741
765.07	0.18204
765.306	0.183504
765.541	0.182297
765.777	0.179985
766.013	0.183123
766.249	0.182296
766.485	0.183161
766.721	0.183722
766.957	0.181627
767.193	0.181958
767.429	0.183464
767.664	0.183423
767.9	0.184702
768.136	0.183973
768.372	0.185001
768.608	0.185711
768.843	0.185044
769.079	0.18308
769.315	0.184162
769.551	0.183847
769.786	0.181845
770.022	0.182783
770.258	0.183908
770.493	0.184709
770.729	0.184274
770.965	0.18274
771.2	0.185609
771.436	0.184735
771.672	0.184219
771.907	0.183756
772.143	0.184412
772.378	0.184561
772.614	0.184029
772.849	0.184433
773.085	0.185408
773.32	0.185283
773.556	0.185556
773.791	0.185886
774.027	0.18473
774.262	0.185159
774.498	0.18571
774.733	0.185986
774.969	0.187358
775.204	0.185661
775.44	0.184364
775.675	0.1865
775.91	0.186205
776.146	0.186318
776.381	0.185198
776.616	0.185976
776.852	0.185782
777.087	0.186066
777.322	0.185456
777.558	0.18543
777.793	0.185747
778.028	0.185041
778.263	0.187194
778.499	0.186268
778.734	0.185593
778.969	0.185864
779.204	0.185535
779.439	0.185838
779.674	0.186934
779.91	0.186005
780.145	0.185174
780.38	0.187145
780.615	0.185464
780.85	0.186714
781.085	0.189552
781.32	0.187419
781.555	0.185748
781.79	0.187265
782.025	0.188259
782.26	0.189471
782.495	0.188774
782.73	0.187625
782.965	0.18639
783.2	0.187212
783.435	0.188228
783.67	0.187725
783.905	0.188568
784.14	0.188038
784.375	0.187655
784.61	0.187748
784.845	0.18988
785.08	0.186988
785.314	0.188064
785.549	0.187759
785.784	0.187218
786.019	0.187676
786.254	0.186847
786.488	0.189678
786.723	0.188101
786.958	0.188163
787.193	0.189299
787.427	0.188293
787.662	0.189541
787.897	0.190334
788.131	0.187951
788.366	0.190092
788.601	0.189043
788.835	0.189324
789.07	0.187866
789.305	0.188155
789.539	0.190406
789.774	0.188637
790.008	0.187519
790.243	0.191276
790.478	0.190463
790.712	0.188544
790.947	0.188771
791.181	0.191076
791.416	0.189558
791.65	0.190345
791.885	0.189102
792.119	0.191421
792.354	0.189842
792.588	0.188974
792.822	0.19092
793.057	0.189167
793.291	0.189937
793.526	0.191453
793.76	0.190829
793.994	0.190373
794.229	0.189786
794.463	0.190556
794.697	0.189762
794.932	0.191341
795.166	0.190608
795.4	0.189752
795.634	0.192252
795.869	0.191593
796.103	0.192079
796.337	0.191073
796.571	0.188902
796.806	0.191898
797.04	0.190629
797.274	0.191383
797.508	0.191211
797.742	0.191854
797.976	0.190084
798.21	0.191776
798.445	0.19019
798.679	0.191007
798.913	0.193436
799.147	0.18985
799.381	0.191313
799.615	0.190928
799.849	0.191185
800.083	0.191918
800.317	0.192085
800.551	0.191983
800.785	0.193504
801.019	0.193387
801.253	0.193529
801.487	0.192107
801.721	0.193278
801.954	0.192572
802.188	0.191902
802.422	0.192163
802.656	0.191121
802.89	0.193523
803.124	0.191941
803.358	0.191021
803.591	0.190733
803.825	0.190277
804.059	0.191622
804.293	0.193293
804.527	0.19247
804.76	0.194393
804.994	0.191229
805.228	0.194007
805.461	0.194069
805.695	0.194993
805.929	0.193492
806.162	0.193534
806.396	0.192325
806.63	0.196602
806.863	0.193346
807.097	0.195266
807.331	0.19281
807.564	0.193003
807.798	0.192665
808.031	0.192685
808.265	0.192691
808.498	0.194999
808.732	0.192976
808.965	0.195431
809.199	0.194445
809.432	0.194595
809.666	0.194668
809.899	0.192889
810.133	0.192978
810.366	0.194939
810.6	0.193391
810.833	0.193764
811.066	0.193316
811.3	0.193175
811.533	0.192578
811.766	0.195134
812	0.194352
812.233	0.194181
812.466	0.193046
812.7	0.19266
812.933	0.192756
813.166	0.192979
813.399	0.194306
813.633	0.194133
813.866	0.195116
814.099	0.194948
814.332	0.193006
814.565	0.194012
814.799	0.197967
815.032	0.196248
815.265	0.196082
815.498	0.19579
815.731	0.195105
815.964	0.195077
816.197	0.195334
816.43	0.192663
816.664	0.194976
816.897	0.194693
817.13	0.194079
817.363	0.196549
817.596	0.1931
817.829	0.19329
818.062	0.194635
818.295	0.196477
818.528	0.195127
818.761	0.194944
818.993	0.19605
819.226	0.195868
819.459	0.196534
819.692	0.196793
819.925	0.196363
820.158	0.196011
820.391	0.196704
820.624	0.196043
820.856	0.197657
821.089	0.196454
821.322	0.197072
821.555	0.195206
821.788	0.195776
822.02	0.195182
822.253	0.196461
822.486	0.196035
822.719	0.193802
822.951	0.197078
823.184	0.195516
823.417	0.195563
823.649	0.197508
823.882	0.19544
824.115	0.197484
824.347	0.198501
824.58	0.196829
824.812	0.196094
825.045	0.197135
825.278	0.197841
825.51	0.196655
825.743	0.195144
825.975	0.195314
826.208	0.196973
826.44	0.195937
826.673	0.196738
826.905	0.195418
827.138	0.197225
827.37	0.197987
827.602	0.194636
827.835	0.194038
828.067	0.195409
828.3	0.195041
828.532	0.19698
828.764	0.196821
828.997	0.197731
829.229	0.195315
829.461	0.197169
829.694	0.198545
829.926	0.197881
830.158	0.196714
830.391	0.196727
830.623	0.197531
830.855	0.197065
831.087	0.196326
831.32	0.196179
831.552	0.198461
831.784	0.197981
832.016	0.195343
832.248	0.194819
832.481	0.197326
832.713	0.195497
832.945	0.195916
833.177	0.198543
833.409	0.197349
833.641	0.19918
833.873	0.199027
834.105	0.198557
834.337	0.194883
834.569	0.197465
834.801	0.199127
835.033	0.198494
835.265	0.199887
835.497	0.1997
835.729	0.197585
835.961	0.200036
836.193	0.197581
836.425	0.197931
836.657	0.197272
836.889	0.196386
837.121	0.196488
837.353	0.198734
837.585	0.198397
837.816	0.196877
838.048	0.198021
838.28	0.197238
838.512	0.197671
838.744	0.198987
838.975	0.199667
839.207	0.198642
839.439	0.197494
839.671	0.198211
839.902	0.198415
840.134	0.202379
840.366	0.199363
840.597	0.197707
840.829	0.198287
841.061	0.198337
841.292	0.199962
841.524	0.198514
841.756	0.19849
841.987	0.200505
842.219	0.199702
842.45	0.198959
842.682	0.19887
842.914	0.198025
843.145	0.199368
843.377	0.199336
843.608	0.198815
843.84	0.199367
844.071	0.20015
844.303	0.199347
844.534	0.199992
844.765	0.200107
844.997	0.199701
845.228	0.199406
845.46	0.2
845.691	0.202068
845.922	0.200403
846.154	0.200937
846.385	0.199957
846.616	0.201585
846.848	0.199018
847.079	0.201183
847.31	0.199215
847.542	0.200368
847.773	0.197267
848.004	0.198764
848.235	0.202161
848.467	0.200629
848.698	0.200546
848.929	0.200931
849.16	0.199883
849.391	0.198792
849.623	0.202351
849.854	0.202396
850.085	0.201174
850.316	0.201279
850.547	0.201942
850.778	0.202055
851.009	0.202012
851.24	0.199564
851.471	0.201865
851.702	0.201245
851.933	0.200275
852.164	0.200402
852.395	0.198954
852.626	0.198675
852.857	0.199435
853.088	0.201117
853.319	0.201678
853.55	0.202099
853.781	0.202118
854.012	0.203115
854.243	0.202205
854.474	0.202705
854.705	0.201418
854.936	0.20377
855.166	0.2035
855.397	0.203897
855.628	0.203908
855.859	0.202533
856.09	0.200538
856.32	0.201006
856.551	0.200987
856.782	0.200616
857.013	0.201435
857.243	0.200593
857.474	0.202226
857.705	0.200078
857.935	0.201147
858.166	0.200371
858.397	0.200879
858.627	0.201362
858.858	0.201637
859.088	0.203838
859.319	0.202345
859.55	0.200211
859.78	0.204332
860.011	0.20353
860.241	0.200732
860.472	0.204543
860.702	0.202721
860.933	0.200011
861.163	0.199165
861.394	0.199253
861.624	0.200029
861.855	0.203561
862.085	0.20127
862.316	0.20127
862.546	0.203229
862.776	0.200012
863.007	0.201523
863.237	0.203634
863.467	0.203575
863.698	0.202876
863.928	0.20214
864.158	0.203096
864.389	0.203216
864.619	0.204533
864.849	0.201989
865.079	0.202952
865.31	0.202926
865.54	0.201048
865.77	0.202246
866	0.203695
866.231	0.205063
866.461	0.201782
866.691	0.204334
866.921	0.203968
867.151	0.205231
867.381	0.205592
867.611	0.204765
867.841	0.205253
868.072	0.206304
868.302	0.203631
868.532	0.202578
868.762	0.201624
868.992	0.201629
869.222	0.201043
869.452	0.200908
869.682	0.202815
869.912	0.203175
870.142	0.203615
870.372	0.204249
870.602	0.208588
870.831	0.208154
871.061	0.204675
871.291	0.204162
871.521	0.204203
871.751	0.203853
871.981	0.204343
872.211	0.203954
872.44	0.202877
872.67	0.202133
872.9	0.200311
873.13	0.205739
873.36	0.203302
873.589	0.205593
873.819	0.204945
874.049	0.205151
874.279	0.205647
874.508	0.205648
874.738	0.205583
874.968	0.207783
875.197	0.204243
875.427	0.20375
875.657	0.203783
875.886	0.204302
876.116	0.202878
876.345	0.202699
876.575	0.204963
876.805	0.203304
877.034	0.2068
877.264	0.209297
877.493	0.208898
877.723	0.207925
877.952	0.205461
878.182	0.205952
878.411	0.205759
878.641	0.205845
878.87	0.205614
879.099	0.203401
879.329	0.202635
879.558	0.203606
879.788	0.203405
880.017	0.207342
880.246	0.20569
880.476	0.208821
880.705	0.205884
880.934	0.204601
881.164	0.202358
881.393	0.203321
881.622	0.203062
881.964	0.203159
882.194	0.201949
882.424	0.200644
882.654	0.201416
882.883	0.201835
883.113	0.203068
883.343	0.202687
883.573	0.203471
883.803	0.203481
884.032	0.203161
884.262	0.203229
884.492	0.205462
884.721	0.201227
884.951	0.200616
885.181	0.202246
885.411	0.203599
885.64	0.20205
885.87	0.198815
886.099	0.202305
886.329	0.202373
886.559	0.202824
886.788	0.203041
887.018	0.20095
887.247	0.200612
887.477	0.202869
887.706	0.202386
887.936	0.203618
888.165	0.202298
888.395	0.204208
888.624	0.20439
888.854	0.203832
889.083	0.201939
889.313	0.202865
889.542	0.203013
889.772	0.200913
890.001	0.201878
890.23	0.202988
890.46	0.204628
890.689	0.203835
890.918	0.201757
891.148	0.206055
891.377	0.204786
891.606	0.203744
891.836	0.202822
892.065	0.203316
892.294	0.203224
892.523	0.202871
892.752	0.203367
892.982	0.20349
893.211	0.203555
893.44	0.203636
893.669	0.203626
893.898	0.202415
894.128	0.203081
894.357	0.204651
894.586	0.204291
894.815	0.205305
895.044	0.203852
895.273	0.202185
895.502	0.2051
895.731	0.205023
895.96	0.204547
896.189	0.204086
896.418	0.204616
896.647	0.204321
896.876	0.204541
897.105	0.203434
897.334	0.203409
897.563	0.203792
897.792	0.202184
898.021	0.205259
898.25	0.20419
898.478	0.203475
898.707	0.203561
898.936	0.203352
899.165	0.203475
899.394	0.205032
899.623	0.203429
899.851	0.202487
900.08	0.204448
900.309	0.202762
900.538	0.203552
900.766	0.207027
900.995	0.204816
901.224	0.202239
901.453	0.20368
901.681	0.204467
901.91	0.205788
902.139	0.204839
902.367	0.203721
902.596	0.202771
902.824	0.20362
903.053	0.204011
903.282	0.204277
903.51	0.205379
903.739	0.204648
903.967	0.205115
904.196	0.205201
904.424	0.207135
904.653	0.204249
904.881	0.205197
905.11	0.205437
905.338	0.204211
905.567	0.204316
905.795	0.203251
906.023	0.205797
906.252	0.203749
906.48	0.204044
906.709	0.205061
906.937	0.2035
907.165	0.205063
907.394	0.205656
907.622	0.20266
907.85	0.20545
908.078	0.204429
908.307	0.204671
908.535	0.203984
908.763	0.203879
908.991	0.206047
909.22	0.204579
909.448	0.203182
909.676	0.207165
909.904	0.206093
910.132	0.204446
910.361	0.204902
910.589	0.206825
910.817	0.205144
911.045	0.205617
911.273	0.204678
911.501	0.206922
911.729	0.205198
911.957	0.204445
912.185	0.206052
912.413	0.204557
912.641	0.204972
912.869	0.207011
913.097	0.206619
913.325	0.20608
913.553	0.205018
913.781	0.205351
914.009	0.204237
914.237	0.206178
914.465	0.205061
914.693	0.203534
914.92	0.206536
915.148	0.206032
915.376	0.206253
915.604	0.205217
915.832	0.202765
916.06	0.206197
916.287	0.205128
916.515	0.206003
916.743	0.206273
916.971	0.206591
917.198	0.205403
917.426	0.206513
917.654	0.205619
917.881	0.205906
918.109	0.208274
918.337	0.204377
918.564	0.205662
918.792	0.205395
919.02	0.205202
919.247	0.205808
919.475	0.205124
919.702	0.205095
919.93	0.206947
920.157	0.205916
920.385	0.206738
920.613	0.205075
920.84	0.206185
921.067	0.205899
921.295	0.205389
921.522	0.204848
921.75	0.204597
921.977	0.207525
922.205	0.205627
922.432	0.204559
922.659	0.204388
922.887	0.204464
923.114	0.205333
923.342	0.207047
923.569	0.205863
923.796	0.2076
924.024	0.204717
924.251	0.207739
924.478	0.207006
924.705	0.207967
924.933	0.205964
925.16	0.206457
925.387	0.205205
925.614	0.209887
925.841	0.206028
926.069	0.208411
926.296	0.206478
926.523	0.205689
926.75	0.204923
926.977	0.205106
927.204	0.205595
927.431	0.207645
927.658	0.20496
927.885	0.20715
928.113	0.206331
928.34	0.206054
928.567	0.206759
928.794	0.204773
929.021	0.204227
929.248	0.206663
929.475	0.204324
929.701	0.204771
929.928	0.204931
930.155	0.204571
930.382	0.20426
930.609	0.207326
930.836	0.206658
931.063	0.206039
931.29	0.205115
931.517	0.20504
931.743	0.205152
931.97	0.204762
932.197	0.205809
932.424	0.205215
932.651	0.205627
932.877	0.205582
933.104	0.203862
933.331	0.204162
933.557	0.207837
933.784	0.205958
934.011	0.20543
934.237	0.20525
934.464	0.205176
934.691	0.205293
934.917	0.205683
935.144	0.203095
935.371	0.205627
935.597	0.20485
935.824	0.204361
936.05	0.207045
936.277	0.2039
936.503	0.203561
936.73	0.204628
936.956	0.206452
937.183	0.205822
937.409	0.204602
937.636	0.205837
937.862	0.204868
938.089	0.205489
938.315	0.205463
938.541	0.205086
938.768	0.204701
938.994	0.20524
939.221	0.205128
939.447	0.206755
939.673	0.204975
939.9	0.204968
940.126	0.204143
940.352	0.204595
940.578	0.20338
940.805	0.205465
941.031	0.204347
941.257	0.202558
941.483	0.205118
941.71	0.203792
941.936	0.204226
942.162	0.205834
942.388	0.203133
942.614	0.204817
942.84	0.206194
943.066	0.204327
943.293	0.203167
943.519	0.203894
943.745	0.204221
943.971	0.203842
944.197	0.202139
944.423	0.202615
944.649	0.203908
944.875	0.203417
945.101	0.203938
945.327	0.202765
945.553	0.20481
945.779	0.206036
946.005	0.202232
946.231	0.200928
946.457	0.202537
946.682	0.201887
946.908	0.202886
947.134	0.202031
947.36	0.203016
947.586	0.200404
947.812	0.202004
948.037	0.203229
948.263	0.202776
948.489	0.20179
948.715	0.201427
948.941	0.202553
949.166	0.202148
949.392	0.201691
949.618	0.20165
949.843	0.203589
950.069	0.203351
950.295	0.201068
950.52	0.200964
950.746	0.203126
950.972	0.200418
951.197	0.200806
951.423	0.203243
951.648	0.201611
951.874	0.203259
952.099	0.202435
952.325	0.201005
952.551	0.198314
952.776	0.199695
953.002	0.200919
953.227	0.200566
953.452	0.201478
953.678	0.201652
953.903	0.199466
954.129	0.202017
954.354	0.198786
954.58	0.200392
954.805	0.19953
955.03	0.199021
955.256	0.19853
955.481	0.200235
955.706	0.199825
955.932	0.197661
956.157	0.19997
956.382	0.198638
956.607	0.198477
956.833	0.199481
957.058	0.199123
957.283	0.198794
957.508	0.196893
957.734	0.197566
957.959	0.197353
958.184	0.200665
958.409	0.198531
958.634	0.196452
958.859	0.197647
959.084	0.197018
959.31	0.198965
959.535	0.19759
959.76	0.198483
959.985	0.199861
960.21	0.19954
960.435	0.198071
960.66	0.197572
960.885	0.196805
961.11	0.197823
961.335	0.197572
961.56	0.196738
961.785	0.197265
962.01	0.197375
962.234	0.196021
962.459	0.197183
962.684	0.19697
962.909	0.19667
963.134	0.195942
963.359	0.196582
963.584	0.198335
963.808	0.197313
964.033	0.197292
964.258	0.196812
964.483	0.198637
964.708	0.196241
964.932	0.197739
965.157	0.196
965.382	0.197435
965.606	0.194691
965.831	0.196152
966.056	0.199286
966.28	0.197279
966.505	0.196844
966.73	0.196967
966.954	0.195559
967.179	0.194335
967.403	0.197533
967.628	0.197391
967.853	0.195903
968.077	0.19656
968.302	0.196361
968.526	0.196484
968.751	0.197207
968.975	0.195199
969.2	0.197326
969.424	0.196269
969.649	0.196618
969.873	0.196598
970.097	0.195318
970.322	0.195161
970.546	0.195404
970.771	0.197433
970.995	0.197544
971.219	0.198245
971.444	0.197827
971.668	0.198625
971.892	0.197157
972.116	0.196882
972.341	0.195701
972.565	0.198003
972.789	0.197281
973.013	0.197777
973.238	0.197779
973.462	0.196672
973.686	0.194623
973.91	0.195682
974.134	0.195462
974.358	0.194925
974.583	0.197049
974.807	0.1959
975.031	0.197671
975.255	0.195073
975.479	0.196574
975.703	0.195821
975.927	0.1957
976.151	0.196503
976.375	0.195963
976.599	0.197029
976.823	0.195446
977.047	0.193992
977.271	0.197558
977.495	0.197076
977.719	0.194627
977.943	0.198496
978.167	0.197342
978.391	0.194951
978.614	0.194525
978.838	0.194919
979.062	0.196035
979.286	0.199236
979.51	0.197077
979.734	0.196374
979.957	0.197682
980.181	0.194411
980.405	0.195771
980.629	0.196617
980.852	0.196719
981.076	0.196093
981.3	0.194736
981.523	0.196004
981.747	0.196708
981.971	0.198092
982.194	0.19665
982.418	0.198026
982.642	0.198337
982.865	0.19685
983.089	0.198237
983.312	0.198716
983.536	0.199752
983.759	0.19632
983.983	0.1982
984.207	0.197492
984.43	0.19831
984.654	0.198948
984.877	0.197151
985.1	0.198377
985.324	0.199372
985.547	0.196982
985.771	0.196843
985.994	0.19702
986.218	0.197247
986.441	0.196682
986.664	0.196469
986.888	0.198222
987.111	0.198425
987.334	0.197732
987.558	0.197782
987.781	0.201378
988.004	0.200299
988.227	0.197583
988.451	0.196979
988.674	0.197143
988.897	0.197132
989.12	0.198061
989.343	0.198732
989.567	0.198393
989.79	0.197845
990.013	0.197281
990.236	0.201414
990.459	0.19858
990.682	0.199946
990.905	0.19832
991.128	0.198122
991.351	0.198004
991.574	0.198493
991.797	0.197953
992.02	0.201493
992.243	0.199233
992.466	0.198484
992.689	0.199596
992.912	0.200166
993.135	0.198608
993.358	0.198505
993.581	0.200252
993.804	0.198318
994.027	0.200502
994.25	0.202856
994.473	0.202144
994.696	0.201581
994.918	0.199477
995.141	0.200398
995.364	0.200938
995.587	0.202251
995.81	0.202353
996.032	0.19963
996.255	0.198143
996.478	0.19887
996.7	0.198534
996.923	0.200611
997.146	0.198905
997.369	0.202487
997.591	0.200309
997.814	0.199819
998.036	0.19912
998.259	0.200733
998.482	0.200051
998.704	0.200337
998.927	0.201081
999.149	0.20346
999.372	0.199924
999.594	0.200687
999.817	0.201013
1000.04	0.201444
1000.26	0.201127
1000.48	0.20075
1000.71	0.200687
1000.93	0.202047
1001.15	0.200548
1001.37	0.202486
1001.6	0.204479
1001.82	0.201576
1002.04	0.201704
1002.26	0.202552
1002.49	0.200297
1002.71	0.200271
1002.93	0.201889
1003.15	0.201984
1003.38	0.203041
1003.6	0.202062
1003.82	0.202757
1004.04	0.201118
1004.26	0.202577
1004.49	0.201395
1004.71	0.20343
1004.93	0.201829
1005.15	0.203384
1005.38	0.203386