400.605	0.01982
400.722	0.01975
400.84	0.0198
400.958	0.01979
401.075	0.01976
401.193	0.01983
401.311	0.01981
401.429	0.01985
401.546	0.01987
401.664	0.01984
401.782	0.01992
401.899	0.0199
402.017	0.01981
402.135	0.01984
402.252	0.01992
402.37	0.01987
402.488	0.01994
402.605	0.02004
402.723	0.02004
402.841	0.02005
402.958	0.0201
403.076	0.02001
403.194	0.02011
403.311	0.02023
403.429	0.02014
403.546	0.02015
403.664	0.02024
403.782	0.02022
403.899	0.02022
404.017	0.02018
404.134	0.02032
404.252	0.0204
404.369	0.02052
404.487	0.02056
404.604	0.02064
404.722	0.02068
404.839	0.02076
404.957	0.02082
405.074	0.02088
405.192	0.02088
405.309	0.02095
405.427	0.02101
405.544	0.02089
405.662	0.02093
405.779	0.02098
405.897	0.02098
406.014	0.021
406.132	0.02105
406.249	0.02107
406.367	0.02112
406.484	0.02103
406.601	0.0211
406.719	0.02115
406.836	0.02113
406.954	0.02116
407.071	0.02113
407.188	0.02124
407.306	0.02128
407.423	0.02125
407.541	0.02135
407.658	0.02133
407.775	0.02135
407.893	0.02139
408.01	0.02148
408.127	0.02147
408.245	0.02145
408.362	0.02154
408.479	0.02146
408.597	0.02162
408.714	0.02166
408.831	0.02166
408.949	0.02171
409.066	0.02178
409.183	0.02178
409.3	0.02182
409.418	0.02187
409.535	0.02183
409.652	0.02195
409.769	0.0219
409.887	0.02203
410.004	0.02203
410.121	0.02218
410.238	0.02227
410.355	0.02224
410.473	0.02232
410.59	0.02236
410.707	0.02239
410.824	0.02252
410.941	0.02258
411.059	0.02259
411.176	0.02263
411.293	0.02267
411.41	0.02278
411.527	0.02278
411.644	0.02289
411.761	0.02295
411.879	0.023
411.996	0.02311
412.113	0.02311
412.23	0.02315
412.347	0.02323
412.464	0.02326
412.581	0.02335
412.698	0.02334
412.815	0.02344
412.932	0.02355
413.049	0.02353
413.166	0.02364
413.284	0.02373
413.401	0.02377
413.518	0.0238
413.635	0.02388
413.752	0.0239
413.869	0.02403
413.986	0.02411
414.103	0.02416
414.22	0.02418
414.337	0.02424
414.454	0.02434
414.571	0.02434
414.688	0.02443
414.804	0.02445
414.921	0.0245
415.038	0.02459
415.155	0.02461
415.272	0.02468
415.389	0.02473
415.506	0.02483
415.623	0.02478
415.74	0.02485
415.857	0.02486
415.974	0.02496
416.091	0.02499
416.207	0.02508
416.324	0.02507
416.441	0.0251
416.558	0.02511
416.675	0.02526
416.792	0.02523
416.908	0.02532
417.025	0.02534
417.142	0.02532
417.259	0.02532
417.376	0.02538
417.493	0.02538
417.609	0.02541
417.726	0.02555
417.843	0.02547
417.96	0.0255
418.076	0.0255
418.193	0.02563
418.31	0.02562
418.427	0.02561
418.543	0.02568
418.66	0.02573
418.777	0.02571
418.894	0.02573
419.01	0.02579
419.127	0.02586
419.244	0.0259
419.36	0.02591
419.477	0.02593
419.594	0.02589
419.71	0.02589
419.827	0.02591
419.944	0.026
420.06	0.02605
420.177	0.02603
420.294	0.02605
420.41	0.0261
420.527	0.02609
420.644	0.02617
420.76	0.02613
420.877	0.02618
420.993	0.0262
421.11	0.02628
421.139	0.02463
421.256	0.0246
421.373	0.02468
421.489	0.02464
421.606	0.02473
421.723	0.02473
421.839	0.0248
421.956	0.02479
422.073	0.02484
422.189	0.02486
422.306	0.02493
422.423	0.02497
422.539	0.02497
422.656	0.02496
422.772	0.02501
422.889	0.02508
423.006	0.02511
423.122	0.02523
423.239	0.02515
423.355	0.02518
423.472	0.02528
423.589	0.02525
423.705	0.02528
423.822	0.02536
423.938	0.02541
424.055	0.02543
424.171	0.02548
424.288	0.02557
424.404	0.02555
424.521	0.02556
424.637	0.02566
424.754	0.02568
424.87	0.02578
424.987	0.02587
425.103	0.02583
425.22	0.02592
425.336	0.02595
425.453	0.02606
425.569	0.02609
425.686	0.02617
425.802	0.0262
425.919	0.02625
426.035	0.02629
426.152	0.02636
426.268	0.02639
426.384	0.02643
426.501	0.02638
426.617	0.02646
426.734	0.02644
426.85	0.02648
426.966	0.02651
427.083	0.02655
427.199	0.02656
427.315	0.0266
427.432	0.02656
427.548	0.0267
427.664	0.02668
427.781	0.0267
427.897	0.02676
428.013	0.02673
428.13	0.02673
428.246	0.02685
428.362	0.02685
428.479	0.02685
428.595	0.02691
428.711	0.02692
428.827	0.02692
428.944	0.02696
429.06	0.02696
429.176	0.02708
429.293	0.02704
429.409	0.027
429.525	0.02706
429.641	0.02712
429.757	0.02717
429.874	0.0272
429.99	0.02717
430.106	0.02722
430.222	0.02724
430.338	0.02722
430.455	0.02738
430.571	0.02738
430.687	0.02727
430.803	0.0274
430.919	0.02735
431.035	0.02739
431.151	0.02746
431.268	0.02744
431.384	0.02757
431.5	0.02754
431.616	0.02754
431.732	0.02757
431.848	0.02765
431.964	0.02762
432.08	0.0277
432.196	0.0277
432.312	0.0277
432.429	0.02779
432.545	0.0278
432.661	0.02785
432.777	0.02781
432.893	0.02786
433.009	0.02785
433.125	0.02796
433.241	0.02797
433.357	0.02798
433.473	0.02801
433.589	0.02807
433.705	0.02803
433.821	0.0281
433.937	0.02811
434.053	0.02819
434.169	0.02826
434.285	0.02822
434.4	0.0282
434.516	0.0283
434.632	0.02826
434.748	0.0283
434.864	0.02835
434.98	0.02837
435.096	0.0285
435.212	0.02846
435.328	0.02857
435.444	0.02857
435.56	0.02853
435.675	0.02861
435.791	0.02859
435.907	0.02868
436.023	0.02868
436.139	0.0287
436.255	0.02881
436.37	0.02878
436.486	0.02884
436.602	0.02882
436.718	0.02891
436.834	0.02896
436.95	0.029
437.065	0.029
437.181	0.02899
437.297	0.02909
437.413	0.02909
437.528	0.02913
437.644	0.02912
437.76	0.02915
437.876	0.02918
437.991	0.02922
438.107	0.02925
438.223	0.02933
438.338	0.02941
438.454	0.02934
438.57	0.02936
438.686	0.02947
438.801	0.02947
438.917	0.02954
439.033	0.02952
439.148	0.02954
439.264	0.02957
439.38	0.02962
439.495	0.02962
439.611	0.02965
439.726	0.02974
439.842	0.02973
439.958	0.02975
440.073	0.02974
440.189	0.02985
440.305	0.02983
440.42	0.02986
440.536	0.02995
440.651	0.02993
440.767	0.02994
440.882	0.02996
440.998	0.02999
441.114	0.02999
441.229	0.03007
441.345	0.0301
441.46	0.03011
441.576	0.03015
441.691	0.03018
441.807	0.03015
441.922	0.03023
442.038	0.0302
442.153	0.03028
442.269	0.03027
442.384	0.03034
442.5	0.03025
442.615	0.03034
442.73	0.03035
442.846	0.03042
442.961	0.03043
443.077	0.03039
443.192	0.03044
443.308	0.03055
443.423	0.03052
443.538	0.03054
443.654	0.03051
443.769	0.03054
443.885	0.03056
444	0.03058
444.115	0.03062
444.231	0.03056
444.346	0.03058
444.461	0.03066
444.577	0.03063
444.692	0.03064
444.807	0.03073
444.923	0.03072
445.038	0.03071
445.153	0.03077
445.269	0.03081
445.384	0.03085
445.499	0.03088
445.614	0.03083
445.73	0.03085
445.845	0.03087
445.96	0.03085
446.075	0.03095
446.191	0.03093
446.306	0.03088
446.421	0.03093
446.536	0.03101
446.652	0.03097
446.767	0.03099
446.882	0.03098
446.997	0.03105
447.112	0.03095
447.228	0.03105
447.343	0.03104
447.458	0.03107
447.573	0.03105
447.688	0.0311
447.803	0.03109
447.919	0.03108
448.034	0.03113
448.149	0.03108
448.264	0.03117
448.379	0.03119
448.494	0.03125
448.609	0.03124
448.724	0.03122
448.839	0.03121
448.954	0.0313
449.07	0.03129
449.185	0.03129
449.3	0.03129
449.415	0.03129
449.53	0.03127
449.645	0.03133
449.76	0.03124
449.875	0.03126
449.99	0.03133
450.105	0.03125
450.22	0.03127
450.335	0.03132
450.45	0.03127
450.565	0.03135
450.68	0.03137
450.795	0.0313
450.91	0.03135
451.025	0.03133
451.14	0.03139
451.255	0.03142
451.369	0.03142
451.484	0.03142
451.599	0.0314
451.714	0.03136
451.829	0.03146
451.944	0.03142
452.059	0.0314
452.174	0.03144
452.289	0.03148
452.404	0.03143
452.518	0.03142
452.633	0.03141
452.748	0.03142
452.863	0.03145
452.978	0.03145
453.093	0.03148
453.207	0.03142
453.322	0.03145
453.437	0.03145
453.552	0.03143
453.667	0.03148
453.781	0.03145
453.896	0.03147
454.011	0.03145
454.126	0.03144
454.24	0.03143
454.355	0.03147
454.47	0.03145
454.585	0.03144
454.699	0.0315
454.814	0.03143
454.929	0.03142
455.044	0.03149
455.158	0.03144
455.273	0.03146
455.388	0.03146
455.502	0.03147
455.617	0.03143
455.732	0.03137
455.846	0.03144
455.961	0.03143
456.076	0.03139
456.19	0.0314
456.305	0.03142
456.42	0.03145
456.534	0.03139
456.649	0.03145
456.763	0.03144
456.878	0.03141
456.993	0.03141
457.107	0.03142
457.13	0.03074
457.245	0.0307
457.36	0.03074
457.475	0.03066
457.589	0.03064
457.704	0.03063
457.819	0.0306
457.934	0.03061
458.049	0.03064
458.163	0.03058
458.278	0.03055
458.393	0.03058
458.508	0.03054
458.622	0.03057
458.737	0.03055
458.852	0.03056
458.966	0.03056
459.081	0.03047
459.196	0.03053
459.311	0.03053
459.425	0.03057
459.54	0.03056
459.655	0.03056
459.769	0.03053
459.884	0.0305
459.999	0.03052
460.113	0.0305
460.228	0.03049
460.343	0.03043
460.457	0.03046
460.572	0.03052
460.686	0.03044
460.801	0.03049
460.916	0.03047
461.03	0.03048
461.145	0.03052
461.259	0.03049
461.374	0.03049
461.488	0.03055
461.603	0.03051
461.718	0.03057
461.832	0.03056
461.947	0.03052
462.061	0.03054
462.176	0.0305
462.29	0.03044
462.405	0.03052
462.519	0.03045
462.634	0.03053
462.748	0.03048
462.863	0.03046
462.977	0.03046
463.092	0.03046
463.206	0.03047
463.321	0.03043
463.435	0.03051
463.549	0.03049
463.664	0.03046
463.778	0.03046
463.893	0.03042
464.007	0.03044
464.121	0.03042
464.236	0.03045
464.35	0.03044
464.465	0.0304
464.579	0.03038
464.693	0.0304
464.808	0.03041
464.922	0.03039
465.036	0.03033
465.151	0.03032
465.265	0.03032
465.379	0.03033
465.494	0.0303
465.608	0.03033
465.722	0.03037
465.837	0.03034
465.951	0.03035
466.065	0.03032
466.18	0.03031
466.294	0.03033
466.408	0.03034
466.522	0.03025
466.637	0.0303
466.751	0.03027
466.865	0.03029
466.979	0.03024
467.094	0.03026
467.208	0.03028
467.322	0.03026
467.436	0.03026
467.55	0.03033
467.664	0.03023
467.779	0.03026
467.893	0.03022
468.007	0.03016
468.121	0.03028
468.235	0.03022
468.349	0.03029
468.464	0.03026
468.578	0.03022
468.692	0.03026
468.806	0.03021
468.92	0.03024
469.034	0.03023
469.148	0.03018
469.262	0.03017
469.376	0.03015
469.491	0.03019
469.605	0.03013
469.719	0.03023
469.833	0.03019
469.947	0.03025
470.061	0.03013
470.175	0.03021
470.289	0.0302
470.403	0.03016
470.517	0.0302
470.631	0.03023
470.745	0.03011
470.859	0.03018
470.973	0.03014
471.087	0.03017
471.201	0.03013
471.315	0.03017
471.429	0.03012
471.543	0.03014
471.657	0.03017
471.77	0.03015
471.884	0.03017
471.998	0.03017
472.112	0.03009
472.226	0.03015
472.34	0.03021
472.454	0.03016
472.568	0.03016
472.682	0.03015
472.796	0.03012
472.909	0.03017
473.023	0.03018
473.137	0.03015
473.251	0.03015
473.365	0.03012
473.479	0.03021
473.592	0.03015
473.706	0.03011
473.82	0.0301
473.934	0.03012
474.048	0.03012
474.161	0.03015
474.275	0.03008
474.389	0.03015
474.503	0.03012
474.616	0.03009
474.73	0.03005
474.844	0.0301
474.958	0.03009
475.071	0.03011
475.185	0.0301
475.299	0.03014
475.413	0.0301
475.526	0.03013
475.64	0.03016
475.754	0.03012
475.867	0.03012
475.981	0.03013
476.095	0.03014
476.208	0.0301
476.322	0.03011
476.436	0.03011
476.549	0.03013
476.663	0.03013
476.776	0.03015
476.89	0.03006
477.004	0.0301
477.117	0.03016
477.231	0.0301
477.344	0.03013
477.458	0.03009
477.572	0.03009
477.685	0.03019
477.799	0.03015
477.912	0.03014
478.026	0.03011
478.139	0.03011
478.253	0.03018
478.366	0.03013
478.48	0.03013
478.593	0.03007
478.707	0.03014
478.82	0.03019
478.934	0.03013
479.047	0.03016
479.161	0.03014
479.274	0.03017
479.388	0.03015
479.501	0.03005
479.615	0.03008
479.728	0.03016
479.841	0.03009
479.955	0.03011
480.068	0.0301
480.182	0.03015
480.295	0.03013
480.409	0.03012
480.522	0.0302
480.635	0.03009
480.749	0.03013
480.862	0.03013
480.975	0.03014
481.089	0.03012
481.202	0.0301
481.315	0.03013
481.429	0.03017
481.542	0.03018
481.655	0.03011
481.769	0.03013
481.882	0.03013
481.995	0.0301
482.109	0.03017
482.222	0.03018
482.335	0.03016
482.448	0.0302
482.562	0.03013
482.675	0.03015
482.788	0.03017
482.901	0.03019
483.015	0.03011
483.128	0.0302
483.241	0.03015
483.354	0.03021
483.467	0.03016
483.581	0.03021
483.694	0.03022
483.807	0.03016
483.92	0.03012
484.033	0.03019
484.146	0.03015
484.26	0.03018
484.373	0.03016
484.486	0.03013
484.599	0.03018
484.712	0.03022
484.825	0.03019
484.938	0.03018
485.051	0.03022
485.165	0.03018
485.278	0.03025
485.391	0.0302
485.504	0.03023
485.617	0.03021
485.73	0.03023
485.843	0.03023
485.956	0.03022
486.069	0.03024
486.182	0.03023
486.295	0.03026
486.408	0.03019
486.521	0.03036
486.634	0.03032
486.747	0.03033
486.86	0.03021
486.973	0.03035
487.086	0.03028
487.199	0.03033
487.312	0.03029
487.425	0.03039
487.538	0.03034
487.651	0.03041
487.764	0.03042
487.877	0.03038
487.989	0.0304
488.102	0.03042
488.215	0.03045
488.328	0.03038
488.441	0.03045
488.554	0.0305
488.667	0.03046
488.78	0.03049
488.893	0.0305
489.005	0.03047
489.118	0.03054
489.231	0.03055
489.344	0.03055
489.457	0.03058
489.57	0.03065
489.682	0.03059
489.795	0.03063
489.908	0.03061
490.021	0.03061
490.133	0.03067
490.246	0.03067
490.359	0.03066
490.472	0.03066
490.584	0.03072
490.697	0.0308
490.81	0.03075
490.923	0.03078
491.035	0.03078
491.148	0.03086
491.261	0.03085
491.374	0.0309
491.486	0.03086
491.599	0.03089
491.712	0.03085
491.824	0.03094
491.937	0.03098
492.05	0.03103
492.162	0.03102
492.275	0.03101
492.387	0.03103
492.5	0.03104
492.613	0.03105
492.725	0.0311
492.838	0.03109
492.951	0.03118
493.063	0.03116
493.176	0.03123
493.288	0.03129
493.401	0.03125
493.513	0.03131
493.626	0.03132
493.738	0.03134
493.851	0.03134
493.964	0.03138
494.076	0.03136
494.189	0.03141
494.301	0.03144
494.414	0.03145
494.526	0.0315
494.639	0.03152
494.751	0.03154
494.864	0.03158
494.976	0.03158
495.088	0.03161
495.201	0.03166
495.313	0.03167
495.426	0.03176
495.538	0.0317
495.651	0.03177
495.763	0.03181
495.875	0.03179
495.988	0.03182
496.1	0.03196
496.213	0.03194
496.325	0.032
496.437	0.03198
496.55	0.03198
496.662	0.03207
496.774	0.03205
496.887	0.03213
496.999	0.03215
497.111	0.03218
497.224	0.03225
497.336	0.03233
497.448	0.03228
497.561	0.03236
497.673	0.03239
497.785	0.03245
497.898	0.03249
498.01	0.03249
498.122	0.03251
498.234	0.03261
498.347	0.03257
498.459	0.03265
498.571	0.03277
498.683	0.03274
498.795	0.03282
498.908	0.03283
499.02	0.03284
499.132	0.03287
499.244	0.03296
499.356	0.03297
499.469	0.03308
499.581	0.03306
499.693	0.03319
499.805	0.03322
499.917	0.0332
500.029	0.03324
500.142	0.03332
500.254	0.03336
500.366	0.03339
500.478	0.03347
500.59	0.0335
500.702	0.03358
500.814	0.03357
500.926	0.0337
501.038	0.03368
501.15	0.03383
501.262	0.03387
501.375	0.03393
501.487	0.03391
501.599	0.03398
501.711	0.03405
501.823	0.03411
501.935	0.03418
502.047	0.03421
502.159	0.03424
502.271	0.03436
502.383	0.03437
502.495	0.03441
502.607	0.03446
502.719	0.03448
502.831	0.03455
502.942	0.03465
503.054	0.03472
503.166	0.03476
503.278	0.03486
503.39	0.03496
503.502	0.03501
503.614	0.03503
503.726	0.03513
503.838	0.03519
503.95	0.03531
504.062	0.03531
504.173	0.03541
504.285	0.03549
504.397	0.03553
504.509	0.0356
504.621	0.03566
504.733	0.03573
504.844	0.03581
504.956	0.03582
505.068	0.03603
505.18	0.03606
505.292	0.03614
505.403	0.03623
505.515	0.03631
505.627	0.03636
505.739	0.0365
505.851	0.03656
505.962	0.03657
506.074	0.0366
506.186	0.03672
506.298	0.03679
506.409	0.03689
506.521	0.03704
506.633	0.03703
506.744	0.03715
506.856	0.03723
506.968	0.03736
507.079	0.03744
507.191	0.03745
507.303	0.03763
507.414	0.03768
507.526	0.03778
507.638	0.03784
507.749	0.03799
507.861	0.03807
507.973	0.03815
508.084	0.03831
508.196	0.03838
508.307	0.0385
508.419	0.03854
508.531	0.03859
508.642	0.03871
508.754	0.03882
508.865	0.03899
508.977	0.03909
509.088	0.03909
509.2	0.03925
509.312	0.03931
509.423	0.03948
509.535	0.03948
509.646	0.03958
509.758	0.03977
509.869	0.03982
509.981	0.03994
510.092	0.04006
510.204	0.04013
510.315	0.04029
510.426	0.04039
510.538	0.04058
510.649	0.04064
510.761	0.04068
510.872	0.04084
510.984	0.04098
511.095	0.04107
511.206	0.0412
511.318	0.0413
511.429	0.04148
511.541	0.04158
511.652	0.04169
511.763	0.04178
511.875	0.04194
511.986	0.04204
512.097	0.04213
512.209	0.04229
512.32	0.04244
512.431	0.04258
512.543	0.04274
512.654	0.0429
512.765	0.04299
512.877	0.04311
512.988	0.04331
513.099	0.04336
513.211	0.04355
513.322	0.04361
513.433	0.04386
513.544	0.04394
513.656	0.04415
513.767	0.04419
513.878	0.0444
513.989	0.04452
514.1	0.04456
514.212	0.04476
514.323	0.04492
514.434	0.04507
514.545	0.04526
514.656	0.04538
514.768	0.04559
514.879	0.04571
514.99	0.04586
515.101	0.04599
515.212	0.04617
515.323	0.04628
515.435	0.0465
515.546	0.0466
515.657	0.04683
515.768	0.04695
515.879	0.04723
515.99	0.04732
516.101	0.04744
516.212	0.0475
516.323	0.0477
516.434	0.04798
516.545	0.04808
516.656	0.04822
516.767	0.04836
516.879	0.04859
516.99	0.0487
517.101	0.04887
517.212	0.04901
517.323	0.04918
517.434	0.04935
517.545	0.04958
517.656	0.04978
517.767	0.04994
517.878	0.05003
517.988	0.05021
518.099	0.05038
518.21	0.05058
518.321	0.05073
518.432	0.0509
518.543	0.05107
518.654	0.05123
518.765	0.05141
518.876	0.05168
518.987	0.05172
519.098	0.05198
519.209	0.05212
519.319	0.05226
519.43	0.05249
519.541	0.05268
519.652	0.05283
519.763	0.05303
519.874	0.05311
519.984	0.0533
520.095	0.05349
520.206	0.05368
520.317	0.0538
520.428	0.05404
520.539	0.05415
520.649	0.05439
520.76	0.05448
520.871	0.05467
520.982	0.05475
521.092	0.05505
521.203	0.05527
521.314	0.05537
521.425	0.05551
521.535	0.05565
521.646	0.05592
521.757	0.05597
521.867	0.05629
521.978	0.05636
522.089	0.05649
522.199	0.05665
522.31	0.05681
522.421	0.057
522.531	0.05719
522.642	0.05732
522.753	0.05756
522.863	0.05757
522.974	0.05782
523.085	0.05797
523.195	0.05813
523.306	0.0583
523.416	0.05856
523.527	0.05856
523.638	0.05872
523.748	0.05902
523.859	0.05903
523.969	0.05918
524.08	0.05938
524.19	0.05949
524.301	0.05961
524.411	0.05981
524.522	0.05986
524.633	0.06014
524.743	0.06026
524.854	0.06049
524.964	0.06051
525.075	0.06073
525.185	0.06089
525.295	0.06098
525.406	0.06115
525.516	0.06119
525.627	0.06135
525.737	0.06158
525.848	0.06167
525.958	0.0618
526.069	0.0619
526.179	0.06213
526.289	0.06216
526.4	0.06236
526.51	0.06246
526.621	0.06263
526.731	0.06279
526.841	0.06276
526.952	0.06293
527.062	0.06302
527.172	0.06304
527.283	0.06322
527.393	0.0634
527.503	0.0635
527.614	0.06361
527.724	0.06368
527.834	0.06399
527.945	0.06399
528.055	0.06411
528.165	0.06421
528.275	0.06425
528.386	0.06436
528.496	0.06457
528.606	0.06462
528.716	0.06464
528.827	0.06476
528.937	0.06494
529.047	0.06486
529.157	0.06507
529.268	0.06511
529.378	0.06522
529.488	0.06543
529.598	0.06545
529.708	0.06548
529.818	0.06555
529.929	0.06572
530.039	0.0657
530.149	0.06586
530.259	0.06597
530.369	0.06603
530.479	0.06629
530.589	0.06616
530.7	0.06624
530.81	0.06637
530.92	0.06644
531.03	0.06655
531.14	0.06653
531.25	0.06655
531.36	0.06672
531.47	0.06675
531.58	0.06675
531.69	0.06697
531.8	0.06696
531.91	0.06692
532.02	0.06708
532.13	0.0671
532.24	0.06725
532.35	0.06723
532.46	0.06731
532.57	0.06726
532.68	0.06735
532.79	0.06748
532.9	0.06745
533.01	0.06752
533.12	0.06755
533.23	0.06763
533.34	0.06774
533.45	0.06767
533.56	0.06772
533.67	0.06779
533.78	0.06787
533.889	0.06792
533.999	0.06786
534.109	0.06788
534.219	0.06795
534.329	0.06812
534.439	0.06813
534.549	0.06803
534.658	0.06814
534.768	0.06813
534.878	0.06818
534.988	0.06821
535.098	0.06821
535.208	0.06826
535.317	0.06824
535.427	0.0683
535.537	0.06837
535.647	0.06825
535.756	0.06845
535.866	0.06831
535.976	0.06837
536.086	0.06838
536.195	0.06847
536.305	0.06843
536.415	0.0684
536.525	0.0684
536.634	0.0686
536.744	0.06854
536.854	0.06853
536.963	0.06841
537.073	0.06859
537.183	0.06862
537.292	0.06853
537.402	0.06857
537.512	0.06866
537.621	0.06862
537.731	0.06869
537.841	0.0686
537.95	0.06868
538.06	0.06869
538.169	0.06865
538.279	0.06875
538.389	0.06857
538.498	0.0687
538.608	0.06873
538.717	0.06869
538.827	0.06872
538.936	0.06871
539.046	0.06878
539.156	0.0689
539.265	0.06889
539.375	0.06876
539.484	0.06896
539.594	0.06886
539.703	0.06886
539.813	0.06882
539.922	0.06892
540.032	0.06891
540.141	0.06889
540.25	0.06891
540.36	0.06882
540.469	0.0689
540.579	0.06905
540.688	0.06911
540.798	0.06901
540.907	0.06896
541.016	0.06904
541.126	0.06898
541.235	0.06911
541.345	0.06901
541.454	0.06912
541.563	0.06908
541.673	0.06918
541.782	0.06915
541.891	0.06917
542.001	0.06916
542.11	0.06918
542.219	0.06921
542.329	0.06931
542.438	0.06923
542.547	0.06931
542.657	0.0693
542.766	0.06935
542.875	0.06941
542.985	0.0694
543.094	0.06935
543.203	0.06948
543.312	0.06951
543.422	0.06949
543.531	0.06951
543.64	0.06955
543.749	0.06953
543.858	0.0696
543.968	0.06976
544.077	0.06972
544.186	0.06974
544.295	0.06964
544.404	0.06982
544.514	0.07
544.623	0.06988
544.732	0.06987
544.841	0.07006
544.95	0.06993
545.059	0.06995
545.168	0.07012
545.278	0.07011
545.387	0.07027
545.496	0.07018
545.605	0.07028
545.714	0.07023
545.823	0.07028
545.932	0.07036
546.041	0.07037
546.15	0.07038
546.259	0.07049
546.368	0.07048
546.477	0.07044
546.586	0.07057
546.695	0.07048
546.804	0.07071
546.913	0.07064
547.022	0.07077
547.131	0.07082
547.24	0.07083
547.349	0.07092
547.458	0.07101
547.567	0.07101
547.676	0.07104
547.785	0.07106
547.894	0.07116
548.003	0.07107
548.112	0.07118
548.221	0.07111
548.33	0.07133
548.439	0.07132
548.548	0.07134
548.656	0.07132
548.765	0.07141
548.874	0.07145
548.983	0.07152
549.092	0.07161
549.201	0.07159
549.31	0.07159
549.418	0.07182
549.527	0.07174
549.636	0.07176
549.745	0.07188
549.854	0.07188
549.962	0.07199
550.071	0.07195
550.18	0.072
550.289	0.07205
550.398	0.07204
550.506	0.07209
550.615	0.07223
550.724	0.07227
550.833	0.07232
550.941	0.07226
551.05	0.07234
551.159	0.07233
551.267	0.07236
551.376	0.07236
551.485	0.07246
551.593	0.07247
551.702	0.07253
551.811	0.07252
551.919	0.07261
552.028	0.07265
552.137	0.07258
552.245	0.0727
552.354	0.07274
552.463	0.07283
552.571	0.07273
552.68	0.07288
552.788	0.07285
552.897	0.07297
553.006	0.07292
553.114	0.07288
553.223	0.07298
553.331	0.07291
553.44	0.07299
553.548	0.073
553.657	0.07307
553.765	0.07312
553.874	0.07311
553.983	0.07318
554.091	0.07322
554.2	0.07316
554.308	0.07319
554.417	0.07319
554.525	0.07313
554.633	0.07315
554.742	0.07319
554.85	0.0733
554.959	0.07317
555.067	0.07318
555.176	0.07323
555.284	0.07318
555.393	0.07331
555.501	0.0733
555.609	0.07319
555.718	0.07322
555.826	0.07325
555.935	0.07331
556.043	0.07322
556.151	0.07314
556.26	0.07323
556.368	0.07315
556.476	0.07328
556.585	0.07314
556.693	0.07318
556.801	0.07311
556.91	0.07301
557.018	0.07309
557.126	0.07302
557.235	0.07311
557.343	0.07299
557.451	0.07303
557.559	0.07303
557.668	0.07298
557.776	0.07308
557.884	0.07297
557.992	0.07291
558.101	0.07281
558.209	0.0728
558.317	0.07296
558.425	0.07289
558.533	0.07285
558.642	0.07283
558.75	0.07265
558.858	0.07257
558.966	0.07274
559.074	0.07255
559.182	0.07257
559.291	0.07246
559.399	0.07253
559.507	0.07246
559.615	0.07246
559.723	0.07239
559.831	0.0724
559.939	0.07235
560.047	0.07233
560.156	0.07225
560.264	0.0723
560.372	0.07217
560.48	0.07215
560.588	0.07215
560.696	0.07194
560.804	0.07207
560.912	0.07206
561.02	0.07212
561.128	0.0721
561.236	0.07192
561.344	0.07174
561.452	0.07169
561.56	0.07184
561.668	0.0717
561.776	0.07167
561.884	0.07169
561.992	0.0716
562.1	0.07155
562.208	0.07145
562.316	0.07144
562.424	0.07139
562.532	0.07141
562.639	0.07133
562.747	0.07127
562.855	0.07106
562.963	0.07111
563.071	0.07116
563.179	0.07107
563.287	0.07104
563.395	0.07089
563.502	0.07095
563.61	0.07081
563.718	0.07072
563.826	0.07059
563.934	0.0707
564.042	0.07063
564.149	0.07051
564.257	0.07052
564.365	0.07044
564.473	0.0704
564.581	0.07031
564.688	0.07029
564.796	0.07019
564.904	0.07015
565.012	0.07004
565.119	0.07002
565.227	0.06988
565.335	0.06975
565.443	0.06963
565.55	0.06966
565.658	0.06953
565.766	0.0695
565.873	0.06939
565.981	0.06938
566.089	0.06935
566.196	0.06913
566.304	0.06909
566.412	0.06911
566.519	0.06904
566.627	0.06901
566.735	0.06901
566.842	0.06897
566.95	0.06876
567.057	0.0687
567.165	0.06857
567.273	0.0685
567.38	0.06849
567.488	0.06844
567.595	0.06827
567.703	0.06814
567.81	0.06814
567.918	0.06794
568.026	0.06797
568.133	0.0679
568.241	0.06776
568.348	0.06766
568.456	0.06771
568.563	0.06759
568.671	0.06745
568.778	0.06741
568.886	0.06727
568.993	0.06727
569.101	0.06711
569.208	0.06708
569.315	0.06704
569.423	0.0669
569.53	0.06688
569.638	0.06676
569.745	0.06662
569.853	0.06662
569.96	0.06658
570.067	0.06654
570.175	0.0664
570.282	0.06636
570.389	0.06616
570.497	0.06608
570.604	0.06593
570.712	0.06585
570.819	0.06581
570.93	0.06458
571.038	0.06437
571.145	0.06434
571.253	0.06424
571.361	0.0642
571.468	0.06413
571.576	0.06398
571.683	0.06396
571.791	0.06385
571.899	0.06386
572.006	0.06364
572.114	0.06362
572.222	0.06357
572.329	0.06356
572.437	0.06337
572.544	0.06325
572.652	0.06327
572.759	0.0632
572.867	0.06317
572.975	0.06303
573.082	0.06297
573.19	0.06277
573.297	0.06279
573.405	0.06271
573.512	0.06256
573.62	0.06267
573.727	0.06243
573.835	0.06249
573.942	0.0624
574.05	0.06225
574.157	0.06216
574.265	0.06213
574.372	0.0621
574.479	0.06197
574.587	0.06184
574.694	0.0619
574.802	0.0618
574.909	0.06177
575.016	0.0617
575.124	0.06162
575.231	0.06157
575.339	0.06143
575.446	0.06147
575.553	0.0613
575.661	0.06125
575.768	0.06123
575.875	0.06114
575.983	0.06111
576.09	0.06105
576.197	0.06099
576.305	0.06099
576.412	0.06087
576.519	0.06086
576.627	0.0608
576.734	0.06076
576.841	0.06069
576.948	0.06066
577.056	0.06054
577.163	0.06047
577.27	0.06041
577.377	0.06043
577.485	0.06033
577.592	0.0603
577.699	0.0602
577.806	0.06017
577.913	0.06014
578.021	0.06009
578.128	0.06002
578.235	0.05994
578.342	0.05991
578.449	0.0599
578.556	0.0598
578.664	0.05964
578.771	0.05974
578.878	0.05958
578.985	0.05963
579.092	0.05959
579.199	0.05954
579.306	0.05946
579.413	0.0594
579.52	0.0594
579.627	0.05935
579.734	0.05929
579.842	0.05934
579.949	0.0592
580.056	0.05918
580.163	0.05907
580.27	0.05908
580.377	0.05904
580.484	0.05901
580.591	0.05902
580.698	0.05885
580.805	0.05886
580.912	0.05882
581.019	0.05874
581.126	0.0587
581.232	0.05872
581.339	0.05869
581.446	0.05867
581.553	0.05852
581.66	0.05852
581.767	0.05845
581.874	0.05848
581.981	0.05843
582.088	0.05833
582.195	0.0583
582.302	0.05829
582.408	0.05822
582.515	0.05818
582.622	0.05808
582.729	0.05801
582.836	0.05803
582.943	0.05798
583.05	0.05806
583.156	0.05801
583.263	0.05778
583.37	0.05789
583.477	0.05783
583.583	0.05773
583.69	0.05773
583.797	0.05771
583.904	0.05776
584.011	0.05766
584.117	0.05755
584.224	0.05752
584.331	0.05753
584.437	0.05747
584.544	0.05741
584.651	0.05739
584.758	0.05735
584.864	0.05726
584.971	0.05731
585.078	0.05715
585.184	0.05722
585.291	0.05706
585.398	0.05713
585.504	0.05704
585.611	0.05699
585.718	0.05702
585.824	0.05694
585.931	0.05686
586.037	0.05689
586.144	0.05676
586.251	0.05683
586.357	0.05679
586.464	0.05676
586.57	0.0567
586.677	0.0567
586.783	0.05658
586.89	0.05662
586.996	0.05669
587.103	0.05651
587.209	0.05647
587.316	0.05647
587.422	0.05644
587.529	0.05632
587.635	0.05625
587.742	0.05627
587.848	0.05636
587.955	0.0562
588.061	0.05626
588.168	0.05618
588.274	0.05612
588.381	0.0561
588.487	0.05612
588.594	0.056
588.7	0.05599
588.806	0.05599
588.913	0.05593
589.019	0.05579
589.125	0.05586
589.232	0.05578
589.338	0.05573
589.445	0.05584
589.551	0.05583
589.657	0.05572
589.764	0.05558
589.87	0.0556
589.976	0.05552
590.083	0.05543
590.189	0.05549
590.295	0.05547
590.401	0.05541
590.508	0.05531
590.614	0.05542
590.72	0.05536
590.826	0.05535
590.933	0.05528
591.039	0.05524
591.145	0.05523
591.251	0.05521
591.358	0.05505
591.464	0.05505
591.57	0.05507
591.676	0.05502
591.782	0.05502
591.889	0.05501
591.995	0.05495
592.101	0.05497
592.207	0.05487
592.313	0.05488
592.419	0.05488
592.525	0.05484
592.632	0.05481
592.738	0.0548
592.844	0.05476
592.95	0.05472
593.056	0.05463
593.162	0.05468
593.268	0.05462
593.374	0.05471
593.48	0.05452
593.586	0.05459
593.692	0.05454
593.798	0.05451
593.904	0.0546
594.01	0.05435
594.117	0.05438
594.223	0.05444
594.329	0.05442
594.435	0.05434
594.54	0.05435
594.646	0.05431
594.752	0.0543
594.858	0.05427
594.964	0.05426
595.07	0.05419
595.176	0.05414
595.282	0.05406
595.388	0.05415
595.494	0.05412
595.6	0.05411
595.706	0.05412
595.812	0.05392
595.918	0.05393
596.023	0.05388
596.129	0.054
596.235	0.05393
596.341	0.05389
596.447	0.05389
596.553	0.05384
596.659	0.05385
596.764	0.05377
596.87	0.05367
596.976	0.05382
597.082	0.05362
597.188	0.05366
597.293	0.05364
597.399	0.05358
597.505	0.05359
597.611	0.05355
597.716	0.05348
597.822	0.0535
597.928	0.0535
598.034	0.05346
598.139	0.05339
598.245	0.05335
598.351	0.05326
598.456	0.05334
598.562	0.05332
598.668	0.05322
598.773	0.05324
598.879	0.05319
598.985	0.05318
599.09	0.05321
599.196	0.05315
599.302	0.05313
599.407	0.05307
599.513	0.05306
599.618	0.05297
599.724	0.05294
599.83	0.05295
599.935	0.05291
600.041	0.05286
600.146	0.05288
600.252	0.05285
600.358	0.05272
600.463	0.05274
600.569	0.05266
600.674	0.05264
600.78	0.05263
600.885	0.05255
600.991	0.05258
601.096	0.05247
601.202	0.05247
601.307	0.05249
601.413	0.0525
601.518	0.05241
601.624	0.05237
601.729	0.0523
601.834	0.0523
601.94	0.0522
602.045	0.05224
602.151	0.05222
602.256	0.0521
602.362	0.05212
602.467	0.05209
602.572	0.05206
602.678	0.05202
602.783	0.052
602.888	0.05193
602.994	0.05194
603.099	0.05192
603.205	0.05183
603.31	0.05169
603.415	0.05175
603.521	0.05173
603.626	0.05166
603.731	0.05164
603.836	0.05155
603.942	0.05149
604.047	0.05146
604.152	0.0515
604.258	0.05154
604.363	0.05142
604.468	0.05135
604.573	0.05134
604.679	0.05118
604.784	0.05119
604.889	0.05113
604.994	0.05108
605.099	0.05112
605.205	0.05104
605.31	0.05098
605.415	0.05088
605.52	0.05086
605.625	0.05081
605.73	0.05081
605.836	0.05077
605.941	0.05062
606.046	0.05059
606.151	0.05065
606.256	0.05054
606.361	0.05049
606.466	0.05058
606.571	0.05043
606.677	0.05048
606.782	0.05037
606.887	0.05026
606.992	0.0503
607.097	0.05016
607.202	0.05011
607.307	0.05004
607.412	0.05001
607.517	0.05001
607.622	0.04994
607.727	0.04989
607.832	0.04989
607.937	0.04976
608.042	0.04966
608.147	0.04972
608.252	0.04963
608.357	0.04958
608.462	0.04955
608.567	0.04948
608.672	0.0494
608.777	0.04938
608.882	0.04929
608.986	0.04927
609.091	0.04917
609.196	0.04929
609.301	0.04918
609.406	0.04916
609.511	0.04903
609.616	0.04905
609.721	0.04895
609.825	0.04884
609.93	0.04883
610.035	0.0488
610.14	0.04878
610.245	0.04873
610.35	0.0487
610.454	0.04867
610.559	0.04856
610.664	0.04854
610.769	0.04843
610.874	0.04844
610.978	0.04834
611.083	0.04834
611.188	0.04832
611.293	0.04829
611.397	0.04825
611.502	0.04812
611.607	0.04808
611.711	0.04809
611.816	0.04809
611.921	0.04806
612.026	0.04795
612.13	0.04795
612.235	0.04791
612.34	0.04788
612.444	0.04787
612.549	0.04781
612.654	0.04775
612.758	0.04771
612.863	0.04764
612.967	0.04764
613.072	0.04759
613.177	0.04744
613.281	0.04744
613.386	0.04744
613.49	0.04736
613.595	0.04731
613.7	0.04726
613.804	0.04727
613.909	0.04727
614.013	0.04705
614.118	0.04705
614.222	0.04698
614.327	0.04702
614.431	0.04702
614.526	0.0483
614.632	0.04822
614.737	0.04816
614.843	0.04818
614.948	0.04813
615.054	0.04818
615.16	0.04811
615.265	0.04806
615.371	0.04808
615.476	0.04807
615.581	0.04807
615.687	0.04805
615.792	0.048
615.898	0.04796
616.003	0.04796
616.109	0.04791
616.214	0.04784
616.32	0.04788
616.425	0.04787
616.53	0.0478
616.636	0.04777
616.741	0.04773
616.847	0.04775
616.952	0.04763
617.057	0.04761
617.163	0.04765
617.268	0.04764
617.373	0.04761
617.479	0.04757
617.584	0.04755
617.689	0.04751
617.795	0.04757
617.9	0.04749
618.005	0.04742
618.111	0.04741
618.216	0.04744
618.321	0.04735
618.426	0.04738
618.532	0.0474
618.637	0.04735
618.742	0.04736
618.847	0.04736
618.953	0.04734
619.058	0.04726
619.163	0.04732
619.268	0.04735
619.373	0.04717
619.479	0.04726
619.584	0.04726
619.689	0.04724
619.794	0.04715
619.899	0.04715
620.004	0.04714
620.109	0.04711
620.215	0.04713
620.32	0.04703
620.425	0.04716
620.53	0.04708
620.635	0.04707
620.74	0.04707
620.845	0.04697
620.95	0.04696
621.055	0.04708
621.16	0.04714
621.265	0.04699
621.37	0.047
621.475	0.04702
621.581	0.04701
621.686	0.04697
621.791	0.04699
621.896	0.04689
622.001	0.047
622.105	0.04697
622.21	0.04705
622.315	0.04694
622.42	0.04691
622.525	0.04688
622.63	0.04687
622.735	0.04691
622.84	0.04698
622.945	0.04694
623.05	0.04686
623.155	0.04691
623.26	0.0469
623.365	0.04689
623.47	0.04687
623.574	0.04688
623.679	0.04696
623.784	0.04683
623.889	0.04692
623.994	0.04691
624.099	0.04688
624.203	0.04694
624.308	0.04693
624.413	0.04693
624.518	0.04692
624.623	0.04702
624.727	0.04687
624.832	0.04692
624.937	0.0468
625.042	0.04691
625.147	0.04691
625.251	0.04691
625.356	0.04687
625.461	0.04683
625.565	0.0469
625.67	0.04694
625.775	0.04686
625.88	0.04695
625.984	0.04694
626.089	0.04691
626.194	0.04692
626.298	0.04693
626.403	0.0469
626.508	0.04702
626.612	0.04693
626.717	0.04698
626.821	0.04699
626.926	0.04699
627.031	0.04702
627.135	0.04706
627.24	0.04697
627.344	0.04694
627.449	0.04698
627.554	0.04695
627.658	0.04696
627.763	0.04695
627.867	0.04695
627.972	0.04702
628.076	0.04709
628.181	0.047
628.285	0.04707
628.39	0.04699
628.494	0.04701
628.599	0.04699
628.703	0.04703
628.808	0.04709
628.912	0.04702
629.017	0.04701
629.121	0.04701
629.226	0.04696
629.33	0.04705
629.434	0.04698
629.539	0.04699
629.643	0.04711
629.748	0.04704
629.852	0.0471
629.956	0.04703
630.061	0.04704
630.165	0.04701
630.27	0.047
630.374	0.0471
630.478	0.04696
630.583	0.04708
630.687	0.04697
630.791	0.04707
630.895	0.04702
631	0.04702
631.104	0.04707
631.208	0.04703
631.313	0.04699
631.417	0.04699
631.521	0.04702
631.625	0.04696
631.73	0.04698
631.834	0.04698
631.938	0.04694
632.042	0.04694
632.147	0.04689
632.251	0.04696
632.355	0.04694
632.459	0.04695
632.563	0.0469
632.668	0.04693
632.772	0.04675
632.876	0.04677
632.98	0.0468
633.084	0.04682
633.188	0.04682
633.292	0.04678
633.396	0.04669
633.501	0.04674
633.605	0.04667
633.709	0.04667
633.813	0.04668
633.917	0.04662
634.021	0.04646
634.125	0.04649
634.229	0.04654
634.333	0.04645
634.437	0.04647
634.541	0.04636
634.645	0.04637
634.749	0.04643
634.853	0.04635
634.957	0.04634
635.061	0.04637
635.165	0.0462
635.269	0.04624
635.373	0.04623
635.477	0.04617
635.581	0.04611
635.685	0.04611
635.789	0.04607
635.893	0.0461
635.997	0.046
636.101	0.04594
636.205	0.04588
636.308	0.04585
636.412	0.04582
636.516	0.04575
636.62	0.04571
636.724	0.04571
636.828	0.04565
636.932	0.04561
637.035	0.04547
637.139	0.04543
637.243	0.0454
637.347	0.04536
637.451	0.04531
637.554	0.0452
637.658	0.04522
637.762	0.04513
637.866	0.04508
637.97	0.04497
638.073	0.04491
638.177	0.04493
638.281	0.04488
638.385	0.04478
638.488	0.04465
638.592	0.04463
638.696	0.04463
638.799	0.04458
638.903	0.0445
639.007	0.04444
639.11	0.04432
639.214	0.04428
639.318	0.04422
639.421	0.04415
639.525	0.0441
639.629	0.04405
639.732	0.04396
639.836	0.04388
639.939	0.04392
640.043	0.04375
640.147	0.04376
640.25	0.04365
640.354	0.04356
640.457	0.04356
640.561	0.0434
640.664	0.0433
640.768	0.04329
640.872	0.04316
640.975	0.04314
641.079	0.0431
641.182	0.04292
641.286	0.04293
641.389	0.04289
641.493	0.04289
641.596	0.04274
641.699	0.04272
641.803	0.04263
641.906	0.04257
642.01	0.04245
642.113	0.0424
642.217	0.04232
642.32	0.04233
642.424	0.04214
642.527	0.04214
642.63	0.04212
642.734	0.04195
642.837	0.04191
642.94	0.04188
643.044	0.04175
643.147	0.04171
643.251	0.04167
643.354	0.0416
643.457	0.04155
643.561	0.04144
643.664	0.04142
643.767	0.04133
643.87	0.04125
643.974	0.04128
644.077	0.04113
644.18	0.0411
644.284	0.04109
644.387	0.04099
644.49	0.04091
644.593	0.04084
644.696	0.04082
644.8	0.04076
644.903	0.04064
645.006	0.04059
645.109	0.04061
645.213	0.04043
645.316	0.0404
645.419	0.0404
645.522	0.04039
645.625	0.04024
645.728	0.04016
645.831	0.04017
645.935	0.04008
646.038	0.0401
646.141	0.03994
646.244	0.03989
646.347	0.0399
646.45	0.03983
646.553	0.03971
646.656	0.03965
646.759	0.03963
646.862	0.03962
646.965	0.03957
647.069	0.03948
647.172	0.03944
647.275	0.03943
647.378	0.03932
647.481	0.0393
647.584	0.03927
647.687	0.03919
647.79	0.03915
647.893	0.03904
647.996	0.03907
648.099	0.03901
648.201	0.03896
648.304	0.03894
648.407	0.03889
648.51	0.03888
648.613	0.03886
648.716	0.03878
648.819	0.03874
648.922	0.03871
649.025	0.03867
649.128	0.03863
649.231	0.03856
649.333	0.03852
649.436	0.03855
649.539	0.03848
649.642	0.03843
649.745	0.03842
649.848	0.03839
649.95	0.03835
650.053	0.03834
650.156	0.03824
650.259	0.03826
650.362	0.03825
650.464	0.03825
650.567	0.03822
650.67	0.03822
650.773	0.0381
650.875	0.03813
650.978	0.03803
651.081	0.03808
651.184	0.03804
651.286	0.03804
651.389	0.03798
651.492	0.03797
651.594	0.03791
651.697	0.03797
651.8	0.03789
651.902	0.03778
652.005	0.0378
652.108	0.03784
652.21	0.03778
652.313	0.03773
652.415	0.03776
652.518	0.03773
652.621	0.03771
652.723	0.03765
652.826	0.03761
652.928	0.03759
653.031	0.03754
653.134	0.03756
653.236	0.03754
653.339	0.03748
653.441	0.0375
653.544	0.03748
653.646	0.03745
653.749	0.03737
653.851	0.03733
653.954	0.03738
654.056	0.03734
654.159	0.03729
654.261	0.03729
654.364	0.03722
654.466	0.03719
654.569	0.03717
654.671	0.03718
654.773	0.0371
654.876	0.03701
654.978	0.03706
655.081	0.03699
655.183	0.03703
655.285	0.0369
655.388	0.03686
655.49	0.03686
655.593	0.03687
655.695	0.03681
655.797	0.03679
655.9	0.03678
656.002	0.03672
656.104	0.03675
656.207	0.03666
656.309	0.03669
656.411	0.03656
656.513	0.03651
656.616	0.0365
656.718	0.03651
656.82	0.03648
656.922	0.03648
657.025	0.03642
657.127	0.03637
657.229	0.03632
657.331	0.03625
657.434	0.03622
657.536	0.03622
657.638	0.03623
657.74	0.03619
657.842	0.03609
657.945	0.03609
658.047	0.03601
658.149	0.03597
658.251	0.03596
658.353	0.03594
658.455	0.03588
658.557	0.03585
658.66	0.03576
658.762	0.0357
658.864	0.03564
658.966	0.0356
659.068	0.03553
659.17	0.03555
659.272	0.03549
659.374	0.03543
659.476	0.03542
659.578	0.0354
659.68	0.03537
659.782	0.0353
659.884	0.03522
659.986	0.03522
660.088	0.03512
660.19	0.0351
660.292	0.03505
660.394	0.03496
660.496	0.03499
660.598	0.03496
660.7	0.03485
660.802	0.03479
660.904	0.03477
661.006	0.03466
661.108	0.03468
661.21	0.03456
661.312	0.03454
661.414	0.03455
661.515	0.03448
661.617	0.03444
661.719	0.03433
661.821	0.03431
661.923	0.03432
662.025	0.03417
662.127	0.03424
662.228	0.03418
662.33	0.03408
662.432	0.03402
662.534	0.03393
662.636	0.03394
662.737	0.03394
662.839	0.03383
662.941	0.03379
663.043	0.03378
663.144	0.03373
663.246	0.03367
663.348	0.03375
663.45	0.03361
663.551	0.03358
663.653	0.03353
663.755	0.03347
663.856	0.03347
663.958	0.03332
664.06	0.03344
664.161	0.03333
664.263	0.03331
664.365	0.03326
664.466	0.03315
664.568	0.03314
664.67	0.0331
664.771	0.0331
664.873	0.03307
664.975	0.03303
665.076	0.03299
665.178	0.03299
665.279	0.03294
665.381	0.03292
665.482	0.03285
665.584	0.03278
665.686	0.0328
665.787	0.03273
665.889	0.03275
665.99	0.03272
666.092	0.03267
666.193	0.03264
666.295	0.0326
666.396	0.03254
666.498	0.03258
666.599	0.03251
666.701	0.03254
666.802	0.03249
666.903	0.03248
667.005	0.03235
667.106	0.03239
667.208	0.0324
667.309	0.03235
667.411	0.03229
667.512	0.03231
667.613	0.03225
667.715	0.03223
667.816	0.03217
667.917	0.03221
668.019	0.03216
668.12	0.03218
668.221	0.03214
668.323	0.03211
668.424	0.03209
668.525	0.03206
668.627	0.03205
668.728	0.03204
668.829	0.032
668.931	0.03205
669.032	0.03199
669.133	0.032
669.234	0.032
669.336	0.03187
669.437	0.03193
669.538	0.03189
669.639	0.03194
669.74	0.03186
669.842	0.03193
669.943	0.03189
670.044	0.03184
670.145	0.03185
670.246	0.03184
670.348	0.03178
670.449	0.03175
670.55	0.03181
670.651	0.03178
670.752	0.03175
670.853	0.03179
670.954	0.0318
671.056	0.03173
671.157	0.03173
671.258	0.03179
671.359	0.03174
671.46	0.03174
671.561	0.03178
671.662	0.03178
671.763	0.03175
671.864	0.03171
671.965	0.03175
672.066	0.03175
672.167	0.03174
672.268	0.03178
672.369	0.03173
672.47	0.03177
672.571	0.03175
672.672	0.03182
672.773	0.03176
672.874	0.03176
672.975	0.03178
673.076	0.03179
673.177	0.03178
673.278	0.03178
673.379	0.03176
673.48	0.03176
673.58	0.03179
673.681	0.03184
673.782	0.03179
673.883	0.03182
673.984	0.03187
674.085	0.03182
674.186	0.03184
674.286	0.0318
674.387	0.03189
674.488	0.03189
674.589	0.03186
674.69	0.03192
674.791	0.03196
674.891	0.0319
674.992	0.03193
675.093	0.03198
675.194	0.03197
675.294	0.03196
675.395	0.03191
675.496	0.03197
675.597	0.03197
675.697	0.03206
675.798	0.03201
675.899	0.03204
675.999	0.03201
676.1	0.03207
676.201	0.03206
676.302	0.03211
676.402	0.03208
676.503	0.03211
676.603	0.03208
676.704	0.03208
676.805	0.03212
676.905	0.03219
677.006	0.0322
677.107	0.03214
677.207	0.03222
677.308	0.03225
677.408	0.03222
677.509	0.03219
677.609	0.03229
677.71	0.03233
677.811	0.0323
677.911	0.03237
678.012	0.03234
678.112	0.0324
678.213	0.03233
678.313	0.03246
678.414	0.03254
678.514	0.03249
678.615	0.03251
678.715	0.03251
678.816	0.03256
678.916	0.03266
679.017	0.03265
679.117	0.03265
679.217	0.03271
679.318	0.03276
679.418	0.03276
679.519	0.03282
679.619	0.03279
679.719	0.03286
679.82	0.03283
679.92	0.03288
680.021	0.03291
680.121	0.03302
680.221	0.03306
680.322	0.03307
680.422	0.03312
680.522	0.03314
680.623	0.03311
680.723	0.03322
680.823	0.03328
680.923	0.03329
681.024	0.03337
681.124	0.03335
681.224	0.03345
681.325	0.03341
681.425	0.03349
681.525	0.03359
681.625	0.03363
681.725	0.03362
681.826	0.03368
681.926	0.03375
682.026	0.03377
682.126	0.03388
682.226	0.03388
682.327	0.03389
682.427	0.03398
682.527	0.03403
682.627	0.03408
682.727	0.03419
682.827	0.03418
682.927	0.0342
683.028	0.03433
683.128	0.03447
683.228	0.03452
683.328	0.03451
683.428	0.03462
683.528	0.03467
683.628	0.03473
683.728	0.0348
683.828	0.03486
683.928	0.03498
684.028	0.03505
684.128	0.03508
684.228	0.03519
684.328	0.03533
684.428	0.03543
684.528	0.03543
684.628	0.03543
684.728	0.03559
684.828	0.03569
684.928	0.03573
685.028	0.03585
685.128	0.03592
685.228	0.03613
685.328	0.03608
685.428	0.03622
685.528	0.03635
685.628	0.03641
685.727	0.0365
685.827	0.03657
685.927	0.03671
686.027	0.03685
686.127	0.03696
686.227	0.0371
686.327	0.03719
686.426	0.03733
686.526	0.03739
686.626	0.03749
686.726	0.03754
686.826	0.03777
686.926	0.0379
687.025	0.03801
687.125	0.03807
687.225	0.03828
687.325	0.03838
687.424	0.03854
687.524	0.03864
687.624	0.03874
687.724	0.03892
687.823	0.03904
687.923	0.03917
688.023	0.03934
688.122	0.03952
688.222	0.03965
688.322	0.03983
688.421	0.03994
688.521	0.04006
688.621	0.04032
688.72	0.04054
688.82	0.0406
688.92	0.04078
689.019	0.04099
689.119	0.04124
689.218	0.04133
689.318	0.04148
689.417	0.04173
689.517	0.04186
689.617	0.04211
689.716	0.04226
689.816	0.04248
689.915	0.0426
690.015	0.04291
690.114	0.04306
690.214	0.04324
690.313	0.04352
690.413	0.04366
690.512	0.04398
690.612	0.04419
690.711	0.04426
690.811	0.04458
690.91	0.0448
691.01	0.04506
691.109	0.04534
691.208	0.04553
691.308	0.04568
691.407	0.04601
691.507	0.04624
691.606	0.04642
691.705	0.04679
691.805	0.04693
691.904	0.04718
692.004	0.04741
692.103	0.04777
692.202	0.04803
692.302	0.04822
692.401	0.04853
692.5	0.04888
692.6	0.04907
692.699	0.04942
692.798	0.04963
692.897	0.04985
692.997	0.05035
693.096	0.0505
693.195	0.05091
693.295	0.05111
693.394	0.05152
693.493	0.05169
693.592	0.05196
693.691	0.05225
693.791	0.05269
693.89	0.05297
693.989	0.05325
694.088	0.05366
694.187	0.05402
694.287	0.05431
694.386	0.05469
694.485	0.05503
694.584	0.05541
694.683	0.05571
694.782	0.0561
694.881	0.05635
694.981	0.05674
695.08	0.05717
695.179	0.05735
695.278	0.05794
695.377	0.05816
695.476	0.05852
695.575	0.05897
695.674	0.05938
695.773	0.05968
695.872	0.05999
695.971	0.06051
696.07	0.06082
696.169	0.06114
696.268	0.06152
696.367	0.06189
696.466	0.06238
696.565	0.06266
696.664	0.06314
696.763	0.06357
696.862	0.06392
696.961	0.06433
697.06	0.06482
697.159	0.06524
697.258	0.06569
697.357	0.06604
697.456	0.06647
697.554	0.0669
697.653	0.0673
697.752	0.0678
697.851	0.06815
697.95	0.06865
698.049	0.06895
698.148	0.0695
698.246	0.07003
698.345	0.07045
698.444	0.07095
698.543	0.07139
698.642	0.07183
698.74	0.07227
698.839	0.07269
698.938	0.07301
699.037	0.07366
699.136	0.07409
699.234	0.07448
699.333	0.07502
699.432	0.07557
699.53	0.07619
699.629	0.07648
699.728	0.07693
699.827	0.07751
699.925	0.07792
700.024	0.0784
700.123	0.07896
700.221	0.0796
700.32	0.0799
700.419	0.08047
700.517	0.08095
700.616	0.08144
700.715	0.08186
700.813	0.08257
700.912	0.08295
701.01	0.08348
701.109	0.08403
701.208	0.08461
701.306	0.08513
701.405	0.08565
701.503	0.08607
701.602	0.08684
701.7	0.08726
701.799	0.08781
701.897	0.08816
701.996	0.08891
702.094	0.08935
702.193	0.08997
702.291	0.09037
702.39	0.09109
702.488	0.09166
702.587	0.09232
702.685	0.09264
702.784	0.09328
702.882	0.0938
702.981	0.09452
703.079	0.09511
703.177	0.09562
703.276	0.09608
703.374	0.09665
703.473	0.09739
703.571	0.0979
703.669	0.09849
703.768	0.0992
703.866	0.09954
703.964	0.10037
704.063	0.10077
704.161	0.10143
704.259	0.10208
704.358	0.10262
704.456	0.10323
704.554	0.10389
704.653	0.10444
704.751	0.10517
704.849	0.10586
704.947	0.1064
705.046	0.10696
705.144	0.10763
705.242	0.10827
705.34	0.10881
705.439	0.10959
705.537	0.11006
705.635	0.11063
705.733	0.11135
705.831	0.11195
705.93	0.11255
706.028	0.11334
706.126	0.1138
706.224	0.11441
706.322	0.11504
706.42	0.11569
706.518	0.11643
706.617	0.11709
706.715	0.11752
706.813	0.11853
706.911	0.11904
707.009	0.11984
707.107	0.12044
707.205	0.12115
707.303	0.12168
707.401	0.12224
707.499	0.12286
707.597	0.12371
707.695	0.12419
707.793	0.12509
707.891	0.12556
707.989	0.12615
708.087	0.1268
708.185	0.12769
708.283	0.12846
708.381	0.12897
708.479	0.12975
708.577	0.13047
708.675	0.13098
708.773	0.13182
708.871	0.13204
708.969	0.13316
709.067	0.13381
709.165	0.13449
709.263	0.13507
709.36	0.13578
709.458	0.13655
709.556	0.13742
709.654	0.13779
709.752	0.13855
709.85	0.13888
709.948	0.13977
710.045	0.14052
710.143	0.14105
710.241	0.14181
710.339	0.14254
710.437	0.14312
710.534	0.14342
710.632	0.14447
710.73	0.14531
710.828	0.14595
710.925	0.1467
711.023	0.14729
711.204	0.14565
711.443	0.14744
711.682	0.14945
711.921	0.15094
712.16	0.15271
712.399	0.15433
712.637	0.15577
712.876	0.15718
713.115	0.15929
713.354	0.16087
713.593	0.16263
713.831	0.16436
714.07	0.16595
714.309	0.16771
714.548	0.16911
714.786	0.17143
715.025	0.17286
715.264	0.17433
715.503	0.17624
715.741	0.17798
715.98	0.17956
716.219	0.18158
716.457	0.18326
716.696	0.18465
716.934	0.18669
717.173	0.18859
717.412	0.19017
717.65	0.19219
717.889	0.19351
718.127	0.19531
718.366	0.1976
718.604	0.19929
718.843	0.20003
719.081	0.20221
719.32	0.20385
719.558	0.20561
719.797	0.20756
720.035	0.20929
720.274	0.21097
720.512	0.21235
720.75	0.21463
720.989	0.21611
721.227	0.21801
721.466	0.21963
721.704	0.22167
721.942	0.22328
722.181	0.22489
722.419	0.22681
722.657	0.22828
722.895	0.22993
723.134	0.23159
723.372	0.23376
723.61	0.23508
723.849	0.23687
724.087	0.23856
724.325	0.23987
724.563	0.24206
724.801	0.24373
725.04	0.2454
725.278	0.24726
725.516	0.24855
725.754	0.25072
725.992	0.25228
726.23	0.25425
726.468	0.25635
726.706	0.25844
726.944	0.26048
727.183	0.26229
727.421	0.26326
727.659	0.26538
727.897	0.2668
728.135	0.26834
728.373	0.26987
728.611	0.27153
728.849	0.27269
729.087	0.27498
729.324	0.27634
729.562	0.27767
729.8	0.27931
730.038	0.28145
730.276	0.28258
730.514	0.28428
730.752	0.28635
730.99	0.28757
731.228	0.28865
731.465	0.29029
731.703	0.29126
731.941	0.29274
732.179	0.29457
732.417	0.29567
732.654	0.29738
732.892	0.2991
733.13	0.30062
733.367	0.30188
733.605	0.303
733.843	0.30464
734.081	0.30585
734.318	0.30686
734.556	0.30889
734.794	0.30987
735.031	0.31083
735.269	0.3122
735.506	0.31402
735.744	0.31427
735.982	0.31592
736.219	0.31771
736.457	0.31842
736.694	0.31994
736.932	0.32061
737.169	0.32201
737.407	0.32319
737.644	0.32451
737.882	0.32564
738.119	0.32678
738.357	0.32704
738.594	0.32809
738.832	0.32942
739.069	0.33112
739.306	0.33201
739.544	0.33273
739.781	0.33452
740.018	0.335
740.256	0.33609
740.493	0.33729
740.73	0.33757
740.968	0.33917
741.205	0.33957
741.442	0.34161
741.68	0.34164
741.917	0.34286
742.154	0.34367
742.391	0.34427
742.629	0.34529
742.866	0.34571
743.103	0.34704
743.34	0.34824
743.577	0.34913
743.814	0.34913
744.052	0.3502
744.289	0.35085
744.526	0.35158
744.763	0.35218
745	0.3525
745.237	0.35326
745.474	0.35434
745.711	0.35584
745.948	0.35538
746.185	0.35685
746.422	0.35669
746.659	0.35776
746.896	0.35876
747.133	0.35887
747.37	0.35932
747.607	0.35982
747.844	0.36143
748.081	0.36169
748.318	0.36246
748.555	0.36298
748.792	0.36345
749.029	0.36416
749.265	0.36448
749.502	0.36519
749.739	0.36632
749.976	0.36593
750.213	0.36707
750.449	0.36704
750.686	0.36689
750.923	0.36796
751.16	0.36814
751.396	0.36915
751.633	0.36948
751.87	0.37009
752.107	0.36977
752.343	0.3706
752.58	0.37122
752.817	0.37143
753.053	0.37134
753.29	0.37212
753.527	0.37323
753.763	0.37275
754	0.37352
754.236	0.37326
754.473	0.37327
754.709	0.37435
754.946	0.37495
755.182	0.37485
755.419	0.37574
755.656	0.37517
755.892	0.37622
756.128	0.37619
756.365	0.37685
756.601	0.37681
756.838	0.37689
757.074	0.37684
757.311	0.37744
757.547	0.37767
757.783	0.37822
758.02	0.37851
758.256	0.37924
758.493	0.37941
758.729	0.37946
758.965	0.37947
759.201	0.38016
759.438	0.3805
759.674	0.38019
759.91	0.3806
760.147	0.38032
760.383	0.38097
760.619	0.38135
760.855	0.38082
761.091	0.38107
761.328	0.38163
761.564	0.38184
761.8	0.38226
762.036	0.38236
762.272	0.38257
762.508	0.38187
762.744	0.38286
762.981	0.38264
763.217	0.38328
763.453	0.38324
763.689	0.38403
763.925	0.38367
764.161	0.38351
764.397	0.38398
764.633	0.38374
764.869	0.38374
765.105	0.38489
765.341	0.38493
765.577	0.3848
765.813	0.38393
766.049	0.3849
766.285	0.38578
766.52	0.38527
766.756	0.38587
766.992	0.38607
767.228	0.38601
767.464	0.38589
767.7	0.38597
767.936	0.3868
768.171	0.38646
768.407	0.38626
768.643	0.38648
768.879	0.38653
769.114	0.38712
769.35	0.38642
769.586	0.38718
769.822	0.38679
770.057	0.38726
770.293	0.38716
770.529	0.38794
770.764	0.38812
771	0.38795
771.236	0.38829
771.471	0.38787
771.707	0.38836
771.943	0.38846
772.178	0.38932
772.414	0.38858
772.649	0.38796
772.885	0.38843
773.12	0.38858
773.356	0.3892
773.591	0.38963
773.827	0.38926
774.062	0.39026
774.298	0.3897
774.533	0.39006
774.769	0.39065
775.004	0.39001
775.239	0.38956
775.475	0.38977
775.71	0.38925
775.946	0.39014
776.181	0.38986
776.416	0.39064
776.652	0.39085
776.887	0.39023
777.122	0.39024
777.358	0.39086
777.593	0.39087
777.828	0.39067
778.063	0.39172
778.299	0.39085
778.534	0.39122
778.769	0.3923
779.004	0.39205
779.24	0.39184
779.475	0.39151
779.71	0.39189
779.945	0.39203
780.18	0.39135
780.415	0.39186
780.65	0.39123
780.885	0.39266
781.121	0.39234
781.356	0.39242
781.591	0.39196
781.826	0.39235
782.061	0.3921
782.296	0.39244
782.531	0.39283
782.766	0.39288
783.001	0.39338
783.236	0.39263
783.471	0.39302
783.706	0.39313
783.941	0.39297
784.175	0.39284
784.41	0.3933
784.645	0.39387
784.88	0.39405
785.115	0.39353
785.35	0.39303
785.585	0.39376
785.819	0.39402
786.054	0.39366
786.289	0.39449
786.524	0.39376
786.759	0.39421
786.993	0.39456
787.228	0.39459
787.463	0.39425
787.698	0.39478
787.932	0.39513
788.167	0.39494
788.402	0.39551
788.636	0.39511
788.871	0.39568
789.106	0.39503
789.34	0.39552
789.575	0.39555
789.809	0.39573
790.044	0.39579
790.279	0.39506
790.513	0.3952
790.748	0.39626
790.982	0.3962
791.217	0.39577
791.451	0.39651
791.686	0.39717
791.92	0.39646
792.155	0.39611
792.389	0.39603
792.623	0.39694
792.858	0.39665
793.092	0.39621
793.327	0.39649
793.561	0.39568
793.795	0.39673
794.03	0.39652
794.264	0.39737
794.498	0.39765
794.733	0.39705
794.967	0.39691
795.201	0.39717
795.436	0.39714
795.67	0.39771
795.904	0.39676
796.138	0.39704
796.373	0.39807
796.607	0.39732
796.841	0.39786
797.075	0.39691
797.309	0.39654
797.544	0.39732
797.778	0.39758
798.012	0.39794
798.246	0.39846
798.48	0.39802
798.714	0.39809
798.948	0.3978
799.182	0.3981
799.416	0.39841
799.65	0.39822
799.884	0.39824
800.118	0.39843
800.352	0.39892
800.586	0.39941
800.82	0.399
801.155	0.39952
801.39	0.39927
801.624	0.39883
801.859	0.39939
802.093	0.3993
802.328	0.3991
802.562	0.3994
802.797	0.40052
803.031	0.39967
803.266	0.40003
803.5	0.39981
803.735	0.40009
803.969	0.40027
804.204	0.4002
804.438	0.39985
804.673	0.39998
804.907	0.40025
805.141	0.40011
805.376	0.40026
805.61	0.40056
805.844	0.39996
806.079	0.40063
806.313	0.40049
806.547	0.40125
806.782	0.40061
807.016	0.40109
807.25	0.40124
807.484	0.40041
807.719	0.40069
807.953	0.40089
808.187	0.40102
808.421	0.40121
808.655	0.40119
808.89	0.4008
809.124	0.40201
809.358	0.4018
809.592	0.40079
809.826	0.40193
810.06	0.40152
810.294	0.40156
810.528	0.40217
810.763	0.40198
810.997	0.40234
811.231	0.40157
811.465	0.40208
811.699	0.40195
811.933	0.40249
812.167	0.40222
812.401	0.40245
812.635	0.40162
812.868	0.40201
813.102	0.40216
813.336	0.40149
813.57	0.40196
813.804	0.40193
814.038	0.40256
814.272	0.40198
814.506	0.40252
814.74	0.40205
814.973	0.40254
815.207	0.40231
815.441	0.40319
815.675	0.40254
815.908	0.40323
816.142	0.40363
816.376	0.40278
816.61	0.40272
816.843	0.40253
817.077	0.40271
817.311	0.40279
817.544	0.4028
817.778	0.40297
818.012	0.40336
818.245	0.40402
818.479	0.40276
818.713	0.40299
818.946	0.40362
819.18	0.40307
819.413	0.40211
819.647	0.4035
819.88	0.40355
820.114	0.40291
820.347	0.40357
820.581	0.40311
820.814	0.40373
821.048	0.40373
821.281	0.40441
821.515	0.40421
821.748	0.40481
821.982	0.40427
822.215	0.40354
822.448	0.40413
822.682	0.40382
822.915	0.40388
823.149	0.40475
823.382	0.40349
823.615	0.40382
823.849	0.40327
824.082	0.40393
824.315	0.40393
824.548	0.40443
824.782	0.4043
825.015	0.40395
825.248	0.40437
825.481	0.4046
825.715	0.40445
825.948	0.40457
826.181	0.40506
826.414	0.40479
826.647	0.4056
826.88	0.40514
827.113	0.4052
827.347	0.40535
827.58	0.40558
827.813	0.40502
828.046	0.40535
828.279	0.40391
828.512	0.40403
828.745	0.40374
828.978	0.40399
829.211	0.40419
829.444	0.40355
829.677	0.4049
829.91	0.4044
830.143	0.40434
830.376	0.40504
830.609	0.40515
830.842	0.40437
831.074	0.40471
831.307	0.40421
831.54	0.40524
831.773	0.40595
832.006	0.40544
832.239	0.40547
832.471	0.40554
832.704	0.40591
832.937	0.40522
833.17	0.40491
833.403	0.40481
833.635	0.40505
833.868	0.40457
834.101	0.40574
834.333	0.4048
834.566	0.40508
834.799	0.40506
835.031	0.40604
835.264	0.40592
835.497	0.40506
835.729	0.40534
835.962	0.40573
836.195	0.40586
836.427	0.40593
836.66	0.40536
836.892	0.40604
837.125	0.40498
837.357	0.40586
837.59	0.40579
837.822	0.40577
838.055	0.40604
838.287	0.40596
838.52	0.40612
838.752	0.40604
838.985	0.40546
839.217	0.40567
839.449	0.40579
839.682	0.40589
839.914	0.40536
840.147	0.40643
840.379	0.40621
840.611	0.40612
840.844	0.4053
841.076	0.40603
841.308	0.40623
841.54	0.40613
841.773	0.40557
842.005	0.40616
842.237	0.40758
842.469	0.40646
842.702	0.4069
842.934	0.40708
843.166	0.40775
843.398	0.40705
843.63	0.40687
843.862	0.40765
844.095	0.40733
844.327	0.4077
844.559	0.40766
844.791	0.40725
845.023	0.40728
845.255	0.40754
845.487	0.40779
845.719	0.40778
845.951	0.40776
846.183	0.40749
846.415	0.4079
846.647	0.40808
846.879	0.40698
847.111	0.40684
847.343	0.40648
847.575	0.40666
847.807	0.40698
848.039	0.40724
848.271	0.4073
848.502	0.40732
848.734	0.40786
848.966	0.40796
849.198	0.40831
849.43	0.40865
849.662	0.40916
849.893	0.40822
850.125	0.4093
850.357	0.40885
850.589	0.40836
850.82	0.40822
851.052	0.40907
851.284	0.40896
851.516	0.40867
851.747	0.40814
851.979	0.40791
852.211	0.40815
852.442	0.40833
852.674	0.40814
852.905	0.40771
853.137	0.40801
853.369	0.40891
853.6	0.40845
853.832	0.40856
854.063	0.40904
854.295	0.40948
854.526	0.40821
854.758	0.40896
854.989	0.40933
855.221	0.40959
855.452	0.40956
855.684	0.40989
855.915	0.41077
856.146	0.40947
856.378	0.41041
856.609	0.4094
856.841	0.41002
857.072	0.41058
857.303	0.40884
857.535	0.40896
857.766	0.40936
857.997	0.40914
858.229	0.4096
858.46	0.4093
858.691	0.4094
858.922	0.40916
859.154	0.40949
859.385	0.40944
859.616	0.40892
859.847	0.40882
860.078	0.40878
860.31	0.4093
860.541	0.40895
860.772	0.40992
861.003	0.40929
861.234	0.41038
861.465	0.41009
861.696	0.40988
861.927	0.41023
862.159	0.40978
862.39	0.41053
862.621	0.4103
862.852	0.41041
863.083	0.41062
863.314	0.40999
863.545	0.41025
863.776	0.41035
864.007	0.40988
864.237	0.40979
864.468	0.40997
864.699	0.40972
864.93	0.40995
865.161	0.40979
865.392	0.41018
865.623	0.40992
865.854	0.40964
866.084	0.41005
866.315	0.41062
866.546	0.4105
866.777	0.41121
867.008	0.41062
867.238	0.41111
867.469	0.41039
867.7	0.41125
867.931	0.41065
868.161	0.41129
868.392	0.41093
868.623	0.41051
868.853	0.41095
869.084	0.41097
869.315	0.4109
869.545	0.41062
869.776	0.41039
870.006	0.41044
870.237	0.41002
870.468	0.41048
870.698	0.41026
870.929	0.4101
871.159	0.41044
871.39	0.40977
871.62	0.41082
871.851	0.41127
872.081	0.41065
872.312	0.41055
872.542	0.4106
872.772	0.41101
873.003	0.41143
873.233	0.41162
873.464	0.41086
873.694	0.41193
873.924	0.4115
874.155	0.41247
874.385	0.41148
874.615	0.41096
874.846	0.41072
875.076	0.41103
875.306	0.41137
875.536	0.41122
875.767	0.41125
875.997	0.41147
876.227	0.41117
876.457	0.41015
876.688	0.41066
876.918	0.41112
877.148	0.41129
877.378	0.41091
877.608	0.41096
877.838	0.41092
878.068	0.41112
878.299	0.41081
878.529	0.41161
878.759	0.41196
878.989	0.41102
879.219	0.41126
879.449	0.41233
879.679	0.41184
879.909	0.4119
880.139	0.412
880.369	0.41237
880.599	0.4116
880.829	0.41231
881.059	0.41164
881.288	0.4118
881.518	0.41244
881.748	0.41172
881.978	0.41251
882.208	0.41128
882.438	0.4124
882.668	0.41175
882.897	0.41177
883.127	0.41166
883.357	0.41151
883.587	0.41188
883.817	0.41154
884.046	0.41179
884.276	0.41224
884.506	0.41186
884.736	0.41154
884.965	0.4117
885.195	0.4118
885.425	0.41182
885.654	0.41159
885.884	0.41101
886.113	0.41205
886.343	0.41211
886.573	0.4125
886.802	0.41259
887.032	0.41242
887.261	0.41306
887.491	0.41307
887.72	0.41302
887.95	0.4125
888.179	0.41335
888.409	0.41302
888.638	0.41266
888.868	0.41349
889.097	0.41289
889.327	0.41218
889.556	0.41284
889.786	0.41266
890.015	0.41234
890.244	0.41307
890.474	0.4129
890.703	0.41225
890.932	0.41233
891.162	0.41282
891.391	0.41208
891.62	0.41274
891.85	0.41214
892.079	0.41255
892.308	0.41179
892.537	0.4118
892.767	0.4122
892.996	0.41188
893.225	0.41262
893.454	0.41273
893.683	0.41308
893.912	0.41306
894.142	0.4136
894.371	0.41363
894.6	0.41347
894.829	0.41381
895.058	0.41287
895.287	0.41364
895.516	0.413
895.745	0.41336
895.974	0.41329
896.203	0.41249
896.432	0.4126
896.661	0.41274
896.89	0.41262
897.119	0.4129
897.348	0.41255
897.577	0.4125
897.806	0.41211
898.035	0.41192
898.264	0.41223
898.492	0.41204
898.721	0.41247
898.95	0.41233
899.179	0.41237
899.408	0.41251
899.637	0.41221
899.865	0.41212
900.094	0.41239
900.323	0.41209
900.552	0.4126
900.78	0.41283
901.009	0.41203
901.238	0.41243
901.467	0.41273
901.695	0.41295
901.924	0.41312
902.152	0.41239
902.381	0.41256
902.61	0.41264
902.838	0.41281
903.067	0.41232
903.296	0.41184
903.524	0.4111
903.753	0.41161
903.981	0.41153
904.21	0.41126
904.438	0.41099
904.667	0.41175
904.895	0.41149
905.124	0.41161
905.352	0.41234
905.581	0.41152
905.809	0.41172
906.037	0.41158
906.266	0.41239
906.494	0.41236
906.723	0.41215
906.951	0.41204
907.179	0.41247
907.408	0.41162
907.636	0.41234
907.864	0.41235
908.092	0.41252
908.321	0.41226
908.549	0.41191
908.777	0.41198
909.005	0.41228
909.234	0.41206
909.462	0.41235
909.69	0.4122
909.918	0.41149
910.146	0.41116
910.374	0.41117
910.603	0.41089
910.831	0.41132
911.059	0.41142
911.287	0.41198
911.515	0.41137
911.743	0.41132
911.971	0.41148
912.199	0.41208
912.427	0.41209
912.655	0.41156
912.883	0.4119
913.111	0.4123
913.339	0.41254
913.567	0.41185
913.795	0.41143
914.023	0.41166
914.251	0.41209
914.479	0.41264
914.707	0.41212
914.934	0.41205
915.162	0.41166
915.39	0.41174
915.618	0.41163
915.846	0.4115
916.074	0.41119
916.301	0.41089
916.529	0.41166
916.757	0.41134
916.985	0.4106
917.212	0.41059
917.44	0.41104
917.668	0.41018
917.895	0.4103
918.123	0.41049
918.351	0.41014
918.578	0.41032
918.806	0.41043
919.034	0.4108
919.261	0.4102
919.489	0.41008
919.716	0.41043
919.944	0.41018
920.171	0.41111
920.399	0.41093
920.626	0.41062
920.854	0.41055
921.081	0.41036
921.309	0.41041
921.536	0.4107
921.764	0.40992
921.991	0.41029
922.219	0.40967
922.446	0.41004
922.673	0.40996
922.901	0.40994
923.128	0.40958
923.355	0.40867
923.583	0.40904
923.81	0.4089
924.037	0.40925
924.265	0.40921
924.492	0.40828
924.719	0.4085
924.946	0.40889
925.174	0.40806
925.401	0.40892
925.628	0.40845
925.855	0.40891
926.082	0.4085
926.31	0.40883
926.537	0.40891
926.764	0.40872
926.991	0.40882
927.218	0.40879
927.445	0.40787
927.672	0.40869
927.899	0.40854
928.126	0.4086
928.353	0.40792
928.58	0.40752
928.807	0.40707
929.034	0.40742
929.261	0.40753
929.488	0.4077
929.715	0.40713
929.942	0.40699
930.169	0.40672
930.396	0.40661
930.623	0.40576
930.85	0.40588
931.077	0.40591
931.304	0.40568
931.53	0.40543
931.757	0.40547
931.984	0.40447
932.211	0.40443
932.438	0.40481
932.664	0.40468
932.891	0.4046
933.118	0.40449
933.345	0.40461
933.571	0.40371
933.798	0.4042
934.025	0.40461
934.251	0.4049
934.478	0.404
934.705	0.4044
934.931	0.40257
935.158	0.40449
935.384	0.40294
935.611	0.403
935.838	0.40235
936.064	0.40297
936.291	0.40237
936.517	0.40272
936.744	0.40258
936.97	0.40143
937.197	0.40102
937.423	0.40135
937.65	0.40139
937.876	0.40103
938.103	0.40115
938.329	0.4003
938.555	0.401
938.782	0.39992
939.008	0.40095
939.234	0.40033
939.461	0.39957
939.687	0.39971
939.913	0.3997
940.14	0.39889
940.366	0.39919
940.592	0.39895
940.819	0.39876
941.045	0.39882
941.271	0.39854
941.497	0.39844
941.723	0.39778
941.95	0.39789
942.176	0.39694
942.402	0.39785
942.628	0.39718
942.854	0.39705
943.08	0.39726
943.306	0.39632
943.533	0.39634
943.759	0.39623
943.985	0.39648
944.211	0.39532
944.437	0.39565
944.663	0.3944
944.889	0.39453
945.115	0.39369
945.341	0.39331
945.567	0.39358
945.793	0.39376
946.019	0.39343
946.244	0.39204
946.47	0.39267
946.696	0.39242
946.922	0.39217
947.148	0.39237
947.374	0.392
947.6	0.39171
947.825	0.39128
948.051	0.39171
948.277	0.39079
948.503	0.3908
948.729	0.39029
948.954	0.38945
949.18	0.38937
949.406	0.38899
949.631	0.38938
949.857	0.38831
950.083	0.38858
950.309	0.38769
950.534	0.38772
950.76	0.38699
950.985	0.38581
951.211	0.38634
951.437	0.38559
951.662	0.38547
951.888	0.38555
952.113	0.38378
952.339	0.38434
952.564	0.38334
952.79	0.38267
953.015	0.38265
953.241	0.38237
953.466	0.38164
953.692	0.38161
953.917	0.38082
954.143	0.38103
954.368	0.38012
954.593	0.37916
954.819	0.38074
955.044	0.37916
955.269	0.37792
955.495	0.37775
955.72	0.37757
955.945	0.37706
956.171	0.37678
956.396	0.37597
956.621	0.37651
956.847	0.37549
957.072	0.37531
957.297	0.37437
957.522	0.3738
957.747	0.37357
957.973	0.37302
958.198	0.37236
958.423	0.37236
958.648	0.37227
958.873	0.37141
959.098	0.37201
959.323	0.37203
959.548	0.37144
959.773	0.37085
959.999	0.37038
960.224	0.37077
960.449	0.36901
960.674	0.36959
960.899	0.36941
961.124	0.36944
961.349	0.36937
961.574	0.36954
961.798	0.3689
962.023	0.3689
962.248	0.36834
962.473	0.36823
962.698	0.36823
962.923	0.36789
963.148	0.36786
963.373	0.36741
963.597	0.36696
963.822	0.36715
964.047	0.3663
964.272	0.36691
964.497	0.36623
964.721	0.36561
964.946	0.36601
965.171	0.36593
965.395	0.36616
965.62	0.36533
965.845	0.36537
966.07	0.36481
966.294	0.36478
966.519	0.36451
966.743	0.36542
966.968	0.36499
967.193	0.36523
967.417	0.36466
967.642	0.3645
967.866	0.36411
968.091	0.36495
968.315	0.36409
968.54	0.36436
968.764	0.36353
968.989	0.36426
969.213	0.36372
969.438	0.36403
969.662	0.36448
969.887	0.36417
970.111	0.36381
970.336	0.36304
970.56	0.36343
970.784	0.36322
971.009	0.36377
971.233	0.36354
971.457	0.3632
971.682	0.36258
971.906	0.36271
972.13	0.36278
972.354	0.36315
972.579	0.36232
972.803	0.36274
973.027	0.36261
973.251	0.36301
973.476	0.36286
973.7	0.36287
973.924	0.36304
974.148	0.36223
974.372	0.36261
974.596	0.36252
974.82	0.36233
975.045	0.36227
975.269	0.36309
975.493	0.36311
975.717	0.36259
975.941	0.36235
976.165	0.3627
976.389	0.36266
976.613	0.36207
976.837	0.3619
977.061	0.36244
977.285	0.36268
977.509	0.3628
977.733	0.36157
977.957	0.36244
978.18	0.36214
978.404	0.36172
978.628	0.36207
978.852	0.36217
979.076	0.36158
979.3	0.36163
979.523	0.36194
979.747	0.36233
979.971	0.36255
980.195	0.36188
980.419	0.36167
980.642	0.36149
980.866	0.36221
981.09	0.3623
981.313	0.36329
981.537	0.36301
981.761	0.3615
981.984	0.36277
982.208	0.36241
982.432	0.3618
982.655	0.36222
982.879	0.3624
983.103	0.36237
983.326	0.36224
983.55	0.36261
983.773	0.36367
983.997	0.36287
984.22	0.36372
984.444	0.36315
984.667	0.36302
984.891	0.36343
985.114	0.3632
985.338	0.36362
985.561	0.3634
985.784	0.36322
986.008	0.36339
986.231	0.36352
986.455	0.36338
986.678	0.36415
986.901	0.36428
987.125	0.36397
987.348	0.3642
987.571	0.36367
987.794	0.36374
988.018	0.3643
988.241	0.36343
988.464	0.364
988.687	0.36442
988.911	0.36423
989.134	0.36358
989.357	0.36452
989.58	0.36536
989.803	0.36489
990.027	0.36505
990.25	0.36503
990.473	0.36479
990.696	0.36512
990.919	0.36536
991.142	0.36608
991.365	0.36607
991.588	0.36546
991.811	0.36488
992.034	0.36594
992.257	0.36586
992.48	0.36618
992.703	0.36646
992.926	0.36548
993.149	0.36576
993.372	0.36706
993.595	0.36629
993.818	0.3666
994.041	0.36684
994.263	0.36675
994.486	0.36667
994.709	0.36733
994.932	0.3674
995.155	0.3674
995.378	0.36715
995.6	0.36776
995.823	0.36742
996.046	0.36791
996.269	0.36826
996.491	0.36828
996.714	0.36832
996.937	0.36842
997.159	0.36892
997.382	0.36864
997.605	0.36966
997.827	0.36894
998.05	0.36912
998.273	0.37019
998.495	0.36957
998.718	0.37036
998.94	0.37071
999.163	0.37062
999.386	0.37062
999.608	0.3703
999.831	0.37073
1000.05	0.3706
1000.28	0.37115
1000.5	0.37117
1000.72	0.37084
1000.94	0.37215
1001.17	0.37199
1001.39	0.3709
1001.61	0.37219
1001.83	0.37205
1002.05	0.37211
1002.28	0.37284
1002.5	0.37152
1002.72	0.37249
1002.94	0.37249
1003.17	0.37346
1003.39	0.37304
1003.61	0.37241
1003.83	0.37353
1004.06	0.37228
1004.28	0.37378
1004.5	0.373
1004.72	0.37314
1004.94	0.37343
1005.17	0.37337
1005.39	0.37399